<shapes type=list>
	<scaling type=logical names=FALSE length=1 as.numeric=FALSE >NA</scaling>
	<landmarks.pixel type=matrix rownames=TRUE colnames=FALSE nrow=17 ncol=2 as.numeric=TRUE >
		pectoral_dors	247	346
		pectoral_vent	253	395
		premax_post	31	340
		eye_ant	192	246
		eye_post	254	239
		upper_jaw	27	327
		dorsal_ant	461	159
		dorsal_post	713	244
		caud_pedunc_dors	784	260
		caud_scale_dors	840	268
		caud_scale_vent	840	343
		caud_pedunc_vent	791	348
		anal_post	743	363
		anal_ant	509	470
		lower_jaw	21	342
		operc_vent	215	366
		oper_dor	224	303
	</landmarks.pixel>
	<curves.control type=list>
		<head type=matrix rownames=FALSE colnames=FALSE nrow=9 ncol=2 as.numeric=TRUE >
			27	327
			43	316
			69	305
			120	276
			169	237
			208	216
			270	190
			329	173
			461	159
		</head>
		<dorsal type=matrix rownames=FALSE colnames=FALSE nrow=5 ncol=2 as.numeric=TRUE >
			461	159
			499	161
			581	183
			642	208
			713	244
		</dorsal>
		<caudal_dors_ant type=matrix rownames=FALSE colnames=FALSE nrow=3 ncol=2 as.numeric=TRUE >
			713	244
			746	257
			784	260
		</caudal_dors_ant>
		<caud_dors_post type=matrix rownames=FALSE colnames=FALSE nrow=3 ncol=2 as.numeric=TRUE >
			784	260
			810	263
			840	268
		</caud_dors_post>
		<caud_vent_post type=matrix rownames=FALSE colnames=FALSE nrow=3 ncol=2 as.numeric=TRUE >
			840	343
			813	345
			791	348
		</caud_vent_post>
		<caudal_vent_ant type=matrix rownames=FALSE colnames=FALSE nrow=3 ncol=2 as.numeric=TRUE >
			791	348
			763	355
			743	363
		</caudal_vent_ant>
		<anal type=matrix rownames=FALSE colnames=FALSE nrow=3 ncol=2 as.numeric=TRUE >
			743	363
			633	429
			509	470
		</anal>
		<ventral_body type=matrix rownames=FALSE colnames=FALSE nrow=13 ncol=2 as.numeric=TRUE >
			509	470
			441	499
			420	545
			405	579
			332	543
			175	473
			120	434
			79	409
			61	397
			31	379
			21	360
			21	352
			21	342
		</ventral_body>
		<operculum type=matrix rownames=FALSE colnames=FALSE nrow=3 ncol=2 as.numeric=TRUE >
			215	366
			217	330
			224	303
		</operculum>
	</curves.control>
	<curves.pixel type=list>
		<head type=matrix rownames=FALSE colnames=FALSE nrow=446 ncol=2 as.numeric=TRUE >
			27	327
			28	327
			28	326
			29	326
			30	325
			31	324
			32	324
			33	323
			34	322
			35	322
			36	321
			37	321
			38	320
			39	320
			40	319
			41	318
			42	318
			43	317
			44	317
			45	316
			46	316
			47	315
			48	315
			49	314
			50	314
			51	313
			52	313
			53	312
			54	312
			55	311
			56	311
			57	310
			58	310
			59	309
			60	309
			61	309
			62	308
			63	308
			63	307
			64	307
			65	307
			66	306
			67	306
			68	305
			69	305
			70	304
			71	304
			72	303
			73	303
			74	302
			75	302
			76	301
			77	300
			78	300
			79	299
			80	299
			81	298
			82	297
			83	297
			84	296
			85	296
			86	295
			87	295
			88	294
			89	293
			90	292
			91	292
			92	291
			93	291
			94	290
			95	289
			96	289
			97	288
			98	288
			98	287
			99	287
			100	286
			101	286
			102	285
			103	284
			104	284
			105	283
			106	282
			107	282
			108	281
			109	281
			110	280
			111	279
			112	279
			113	278
			114	278
			114	277
			115	276
			116	276
			117	275
			118	274
			119	274
			120	273
			121	272
			122	272
			123	271
			124	270
			125	270
			126	269
			127	269
			128	268
			129	267
			130	267
			130	266
			131	265
			132	265
			133	264
			134	263
			135	263
			136	262
			137	261
			138	261
			139	260
			140	259
			141	259
			142	258
			143	257
			144	256
			145	255
			146	255
			147	254
			148	253
			149	252
			150	252
			151	251
			152	250
			153	250
			153	249
			154	248
			155	248
			156	247
			157	247
			157	246
			158	245
			159	245
			160	244
			161	244
			161	243
			162	242
			163	242
			164	241
			165	240
			166	239
			167	238
			168	238
			169	237
			170	237
			171	236
			172	235
			173	235
			174	234
			175	234
			176	233
			177	233
			178	232
			179	232
			180	231
			181	231
			182	230
			183	230
			184	229
			185	229
			186	228
			187	228
			188	227
			189	227
			190	226
			191	226
			192	225
			193	225
			194	224
			195	224
			196	223
			197	223
			198	222
			199	222
			200	221
			201	221
			202	220
			203	220
			204	220
			204	219
			205	219
			206	218
			207	218
			208	218
			209	217
			210	216
			211	216
			212	215
			213	215
			214	215
			215	214
			216	214
			217	213
			218	213
			219	212
			220	212
			221	211
			222	211
			223	210
			224	210
			225	210
			226	209
			227	209
			228	208
			229	208
			230	207
			231	207
			232	206
			233	206
			234	206
			235	205
			236	205
			237	204
			238	204
			239	203
			240	203
			241	203
			242	202
			243	202
			244	201
			245	201
			246	200
			247	200
			248	200
			249	199
			250	199
			251	198
			252	198
			253	197
			254	197
			255	196
			256	196
			257	196
			258	195
			259	195
			260	194
			261	194
			262	193
			263	193
			264	192
			265	192
			266	192
			267	191
			268	191
			269	191
			269	190
			270	190
			271	190
			272	189
			273	189
			274	189
			275	189
			276	188
			277	188
			278	188
			279	187
			280	187
			281	187
			282	187
			283	186
			284	186
			285	186
			286	186
			287	185
			288	185
			289	185
			290	185
			291	185
			292	184
			293	184
			294	184
			295	184
			296	183
			297	183
			298	183
			299	183
			300	183
			301	182
			302	182
			303	182
			304	182
			305	181
			306	181
			307	181
			308	181
			309	181
			310	180
			311	180
			312	180
			313	180
			314	180
			315	179
			316	179
			317	179
			318	179
			319	179
			320	179
			321	178
			322	178
			323	178
			324	178
			325	178
			326	177
			327	177
			328	177
			329	177
			330	177
			331	176
			332	176
			333	176
			334	176
			335	176
			336	176
			337	175
			338	175
			339	175
			340	175
			341	175
			342	175
			343	174
			344	174
			345	174
			346	174
			347	174
			348	174
			349	173
			350	173
			351	173
			352	173
			353	173
			354	173
			355	173
			356	172
			357	172
			358	172
			359	172
			360	172
			361	172
			362	171
			363	171
			364	171
			365	171
			366	171
			367	171
			368	171
			369	170
			370	170
			371	170
			372	170
			373	170
			374	170
			375	170
			376	169
			377	169
			378	169
			379	169
			380	169
			381	169
			382	169
			383	168
			384	168
			385	168
			386	168
			387	168
			388	168
			389	168
			390	167
			391	167
			392	167
			393	167
			394	167
			395	167
			396	167
			397	167
			398	166
			399	166
			400	166
			401	166
			402	166
			403	166
			404	166
			405	166
			406	165
			407	165
			408	165
			409	165
			410	165
			411	165
			412	165
			413	165
			414	164
			415	164
			416	164
			417	164
			418	164
			419	164
			420	164
			421	164
			422	163
			423	163
			424	163
			425	163
			426	163
			427	163
			428	163
			429	163
			430	162
			431	162
			432	162
			433	162
			434	162
			435	162
			436	162
			437	162
			438	161
			439	161
			440	161
			441	161
			442	161
			443	161
			444	161
			445	161
			446	161
			447	161
			447	160
			448	160
			449	160
			450	160
			451	160
			452	160
			453	160
			454	160
			455	160
			456	160
			457	159
			458	159
			459	159
			460	159
			461	159
		</head>
		<dorsal type=matrix rownames=FALSE colnames=FALSE nrow=263 ncol=2 as.numeric=TRUE >
			461	159
			462	159
			463	159
			464	159
			465	159
			466	159
			467	159
			468	159
			469	160
			470	160
			471	160
			472	160
			473	160
			474	160
			475	160
			476	160
			477	160
			478	161
			479	161
			480	161
			481	161
			482	161
			483	161
			484	161
			485	162
			486	162
			487	162
			488	162
			489	162
			490	162
			491	162
			491	163
			492	163
			493	163
			494	163
			495	163
			496	163
			497	164
			498	164
			499	164
			500	164
			501	164
			502	165
			503	165
			504	165
			505	165
			506	165
			507	165
			508	166
			509	166
			510	166
			511	166
			512	166
			513	167
			514	167
			515	167
			516	167
			517	167
			518	168
			519	168
			520	168
			521	168
			522	169
			523	169
			524	169
			525	169
			526	169
			527	170
			528	170
			529	170
			530	170
			531	171
			532	171
			533	171
			534	171
			535	171
			536	172
			537	172
			538	172
			539	172
			540	173
			541	173
			542	173
			543	173
			544	174
			545	174
			546	174
			547	174
			548	174
			549	175
			550	175
			551	175
			552	175
			553	176
			554	176
			555	176
			556	177
			557	177
			558	177
			559	177
			560	178
			561	178
			562	178
			563	178
			564	179
			565	179
			566	179
			567	179
			568	180
			569	180
			570	180
			571	180
			572	181
			573	181
			574	181
			575	181
			576	182
			577	182
			578	182
			579	182
			580	183
			581	183
			582	183
			582	184
			583	184
			584	184
			585	184
			585	185
			586	185
			587	185
			588	186
			589	186
			590	187
			591	187
			592	187
			593	188
			594	189
			595	189
			596	189
			597	190
			598	190
			599	191
			600	191
			601	191
			602	192
			603	192
			604	193
			605	193
			606	194
			607	194
			608	194
			609	195
			610	195
			611	196
			612	196
			613	196
			614	197
			615	197
			615	198
			616	198
			617	198
			618	199
			619	199
			620	200
			621	200
			622	201
			623	201
			624	201
			625	202
			626	202
			627	203
			628	203
			629	204
			630	204
			631	204
			632	205
			633	205
			634	206
			635	206
			636	207
			637	207
			638	208
			639	208
			640	208
			641	209
			642	209
			642	210
			643	210
			644	211
			645	211
			646	212
			647	212
			648	213
			649	213
			650	213
			651	214
			652	214
			653	215
			654	215
			655	216
			656	216
			657	217
			658	217
			659	218
			660	218
			661	219
			662	219
			663	220
			664	220
			665	221
			666	221
			667	222
			668	222
			669	222
			670	223
			671	223
			672	224
			673	224
			674	225
			675	225
			676	226
			677	226
			678	227
			679	227
			680	228
			681	228
			682	229
			683	229
			684	230
			685	230
			686	230
			687	231
			688	231
			689	232
			690	233
			691	233
			692	234
			693	234
			694	234
			694	235
			695	235
			696	235
			696	236
			697	236
			698	236
			698	237
			699	237
			700	237
			700	238
			701	238
			702	238
			702	239
			703	239
			704	240
			705	240
			706	241
			707	241
			708	241
			709	242
			710	243
			711	243
			712	244
			713	244
		</dorsal>
		<caudal_dors_ant type=matrix rownames=FALSE colnames=FALSE nrow=72 ncol=2 as.numeric=TRUE >
			713	244
			714	244
			715	245
			716	245
			717	245
			718	246
			719	246
			720	247
			721	247
			722	247
			723	248
			724	248
			725	248
			726	249
			727	249
			728	249
			729	250
			730	250
			731	250
			732	251
			733	251
			734	251
			735	251
			736	252
			737	252
			738	252
			739	253
			740	253
			741	253
			742	253
			743	254
			744	254
			745	254
			746	254
			747	254
			748	255
			749	255
			750	255
			751	255
			752	256
			753	256
			754	256
			755	256
			756	256
			757	257
			758	257
			759	257
			760	257
			761	257
			762	257
			763	258
			764	258
			765	258
			766	258
			767	258
			768	258
			769	258
			770	259
			771	259
			772	259
			773	259
			774	259
			775	259
			776	259
			777	259
			778	259
			779	260
			780	260
			781	260
			782	260
			783	260
			784	260
		</caudal_dors_ant>
		<caud_dors_post type=matrix rownames=FALSE colnames=FALSE nrow=57 ncol=2 as.numeric=TRUE >
			784	260
			785	260
			786	260
			787	260
			788	260
			789	261
			790	261
			791	261
			792	261
			793	261
			794	261
			795	261
			796	261
			797	262
			798	262
			799	262
			800	262
			801	262
			802	262
			803	262
			804	263
			805	263
			806	263
			807	263
			808	263
			809	263
			810	263
			811	264
			812	264
			813	264
			814	264
			815	264
			816	264
			817	264
			818	265
			819	265
			820	265
			821	265
			822	265
			823	265
			824	265
			825	266
			826	266
			827	266
			828	266
			829	266
			830	266
			831	267
			832	267
			833	267
			834	267
			835	267
			836	267
			837	268
			838	268
			839	268
			840	268
		</caud_dors_post>
		<caud_vent_post type=matrix rownames=FALSE colnames=FALSE nrow=51 ncol=2 as.numeric=TRUE >
			840	343
			839	343
			838	343
			837	343
			836	343
			835	343
			834	343
			833	344
			832	344
			831	344
			830	344
			829	344
			828	344
			827	344
			826	344
			825	344
			824	344
			823	344
			822	344
			822	345
			821	345
			820	345
			819	345
			818	345
			817	345
			816	345
			815	345
			814	345
			813	345
			812	346
			811	346
			810	346
			809	346
			808	346
			807	346
			806	346
			805	346
			804	346
			803	347
			802	347
			801	347
			800	347
			799	347
			798	347
			797	347
			796	347
			795	347
			794	348
			793	348
			792	348
			791	348
		</caud_vent_post>
		<caudal_vent_ant type=matrix rownames=FALSE colnames=FALSE nrow=50 ncol=2 as.numeric=TRUE >
			791	348
			790	348
			789	349
			788	349
			787	349
			786	349
			785	350
			784	350
			783	350
			782	350
			781	351
			780	351
			779	351
			778	351
			777	352
			776	352
			775	352
			774	352
			773	353
			772	353
			771	354
			770	354
			769	354
			768	354
			767	355
			766	355
			765	355
			764	356
			763	356
			762	356
			761	357
			760	357
			759	357
			758	358
			757	358
			756	358
			755	358
			754	359
			753	359
			752	359
			752	360
			751	360
			750	360
			749	361
			748	361
			747	361
			746	362
			745	362
			744	363
			743	363
		</caudal_vent_ant>
		<anal type=matrix rownames=FALSE colnames=FALSE nrow=240 ncol=2 as.numeric=TRUE >
			743	363
			742	364
			741	364
			740	365
			739	366
			738	366
			737	367
			736	367
			735	368
			734	369
			733	369
			732	370
			731	370
			730	371
			729	371
			728	372
			727	373
			726	373
			725	374
			724	374
			723	375
			722	375
			721	376
			720	376
			719	377
			718	377
			717	378
			716	379
			715	379
			714	380
			713	380
			712	381
			711	382
			710	382
			709	383
			708	383
			707	384
			706	384
			705	385
			704	385
			703	386
			702	386
			701	387
			700	388
			699	388
			698	389
			697	389
			696	390
			695	390
			694	391
			693	392
			692	392
			691	392
			691	393
			690	393
			689	393
			688	394
			687	394
			686	395
			685	396
			684	396
			683	396
			682	397
			681	398
			680	398
			679	399
			678	399
			677	400
			676	400
			675	401
			674	401
			673	402
			672	402
			671	403
			670	403
			669	404
			668	404
			667	405
			666	405
			665	406
			664	406
			663	407
			662	407
			661	408
			660	408
			659	409
			658	409
			657	410
			656	410
			655	411
			654	411
			653	412
			652	412
			651	413
			650	413
			649	414
			648	414
			647	415
			646	415
			645	415
			644	416
			643	416
			642	417
			641	417
			640	418
			639	418
			638	419
			637	419
			636	420
			635	420
			634	421
			633	421
			632	422
			631	422
			630	423
			629	423
			628	423
			627	424
			626	424
			625	425
			624	425
			623	426
			622	426
			621	427
			620	427
			619	428
			618	428
			617	428
			616	429
			615	429
			614	430
			613	430
			612	431
			611	431
			610	432
			609	432
			608	433
			607	433
			606	433
			605	434
			604	434
			603	434
			603	435
			602	435
			601	435
			600	436
			599	436
			598	437
			597	437
			596	437
			596	438
			595	438
			594	438
			593	439
			592	439
			591	440
			590	440
			589	440
			588	441
			587	441
			586	441
			586	442
			585	442
			584	442
			583	443
			582	443
			581	444
			580	444
			579	444
			578	445
			577	445
			576	446
			575	446
			574	447
			573	447
			572	447
			571	448
			570	448
			569	448
			568	449
			567	449
			566	450
			565	450
			564	450
			563	451
			562	451
			561	451
			560	452
			559	452
			558	453
			557	453
			556	453
			555	454
			554	454
			553	455
			552	455
			551	455
			550	456
			549	456
			548	456
			547	457
			546	457
			545	457
			545	458
			544	458
			543	458
			542	458
			541	459
			540	459
			539	460
			538	460
			537	460
			536	461
			535	461
			534	461
			533	462
			532	462
			531	463
			530	463
			529	463
			528	464
			527	464
			526	464
			525	465
			524	465
			523	465
			522	466
			521	466
			520	466
			519	467
			518	467
			517	467
			516	468
			515	468
			514	468
			513	469
			512	469
			511	469
			510	470
			509	470
		</anal>
		<ventral_body type=matrix rownames=FALSE colnames=FALSE nrow=562 ncol=2 as.numeric=TRUE >
			509	470
			508	471
			507	471
			506	471
			505	472
			504	472
			503	473
			502	473
			501	474
			500	474
			499	474
			498	475
			497	475
			496	476
			495	476
			494	477
			493	478
			492	478
			491	479
			490	479
			489	479
			489	480
			488	480
			487	480
			487	481
			486	481
			485	482
			484	482
			483	483
			482	483
			481	484
			480	484
			479	485
			478	486
			477	486
			476	487
			475	487
			474	488
			473	489
			472	489
			471	490
			470	491
			469	491
			468	492
			467	492
			466	493
			465	494
			464	494
			464	495
			463	496
			462	496
			461	497
			460	497
			459	498
			458	499
			457	499
			457	500
			456	501
			455	501
			454	502
			453	503
			452	504
			451	505
			450	506
			449	507
			448	507
			447	508
			446	509
			445	510
			444	511
			444	512
			443	512
			442	513
			441	514
			440	515
			440	516
			439	517
			438	518
			437	519
			436	519
			436	520
			435	521
			434	522
			434	523
			433	524
			432	525
			431	526
			431	527
			430	528
			429	528
			429	529
			428	530
			428	531
			427	532
			426	533
			426	534
			425	535
			425	536
			424	537
			424	538
			423	539
			423	540
			422	541
			422	542
			421	543
			421	544
			420	545
			420	546
			419	546
			419	547
			419	548
			418	548
			418	549
			418	550
			417	550
			417	551
			416	551
			416	552
			415	552
			415	553
			414	554
			413	554
			412	555
			411	556
			410	557
			409	558
			408	558
			407	559
			406	559
			405	559
			404	560
			403	560
			402	560
			401	561
			400	561
			399	561
			398	561
			397	561
			396	561
			395	561
			394	561
			393	561
			392	562
			391	562
			390	561
			389	561
			388	561
			387	561
			386	561
			385	561
			384	561
			383	561
			382	561
			381	561
			380	560
			379	560
			378	560
			377	560
			376	560
			375	559
			374	559
			373	559
			372	559
			371	558
			370	558
			369	558
			368	558
			367	557
			366	557
			365	557
			364	556
			363	556
			362	556
			361	555
			360	555
			359	555
			358	554
			357	554
			356	554
			355	553
			354	553
			353	553
			352	552
			351	551
			350	551
			349	551
			348	550
			347	550
			346	549
			345	549
			344	549
			343	548
			342	548
			341	547
			340	547
			339	546
			338	546
			337	545
			336	545
			335	544
			334	544
			333	543
			332	543
			331	543
			330	542
			329	542
			329	541
			328	541
			327	541
			326	540
			325	540
			324	539
			323	539
			322	538
			321	538
			320	538
			319	537
			318	537
			317	536
			316	536
			315	535
			314	535
			313	535
			312	534
			311	534
			310	533
			309	532
			308	532
			307	532
			306	531
			305	531
			304	530
			303	530
			302	530
			301	529
			300	529
			299	528
			298	528
			297	527
			296	527
			295	526
			294	526
			293	526
			292	525
			291	525
			291	524
			290	524
			289	523
			288	523
			287	523
			286	522
			285	522
			284	521
			283	521
			282	520
			281	520
			280	519
			279	519
			278	518
			277	518
			276	517
			275	517
			274	517
			273	516
			272	516
			272	515
			271	515
			270	515
			269	514
			268	514
			267	513
			266	513
			265	512
			264	512
			263	512
			263	511
			262	511
			261	510
			260	510
			259	510
			258	509
			257	509
			256	508
			255	508
			255	507
			254	507
			253	507
			252	506
			251	506
			250	505
			249	505
			248	504
			247	504
			246	503
			245	503
			244	502
			243	502
			242	501
			241	501
			240	500
			239	500
			238	499
			237	499
			236	498
			235	498
			234	497
			233	497
			232	496
			231	496
			230	496
			229	495
			228	495
			227	494
			226	494
			225	493
			224	493
			223	492
			222	492
			221	491
			220	490
			219	490
			218	490
			217	489
			216	489
			215	488
			214	488
			213	487
			212	487
			211	486
			210	486
			209	485
			208	485
			207	484
			206	484
			205	483
			204	483
			204	482
			203	482
			202	481
			201	481
			200	481
			199	480
			198	480
			197	479
			196	478
			195	478
			194	477
			193	477
			192	476
			191	476
			190	475
			189	475
			188	474
			187	473
			186	473
			185	472
			184	472
			183	471
			182	471
			181	470
			180	470
			179	469
			178	469
			177	468
			176	468
			175	467
			174	467
			173	466
			172	466
			171	465
			170	465
			170	464
			169	464
			168	463
			167	463
			166	462
			165	462
			164	461
			163	461
			163	460
			162	460
			161	459
			160	459
			159	458
			158	458
			157	458
			157	457
			156	457
			155	456
			154	456
			153	455
			152	454
			151	454
			150	453
			149	453
			148	452
			147	451
			146	451
			145	450
			144	450
			144	449
			143	449
			142	448
			141	448
			140	447
			139	447
			138	446
			137	445
			136	444
			135	444
			134	443
			133	443
			132	442
			131	441
			130	441
			129	440
			128	440
			127	439
			126	438
			125	437
			124	437
			123	436
			122	435
			121	435
			120	434
			119	433
			118	433
			117	432
			116	431
			115	431
			114	430
			113	430
			112	429
			111	428
			110	428
			109	427
			108	427
			107	426
			106	426
			105	425
			104	424
			103	424
			103	423
			102	423
			101	422
			100	422
			99	421
			98	421
			97	420
			96	420
			96	419
			95	419
			94	418
			93	418
			92	417
			91	416
			90	415
			89	415
			88	414
			87	414
			86	413
			85	413
			84	412
			84	411
			83	411
			82	410
			81	410
			80	409
			79	409
			79	408
			78	408
			77	407
			76	407
			75	406
			74	405
			73	405
			72	404
			71	404
			70	403
			69	402
			68	401
			67	401
			66	400
			65	400
			64	399
			63	399
			63	398
			62	398
			61	397
			60	396
			59	396
			58	395
			57	395
			57	394
			56	394
			55	393
			54	392
			53	392
			52	391
			51	391
			50	390
			49	389
			48	388
			47	388
			46	387
			45	386
			44	386
			43	385
			43	384
			42	384
			41	383
			40	382
			39	382
			38	381
			38	380
			37	380
			36	379
			35	378
			35	377
			34	377
			33	376
			33	375
			32	375
			31	374
			31	373
			30	373
			29	372
			29	371
			28	371
			28	370
			27	369
			27	368
			26	368
			25	367
			25	366
			24	366
			24	365
			24	364
			23	364
			23	363
			22	362
			22	361
			21	361
			21	360
			21	359
			21	358
			21	357
			21	356
			21	355
			21	354
			21	353
			21	352
			21	351
			21	350
			21	349
			21	348
			21	347
			21	346
			21	345
			21	344
			21	343
			21	342
		</ventral_body>
		<operculum type=matrix rownames=FALSE colnames=FALSE nrow=64 ncol=2 as.numeric=TRUE >
			215	366
			215	365
			215	364
			215	363
			215	362
			215	361
			215	360
			215	359
			216	358
			216	357
			216	356
			216	355
			216	354
			216	353
			216	352
			216	351
			216	350
			216	349
			216	348
			216	347
			217	346
			217	345
			217	344
			217	343
			217	342
			217	341
			217	340
			217	339
			217	338
			218	337
			218	336
			218	335
			218	334
			218	333
			218	332
			218	331
			219	330
			219	329
			219	328
			219	327
			219	326
			219	325
			220	324
			220	323
			220	322
			220	321
			220	320
			220	319
			221	318
			221	317
			221	316
			221	315
			221	314
			222	313
			222	312
			222	311
			222	310
			223	309
			223	308
			223	307
			223	306
			224	305
			224	304
			224	303
		</operculum>
	</curves.pixel>
</shapes>

