<shapes type=list>
	<scaling type=logical names=FALSE length=1 as.numeric=FALSE >NA</scaling>
	<landmarks.pixel type=matrix rownames=TRUE colnames=FALSE nrow=17 ncol=2 as.numeric=TRUE >
		pectoral_dors	185	438
		pectoral_vent	222	471
		premax_post	56	481
		eye_ant	93	323
		eye_post	162	306
		upper_jaw	21	481
		dorsal_ant	532	286
		dorsal_post	569	328
		caud_pedunc_dors	703	362
		caud_scale_dors	776	366
		caud_scale_vent	784	419
		caud_pedunc_vent	699	414
		anal_post	627	434
		anal_ant	589	454
		lower_jaw	40	507
		operc_vent	173	453
		oper_dor	190	380
	</landmarks.pixel>
	<curves.control type=list>
		<head type=matrix rownames=FALSE colnames=FALSE nrow=21 ncol=2 as.numeric=TRUE >
			21	481
			35	465
			42	454
			41	439
			71	416
			75	388
			82	351
			80	332
			69	320
			-20	321
			70	302
			113	275
			143	275
			183	238
			250	214
			331	200
			394	217
			443	234
			489	259
			512	273
			532	286
		</head>
		<dorsal type=matrix rownames=FALSE colnames=FALSE nrow=3 ncol=2 as.numeric=TRUE >
			532	286
			548	310
			569	328
		</dorsal>
		<caudal_dors_ant type=matrix rownames=FALSE colnames=FALSE nrow=15 ncol=2 as.numeric=TRUE >
			569	328
			581	333
			598	337
			618	343
			635	345
			655	346
			657	347
			656	348
			653	348
			648	349
			641	350
			634	350
			631	351
			644	353
			703	362
		</caudal_dors_ant>
		<caud_dors_post type=matrix rownames=FALSE colnames=FALSE nrow=3 ncol=2 as.numeric=TRUE >
			703	362
			739	364
			776	366
		</caud_dors_post>
		<caud_vent_post type=matrix rownames=FALSE colnames=FALSE nrow=3 ncol=2 as.numeric=TRUE >
			784	419
			734	417
			699	414
		</caud_vent_post>
		<caudal_vent_ant type=matrix rownames=FALSE colnames=FALSE nrow=21 ncol=2 as.numeric=TRUE >
			699	414
			676	415
			664	417
			652	419
			647	420
			647	421
			648	421
			649	421
			651	421
			654	421
			657	421
			662	422
			666	422
			660	423
			655	423
			649	424
			645	425
			639	428
			631	430
			628	432
			627	434
		</caudal_vent_ant>
		<anal type=matrix rownames=FALSE colnames=FALSE nrow=3 ncol=2 as.numeric=TRUE >
			627	434
			606	442
			589	454
		</anal>
		<ventral_body type=matrix rownames=FALSE colnames=FALSE nrow=27 ncol=2 as.numeric=TRUE >
			589	454
			575	465
			562	473
			552	477
			549	479
			550	482
			556	483
			564	483
			575	486
			590	489
			599	492
			605	494
			602	495
			594	495
			581	495
			558	495
			529	498
			499	502
			378	531
			261	542
			187	535
			133	519
			107	509
			86	501
			71	511
			50	513
			40	507
		</ventral_body>
		<operculum type=matrix rownames=FALSE colnames=FALSE nrow=3 ncol=2 as.numeric=TRUE >
			173	453
			188	420
			190	380
		</operculum>
	</curves.control>
	<curves.pixel type=list>
		<head type=matrix rownames=FALSE colnames=FALSE nrow=743 ncol=2 as.numeric=TRUE >
			21	481
			22	480
			22	479
			23	479
			24	478
			24	477
			25	476
			26	475
			27	474
			28	473
			29	472
			29	471
			30	470
			31	469
			32	468
			33	467
			34	466
			34	465
			35	464
			36	463
			37	462
			37	461
			38	460
			39	459
			39	458
			40	457
			40	456
			41	456
			41	455
			42	454
			42	453
			42	452
			42	451
			42	450
			42	449
			43	448
			43	447
			43	446
			44	445
			44	444
			45	443
			45	442
			46	441
			46	440
			47	439
			48	438
			48	437
			49	436
			50	435
			51	434
			52	433
			53	432
			54	431
			55	430
			56	429
			57	428
			58	427
			59	426
			60	425
			61	424
			62	424
			62	423
			63	422
			64	422
			65	421
			66	420
			67	419
			68	419
			68	418
			69	417
			70	417
			71	416
			71	415
			71	414
			71	413
			72	412
			72	411
			72	410
			72	409
			72	408
			72	407
			72	406
			73	405
			73	404
			73	403
			73	402
			73	401
			73	400
			74	399
			74	398
			74	397
			74	396
			74	395
			74	394
			75	393
			75	392
			75	391
			75	390
			75	389
			75	388
			75	387
			76	387
			76	386
			76	385
			76	384
			76	383
			76	382
			77	381
			77	380
			77	379
			77	378
			77	377
			77	376
			78	375
			78	374
			78	373
			78	372
			78	371
			78	370
			79	369
			79	368
			79	367
			79	366
			79	365
			80	364
			80	363
			80	362
			80	361
			80	360
			80	359
			81	358
			81	357
			81	356
			81	355
			81	354
			82	353
			82	352
			82	351
			82	350
			82	349
			82	348
			81	347
			81	346
			81	345
			81	344
			81	343
			80	342
			80	341
			80	340
			80	339
			79	338
			79	337
			79	336
			78	335
			78	334
			77	333
			77	332
			76	331
			76	330
			75	329
			75	328
			74	327
			73	326
			73	325
			72	324
			71	323
			71	322
			70	321
			69	320
			68	320
			67	320
			66	320
			65	320
			64	320
			63	320
			62	320
			61	320
			60	320
			59	320
			58	320
			57	320
			56	320
			55	320
			54	320
			53	320
			52	320
			51	320
			50	320
			49	320
			48	320
			47	320
			46	320
			45	320
			44	320
			43	320
			42	320
			41	320
			40	320
			39	319
			38	319
			37	319
			36	319
			35	319
			34	319
			33	319
			32	319
			31	319
			30	319
			29	318
			28	318
			27	318
			26	317
			25	317
			25	316
			25	315
			26	315
			27	314
			28	313
			29	313
			30	313
			31	312
			32	312
			33	311
			34	311
			35	311
			36	310
			37	310
			38	310
			39	310
			40	309
			41	309
			42	309
			43	308
			44	308
			45	308
			46	308
			47	307
			48	307
			49	307
			50	307
			51	306
			52	306
			53	306
			54	306
			55	305
			56	305
			57	305
			58	305
			59	304
			60	304
			61	304
			62	304
			63	303
			64	303
			65	303
			66	303
			67	303
			68	302
			69	302
			70	302
			71	302
			71	301
			72	301
			73	300
			74	300
			75	299
			76	298
			77	298
			78	297
			79	297
			80	296
			81	296
			82	295
			83	294
			84	294
			85	293
			86	293
			87	292
			88	292
			89	291
			90	290
			91	290
			92	290
			92	289
			93	289
			94	289
			94	288
			95	288
			96	288
			96	287
			97	287
			98	287
			98	286
			99	286
			100	286
			101	285
			102	285
			103	284
			104	284
			105	284
			105	283
			106	283
			107	283
			108	283
			109	282
			110	282
			111	281
			112	281
			113	281
			114	280
			115	280
			116	279
			117	279
			118	279
			119	279
			120	278
			121	278
			122	278
			123	278
			124	277
			125	277
			126	277
			127	277
			128	277
			129	276
			130	276
			131	276
			132	276
			133	276
			134	276
			135	275
			136	275
			137	275
			138	275
			139	275
			140	275
			141	275
			142	275
			143	275
			144	274
			145	273
			146	272
			147	272
			148	271
			148	270
			149	270
			150	269
			151	268
			152	267
			153	266
			154	265
			155	265
			156	264
			157	263
			158	262
			159	262
			160	261
			161	260
			162	259
			163	259
			164	258
			165	257
			166	256
			167	256
			168	255
			169	254
			170	253
			171	253
			172	252
			173	252
			173	251
			174	251
			175	250
			176	250
			177	249
			178	248
			179	248
			180	247
			181	247
			181	246
			182	246
			183	245
			184	245
			185	244
			186	244
			186	243
			187	243
			188	242
			189	242
			190	241
			191	241
			191	240
			192	240
			193	239
			194	239
			195	238
			196	238
			197	237
			198	237
			198	236
			199	236
			200	236
			201	235
			202	235
			203	234
			204	234
			205	233
			206	233
			207	232
			208	231
			209	231
			210	231
			211	230
			212	230
			213	229
			214	229
			215	228
			216	228
			217	227
			218	227
			219	226
			220	226
			221	225
			222	225
			223	225
			224	224
			225	224
			226	223
			227	223
			228	222
			229	222
			230	222
			231	221
			232	221
			233	220
			234	220
			235	220
			236	219
			237	219
			238	219
			239	218
			240	218
			241	217
			242	217
			243	217
			244	216
			245	216
			246	216
			247	215
			248	215
			249	215
			250	214
			251	214
			252	214
			253	214
			254	213
			255	213
			256	213
			257	213
			258	213
			259	213
			260	212
			261	212
			262	212
			263	212
			264	212
			265	212
			266	211
			267	211
			268	211
			269	211
			270	211
			271	211
			272	211
			273	211
			274	210
			275	210
			276	210
			277	210
			278	210
			279	210
			280	210
			281	210
			282	210
			283	210
			284	209
			285	209
			286	209
			287	209
			288	209
			289	209
			290	209
			291	209
			292	209
			293	209
			294	209
			295	209
			296	208
			297	208
			298	208
			299	208
			300	208
			301	208
			302	208
			303	208
			304	208
			305	208
			306	208
			307	208
			308	208
			309	208
			310	208
			311	208
			312	208
			313	208
			314	208
			315	208
			316	208
			317	208
			318	208
			319	208
			320	208
			321	208
			322	208
			323	208
			324	208
			325	208
			326	208
			327	208
			328	208
			329	208
			330	208
			331	208
			332	208
			333	208
			334	208
			335	208
			336	208
			337	208
			338	208
			339	208
			340	208
			341	208
			342	208
			343	209
			344	209
			345	209
			346	209
			347	209
			348	209
			349	209
			350	209
			351	209
			352	209
			353	209
			354	210
			355	210
			356	210
			357	210
			358	210
			359	210
			360	210
			361	210
			362	211
			363	211
			364	211
			365	211
			366	211
			367	211
			368	211
			369	212
			370	212
			371	212
			372	212
			373	212
			374	212
			375	213
			376	213
			377	213
			378	213
			379	214
			380	214
			381	214
			382	214
			383	214
			384	215
			385	215
			386	215
			387	215
			388	215
			389	216
			390	216
			391	216
			392	216
			393	217
			394	217
			395	217
			396	218
			397	218
			398	218
			399	219
			400	219
			401	219
			402	220
			403	220
			404	221
			405	221
			406	221
			407	222
			408	222
			409	223
			410	223
			411	223
			412	224
			413	224
			414	224
			415	225
			416	225
			417	225
			417	226
			418	226
			419	226
			420	227
			421	227
			422	227
			423	228
			424	228
			425	229
			426	229
			427	230
			428	230
			429	230
			430	231
			431	231
			432	232
			433	232
			434	232
			435	233
			436	233
			437	234
			438	234
			439	234
			440	235
			441	235
			441	236
			442	236
			443	236
			444	237
			445	237
			446	238
			447	238
			448	238
			449	239
			450	239
			451	240
			452	241
			453	241
			454	242
			455	242
			456	242
			457	243
			458	243
			459	244
			460	244
			461	244
			461	245
			462	245
			463	246
			464	246
			465	247
			466	247
			467	248
			468	248
			469	249
			470	249
			471	249
			472	250
			473	250
			474	251
			475	252
			476	252
			477	253
			478	253
			479	254
			480	254
			481	255
			482	255
			483	256
			484	256
			484	257
			485	257
			486	257
			487	258
			488	258
			488	259
			489	259
			490	260
			491	260
			492	261
			493	261
			494	262
			495	263
			496	263
			497	264
			498	264
			499	265
			500	265
			500	266
			501	267
			502	267
			503	268
			504	268
			505	269
			506	269
			507	270
			508	270
			509	271
			509	272
			510	272
			511	273
			512	273
			513	274
			514	274
			515	275
			516	275
			516	276
			517	277
			518	277
			519	278
			520	278
			521	279
			522	279
			522	280
			523	280
			524	281
			525	281
			526	282
			527	283
			528	284
			529	284
			530	285
			531	286
			532	286
		</head>
		<dorsal type=matrix rownames=FALSE colnames=FALSE nrow=49 ncol=2 as.numeric=TRUE >
			532	286
			533	287
			533	288
			534	289
			535	290
			536	291
			536	292
			537	293
			538	294
			538	295
			539	296
			540	297
			541	298
			541	299
			542	300
			543	301
			544	302
			544	303
			545	304
			546	305
			547	306
			548	307
			549	308
			550	309
			550	310
			551	310
			552	311
			552	312
			553	312
			553	313
			554	314
			555	315
			556	316
			557	317
			558	318
			559	319
			560	319
			560	320
			561	321
			562	322
			563	322
			563	323
			564	324
			565	324
			566	325
			566	326
			567	326
			568	327
			569	328
		</dorsal>
		<caudal_dors_ant type=matrix rownames=FALSE colnames=FALSE nrow=191 ncol=2 as.numeric=TRUE >
			569	328
			570	328
			571	329
			572	329
			573	329
			574	330
			575	330
			576	331
			577	331
			578	331
			579	332
			580	332
			581	332
			582	333
			583	333
			584	333
			585	334
			586	334
			587	334
			588	335
			589	335
			590	335
			591	335
			592	335
			592	336
			593	336
			594	336
			595	336
			596	337
			597	337
			598	337
			599	337
			600	338
			601	338
			602	338
			603	338
			604	339
			605	339
			606	339
			607	340
			608	340
			609	340
			610	340
			611	341
			612	341
			613	341
			614	341
			615	342
			616	342
			617	342
			618	342
			619	342
			620	343
			621	343
			622	343
			623	343
			624	343
			625	344
			626	344
			627	344
			628	344
			629	344
			630	344
			631	344
			631	345
			632	345
			633	345
			634	345
			635	345
			636	345
			637	345
			638	345
			639	345
			640	345
			641	345
			642	345
			643	345
			644	345
			644	346
			645	346
			646	346
			647	346
			648	346
			649	346
			650	346
			651	346
			652	346
			653	346
			654	346
			655	346
			656	347
			657	347
			656	348
			655	348
			654	348
			653	348
			652	348
			651	348
			650	349
			649	349
			648	349
			647	349
			646	349
			645	349
			644	350
			643	350
			642	350
			641	350
			640	350
			639	350
			638	350
			637	350
			636	350
			635	350
			634	350
			633	351
			632	351
			631	351
			632	351
			633	351
			634	351
			635	352
			636	352
			637	352
			638	352
			639	352
			640	352
			641	353
			642	353
			643	353
			644	353
			645	353
			646	353
			647	353
			648	354
			649	354
			650	354
			651	354
			652	354
			653	354
			654	354
			655	355
			656	355
			657	355
			658	355
			659	355
			660	355
			661	356
			662	356
			663	356
			664	356
			665	356
			666	356
			667	357
			668	357
			669	357
			670	357
			671	357
			672	357
			673	357
			674	358
			675	358
			676	358
			677	358
			678	358
			679	358
			680	359
			681	359
			682	359
			683	359
			684	359
			685	359
			686	359
			687	360
			688	360
			689	360
			690	360
			691	360
			692	360
			693	361
			694	361
			695	361
			696	361
			697	361
			698	361
			699	361
			700	361
			700	362
			701	362
			702	362
			703	362
		</caudal_dors_ant>
		<caud_dors_post type=matrix rownames=FALSE colnames=FALSE nrow=74 ncol=2 as.numeric=TRUE >
			703	362
			704	362
			705	362
			706	362
			707	362
			708	362
			709	362
			710	362
			711	362
			712	362
			713	363
			714	363
			715	363
			716	363
			717	363
			718	363
			719	363
			720	363
			721	363
			722	363
			723	363
			724	363
			725	363
			726	363
			727	363
			728	363
			729	363
			730	363
			731	364
			732	364
			733	364
			734	364
			735	364
			736	364
			737	364
			738	364
			739	364
			740	364
			741	364
			742	364
			743	364
			744	364
			745	364
			746	364
			747	364
			748	364
			749	365
			750	365
			751	365
			752	365
			753	365
			754	365
			755	365
			756	365
			757	365
			758	365
			759	365
			760	365
			761	365
			762	365
			763	365
			764	365
			765	365
			766	365
			767	366
			768	366
			769	366
			770	366
			771	366
			772	366
			773	366
			774	366
			775	366
			776	366
		</caud_dors_post>
		<caud_vent_post type=matrix rownames=FALSE colnames=FALSE nrow=86 ncol=2 as.numeric=TRUE >
			784	419
			783	419
			782	419
			781	419
			780	419
			779	419
			778	419
			777	419
			776	419
			775	419
			774	419
			773	419
			772	418
			771	418
			770	418
			769	418
			768	418
			767	418
			766	418
			765	418
			764	418
			763	418
			762	418
			761	418
			760	418
			759	418
			758	418
			757	418
			756	418
			755	418
			754	418
			753	418
			752	418
			751	417
			750	417
			749	417
			748	417
			747	417
			746	417
			745	417
			744	417
			743	417
			742	417
			741	417
			740	417
			739	417
			738	417
			737	417
			736	417
			735	417
			734	417
			733	416
			732	416
			731	416
			730	416
			729	416
			728	416
			727	416
			726	416
			725	416
			724	416
			723	416
			722	416
			721	416
			720	416
			719	416
			718	415
			717	415
			716	415
			715	415
			714	415
			713	415
			712	415
			711	415
			710	415
			709	415
			708	415
			707	415
			706	415
			705	414
			704	414
			703	414
			702	414
			701	414
			700	414
			699	414
		</caud_vent_post>
		<caudal_vent_ant type=matrix rownames=FALSE colnames=FALSE nrow=115 ncol=2 as.numeric=TRUE >
			699	414
			698	414
			697	414
			696	414
			695	414
			694	414
			693	414
			692	414
			691	414
			690	414
			689	415
			688	415
			687	415
			686	415
			685	415
			684	415
			683	415
			682	415
			681	415
			680	415
			679	415
			678	415
			677	415
			676	416
			675	416
			674	416
			673	416
			672	416
			671	416
			670	416
			669	416
			668	416
			667	417
			666	417
			665	417
			664	417
			663	417
			662	417
			661	417
			660	418
			659	418
			658	418
			657	418
			656	418
			655	419
			654	419
			653	419
			652	419
			651	419
			650	419
			649	420
			648	420
			647	420
			647	421
			648	421
			649	421
			650	421
			651	421
			652	421
			653	421
			654	421
			655	421
			656	421
			657	421
			658	421
			659	421
			660	421
			661	422
			662	422
			663	422
			664	422
			665	422
			666	422
			665	422
			664	422
			663	422
			662	423
			661	423
			660	423
			659	423
			658	423
			657	423
			656	423
			655	423
			654	423
			653	423
			652	423
			652	424
			651	424
			650	424
			649	424
			648	424
			647	425
			646	425
			645	425
			644	426
			643	426
			642	426
			641	427
			640	427
			639	428
			638	428
			637	428
			636	429
			635	429
			634	429
			633	430
			632	430
			631	430
			630	430
			630	431
			629	431
			628	432
			628	433
			627	434
		</caudal_vent_ant>
		<anal type=matrix rownames=FALSE colnames=FALSE nrow=45 ncol=2 as.numeric=TRUE >
			627	434
			626	434
			625	435
			624	435
			623	436
			622	436
			621	436
			620	437
			619	437
			618	438
			617	438
			616	439
			615	439
			614	439
			614	440
			613	440
			612	440
			612	441
			611	441
			610	441
			610	442
			609	442
			608	442
			608	443
			607	443
			606	444
			605	444
			604	445
			603	445
			602	446
			601	446
			600	447
			599	447
			598	448
			597	448
			597	449
			596	450
			595	450
			594	451
			593	451
			592	452
			591	452
			591	453
			590	453
			589	454
		</anal>
		<ventral_body type=matrix rownames=FALSE colnames=FALSE nrow=667 ncol=2 as.numeric=TRUE >
			589	454
			588	454
			588	455
			587	455
			587	456
			586	456
			585	457
			584	458
			583	459
			582	459
			581	460
			580	461
			579	462
			578	462
			577	463
			576	464
			575	465
			574	465
			573	466
			572	467
			571	467
			570	468
			569	469
			568	469
			567	470
			566	471
			565	471
			564	472
			563	473
			562	473
			561	473
			560	474
			559	474
			558	475
			557	475
			556	475
			555	476
			554	476
			553	477
			552	477
			551	478
			550	478
			549	479
			549	480
			550	481
			551	481
			552	482
			553	482
			554	483
			555	483
			556	483
			557	483
			558	483
			559	483
			560	483
			561	483
			562	483
			563	483
			563	484
			564	484
			565	484
			566	484
			567	484
			568	484
			569	485
			570	485
			571	485
			572	485
			573	485
			574	486
			575	486
			576	486
			577	486
			578	487
			579	487
			580	487
			581	487
			582	487
			583	488
			584	488
			585	488
			586	488
			587	489
			588	489
			589	489
			590	489
			591	490
			592	490
			593	490
			594	490
			595	491
			596	491
			597	491
			598	492
			599	492
			600	492
			601	493
			602	493
			603	494
			602	495
			601	495
			600	495
			599	495
			598	495
			597	495
			596	495
			595	495
			594	495
			593	495
			592	495
			591	495
			590	495
			589	495
			588	495
			587	495
			586	495
			585	495
			584	495
			583	495
			582	495
			581	495
			580	495
			579	495
			578	495
			577	495
			576	495
			575	495
			574	495
			573	495
			572	495
			571	495
			570	495
			569	495
			568	495
			567	495
			566	495
			565	495
			564	495
			563	495
			562	495
			561	496
			560	496
			559	496
			558	496
			557	496
			556	496
			555	496
			554	496
			553	496
			552	496
			551	496
			550	496
			549	496
			548	496
			547	496
			546	496
			545	497
			544	497
			543	497
			542	497
			541	497
			540	497
			539	497
			538	497
			537	497
			536	497
			535	497
			534	498
			533	498
			532	498
			531	498
			530	498
			529	498
			528	498
			527	498
			526	498
			525	499
			524	499
			523	499
			522	499
			521	499
			520	499
			519	500
			518	500
			517	500
			516	500
			515	500
			514	501
			513	501
			512	501
			511	501
			510	501
			509	501
			508	502
			507	502
			506	502
			505	502
			504	502
			503	503
			502	503
			501	503
			500	503
			499	503
			498	504
			497	504
			496	504
			495	504
			494	504
			493	505
			492	505
			491	505
			490	505
			489	506
			488	506
			487	506
			486	506
			485	506
			484	507
			483	507
			482	507
			481	507
			480	507
			479	508
			478	508
			477	508
			476	508
			475	508
			474	509
			473	509
			472	509
			471	509
			470	510
			469	510
			468	510
			467	510
			466	511
			465	511
			464	511
			463	511
			462	511
			461	512
			460	512
			459	512
			458	512
			457	513
			456	513
			455	513
			454	513
			453	514
			452	514
			451	514
			450	514
			449	514
			448	515
			447	515
			446	515
			445	515
			444	516
			443	516
			442	516
			441	516
			440	516
			439	517
			438	517
			437	517
			436	517
			435	518
			434	518
			433	518
			432	518
			431	518
			430	519
			429	519
			428	519
			427	519
			426	520
			425	520
			424	520
			423	520
			422	521
			421	521
			420	521
			419	521
			418	521
			417	522
			416	522
			415	522
			414	522
			413	523
			412	523
			411	523
			410	523
			409	524
			408	524
			407	524
			406	524
			405	525
			404	525
			403	525
			402	525
			401	526
			400	526
			399	526
			398	526
			397	526
			397	527
			396	527
			395	527
			394	527
			393	527
			392	528
			391	528
			390	528
			389	528
			388	529
			387	529
			386	529
			385	529
			384	530
			383	530
			382	530
			381	530
			380	531
			379	531
			378	531
			377	531
			376	531
			375	531
			374	531
			373	531
			372	532
			371	532
			370	532
			369	532
			368	532
			367	532
			366	532
			365	532
			364	532
			363	532
			362	532
			361	532
			361	533
			360	533
			359	533
			358	533
			357	533
			356	533
			355	533
			354	533
			353	533
			352	533
			351	533
			350	533
			349	533
			348	534
			347	534
			346	534
			345	534
			344	534
			343	534
			342	534
			341	534
			340	534
			339	534
			338	534
			337	534
			336	534
			335	535
			334	535
			333	535
			332	535
			331	535
			330	535
			329	535
			328	535
			327	535
			326	535
			325	535
			324	535
			323	535
			322	535
			321	535
			320	535
			319	536
			318	536
			317	536
			316	536
			315	536
			314	536
			313	536
			312	536
			311	536
			310	536
			309	536
			308	536
			307	536
			306	536
			305	536
			304	536
			303	536
			302	536
			301	537
			300	537
			299	537
			298	537
			297	537
			296	537
			295	537
			294	537
			293	537
			292	537
			291	537
			290	537
			289	537
			288	537
			287	537
			286	537
			285	537
			284	537
			283	537
			282	537
			281	537
			280	537
			279	537
			278	537
			277	537
			276	537
			275	537
			274	537
			273	537
			272	538
			271	538
			270	538
			269	538
			268	538
			267	538
			266	538
			265	538
			264	538
			263	538
			262	538
			261	538
			260	538
			259	538
			258	538
			257	538
			256	538
			255	538
			254	538
			253	538
			252	538
			251	538
			250	538
			249	538
			248	538
			247	538
			246	538
			245	538
			244	538
			243	538
			242	538
			241	538
			240	538
			239	538
			238	538
			237	538
			236	538
			235	538
			234	538
			233	538
			232	538
			231	537
			230	537
			229	537
			228	537
			227	537
			226	537
			225	537
			224	537
			223	537
			222	537
			221	537
			220	537
			219	537
			218	537
			217	537
			216	537
			215	537
			214	537
			213	537
			212	537
			211	537
			210	537
			209	537
			208	537
			207	536
			206	536
			205	536
			204	536
			203	536
			202	536
			201	536
			200	536
			199	536
			198	536
			197	536
			196	536
			195	536
			194	536
			193	536
			193	535
			192	535
			191	535
			190	535
			189	535
			188	535
			187	535
			186	535
			185	534
			184	534
			183	534
			182	534
			181	533
			180	533
			179	533
			178	532
			177	532
			176	532
			175	531
			174	531
			173	531
			172	530
			171	530
			170	530
			169	530
			168	529
			167	529
			166	529
			165	528
			164	528
			163	528
			162	528
			161	527
			160	527
			159	527
			159	526
			158	526
			157	526
			156	526
			155	525
			154	525
			153	525
			152	524
			151	524
			150	524
			149	523
			148	523
			147	523
			146	522
			145	522
			144	522
			143	521
			142	521
			141	521
			140	520
			139	520
			138	520
			137	520
			136	519
			135	519
			134	519
			133	518
			132	518
			131	517
			130	517
			129	517
			128	516
			127	516
			126	516
			125	515
			124	515
			123	515
			122	514
			121	514
			120	514
			119	513
			118	513
			117	513
			116	512
			115	512
			114	512
			113	511
			112	511
			111	510
			110	510
			109	510
			108	509
			107	509
			106	509
			105	508
			104	508
			103	508
			102	507
			101	507
			100	507
			99	507
			99	506
			98	506
			97	506
			96	506
			95	506
			94	506
			93	506
			92	506
			91	505
			90	505
			89	505
			88	505
			87	506
			86	506
			85	506
			84	506
			83	506
			82	506
			81	507
			80	507
			79	507
			78	508
			77	508
			76	508
			75	509
			74	509
			73	510
			72	510
			71	511
			70	511
			69	511
			68	511
			67	511
			66	511
			65	511
			64	511
			63	511
			62	511
			61	511
			60	511
			59	511
			58	511
			57	511
			56	511
			55	511
			54	511
			53	511
			52	511
			51	511
			50	511
			49	510
			48	510
			47	510
			46	510
			45	509
			44	509
			43	509
			42	508
			41	507
			40	507
		</ventral_body>
		<operculum type=matrix rownames=FALSE colnames=FALSE nrow=74 ncol=2 as.numeric=TRUE >
			173	453
			173	452
			174	451
			174	450
			175	449
			175	448
			176	447
			176	446
			176	445
			177	444
			177	443
			178	442
			178	441
			178	440
			179	439
			179	438
			179	437
			180	436
			180	435
			180	434
			181	433
			181	432
			181	431
			182	430
			182	429
			182	428
			182	427
			183	426
			183	425
			183	424
			184	423
			184	422
			184	421
			184	420
			185	419
			185	418
			185	417
			185	416
			185	415
			186	414
			186	413
			186	412
			186	411
			186	410
			187	409
			187	408
			187	407
			187	406
			187	405
			188	404
			188	403
			188	402
			188	401
			188	400
			188	399
			188	398
			189	397
			189	396
			189	395
			189	394
			189	393
			189	392
			189	391
			189	390
			189	389
			189	388
			190	387
			190	386
			190	385
			190	384
			190	383
			190	382
			190	381
			190	380
		</operculum>
	</curves.pixel>
</shapes>

