<shapes type=list>
	<scaling type=logical names=FALSE length=1 as.numeric=FALSE >NA</scaling>
	<landmarks.pixel type=matrix rownames=TRUE colnames=FALSE nrow=17 ncol=2 as.numeric=TRUE >
		pectoral_dors	169	262
		pectoral_vent	177	281
		premax_post	35	232
		eye_ant	119	195
		eye_post	155	193
		upper_jaw	25	217
		dorsal_ant	276	110
		dorsal_post	422	191
		caud_pedunc_dors	440	198
		caud_scale_dors	470	191
		caud_scale_vent	470	274
		caud_pedunc_vent	443	267
		anal_post	425	273
		anal_ant	290	357
		lower_jaw	20	228
		operc_vent	152	269
		oper_dor	158	242
	</landmarks.pixel>
	<curves.control type=list>
		<head type=matrix rownames=FALSE colnames=FALSE nrow=13 ncol=2 as.numeric=TRUE >
			25	217
			44	203
			71	199
			90	183
			105	167
			130	146
			156	136
			185	135
			211	131
			246	127
			265	120
			271	114
			276	110
		</head>
		<dorsal type=matrix rownames=FALSE colnames=FALSE nrow=5 ncol=2 as.numeric=TRUE >
			276	110
			318	118
			367	143
			398	165
			422	191
		</dorsal>
		<caudal_dors_ant type=matrix rownames=FALSE colnames=FALSE nrow=5 ncol=2 as.numeric=TRUE >
			422	191
			420	195
			428	197
			436	198
			440	198
		</caudal_dors_ant>
		<caud_dors_post type=matrix rownames=FALSE colnames=FALSE nrow=3 ncol=2 as.numeric=TRUE >
			440	198
			455	192
			470	191
		</caud_dors_post>
		<caud_vent_post type=matrix rownames=FALSE colnames=FALSE nrow=3 ncol=2 as.numeric=TRUE >
			470	274
			455	272
			443	267
		</caud_vent_post>
		<caudal_vent_ant type=matrix rownames=FALSE colnames=FALSE nrow=3 ncol=2 as.numeric=TRUE >
			443	267
			434	269
			425	273
		</caudal_vent_ant>
		<anal type=matrix rownames=FALSE colnames=FALSE nrow=5 ncol=2 as.numeric=TRUE >
			425	273
			395	320
			355	336
			319	358
			290	357
		</anal>
		<ventral_body type=matrix rownames=FALSE colnames=FALSE nrow=21 ncol=2 as.numeric=TRUE >
			290	357
			277	355
			257	355
			251	366
			251	378
			239	385
			235	393
			224	396
			214	405
			184	410
			172	396
			155	380
			136	346
			112	317
			78	297
			61	279
			43	262
			30	251
			22	241
			20	233
			20	228
		</ventral_body>
		<operculum type=matrix rownames=FALSE colnames=FALSE nrow=5 ncol=2 as.numeric=TRUE >
			152	269
			150	266
			152	255
			155	246
			158	242
		</operculum>
	</curves.control>
	<curves.pixel type=list>
		<head type=matrix rownames=FALSE colnames=FALSE nrow=270 ncol=2 as.numeric=TRUE >
			25	217
			26	216
			27	216
			27	215
			28	215
			29	214
			30	214
			31	213
			32	213
			33	212
			33	211
			34	211
			35	211
			36	210
			37	210
			38	209
			39	209
			40	208
			41	208
			42	207
			43	207
			44	206
			45	206
			46	206
			46	205
			47	205
			48	205
			49	204
			50	204
			51	204
			52	203
			53	203
			54	203
			55	202
			56	202
			57	202
			58	202
			59	201
			60	201
			61	201
			62	201
			63	200
			64	200
			65	200
			66	200
			67	200
			68	200
			69	199
			70	199
			71	199
			72	199
			72	198
			73	197
			74	197
			74	196
			75	196
			76	195
			76	194
			77	194
			78	193
			79	192
			80	191
			81	190
			82	189
			83	189
			83	188
			84	187
			85	187
			86	186
			87	185
			88	184
			89	183
			90	182
			91	181
			92	180
			93	180
			93	179
			94	178
			95	177
			96	176
			97	175
			98	175
			99	174
			99	173
			100	172
			101	171
			102	170
			103	169
			104	168
			105	167
			106	166
			107	165
			108	164
			109	164
			110	163
			111	162
			112	161
			113	161
			114	160
			115	159
			116	158
			117	158
			118	157
			119	156
			120	156
			121	155
			122	154
			123	154
			124	153
			125	152
			126	152
			127	151
			128	150
			129	150
			129	149
			130	149
			131	148
			132	147
			133	147
			134	146
			135	146
			136	145
			137	145
			138	144
			139	144
			140	143
			141	143
			142	142
			143	142
			144	141
			145	141
			146	140
			147	140
			148	139
			149	139
			150	138
			151	138
			152	138
			153	137
			154	137
			155	136
			156	136
			157	136
			158	136
			159	136
			160	136
			161	136
			162	136
			163	136
			164	136
			165	136
			166	136
			167	136
			168	135
			169	135
			170	135
			171	135
			172	135
			173	135
			174	135
			175	135
			176	135
			177	135
			178	135
			179	135
			180	135
			181	135
			181	134
			182	134
			183	134
			184	134
			185	134
			186	134
			187	134
			188	134
			189	134
			190	134
			191	134
			192	133
			193	133
			194	133
			195	133
			196	133
			197	133
			198	133
			199	133
			200	132
			201	132
			202	132
			203	132
			204	132
			205	132
			206	132
			207	132
			208	132
			208	131
			209	131
			210	131
			211	131
			212	131
			213	131
			214	131
			215	131
			215	130
			216	130
			217	130
			218	130
			219	130
			220	130
			221	130
			222	130
			223	129
			224	129
			225	129
			226	129
			227	129
			228	129
			229	129
			230	128
			231	128
			232	128
			233	128
			234	128
			235	128
			235	127
			236	127
			237	127
			238	127
			239	127
			240	127
			241	127
			241	126
			242	126
			243	126
			244	126
			245	126
			246	126
			246	125
			247	125
			248	125
			249	125
			250	124
			251	124
			252	124
			253	124
			254	124
			255	123
			256	123
			257	123
			258	122
			259	122
			260	122
			261	121
			262	121
			263	121
			264	121
			264	120
			265	120
			266	119
			267	118
			268	117
			269	116
			270	115
			271	115
			272	114
			273	113
			274	112
			274	111
			275	111
			276	110
		</head>
		<dorsal type=matrix rownames=FALSE colnames=FALSE nrow=156 ncol=2 as.numeric=TRUE >
			276	110
			277	110
			278	110
			279	111
			280	111
			281	111
			282	111
			283	111
			284	112
			285	112
			286	112
			287	112
			288	113
			289	113
			290	113
			291	113
			292	114
			293	114
			294	114
			295	114
			296	115
			297	115
			298	115
			299	116
			300	116
			301	116
			302	116
			303	117
			304	117
			305	117
			306	118
			307	118
			308	118
			309	119
			310	119
			311	119
			312	119
			313	120
			314	120
			315	121
			316	121
			317	121
			318	122
			319	122
			320	122
			320	123
			321	123
			322	123
			323	124
			324	124
			325	124
			326	125
			327	125
			328	125
			329	126
			330	126
			331	126
			332	127
			333	127
			334	128
			335	128
			336	129
			337	129
			338	129
			338	130
			339	130
			340	130
			341	131
			342	131
			343	132
			344	132
			345	132
			346	133
			347	133
			347	134
			348	134
			349	134
			350	135
			351	135
			352	135
			352	136
			353	136
			354	137
			355	137
			356	137
			357	138
			358	138
			358	139
			359	139
			360	140
			361	140
			362	140
			363	141
			364	142
			365	142
			366	143
			367	143
			368	144
			369	144
			369	145
			370	145
			371	146
			372	146
			373	147
			374	148
			375	149
			376	149
			377	150
			377	151
			378	151
			379	152
			380	152
			380	153
			381	154
			382	154
			383	155
			384	156
			385	157
			386	157
			387	158
			388	159
			389	160
			390	161
			391	162
			392	163
			393	164
			394	164
			395	165
			396	166
			397	167
			398	168
			399	169
			400	170
			401	171
			402	171
			403	172
			404	173
			405	174
			406	175
			407	176
			408	177
			409	178
			410	179
			411	180
			412	180
			413	181
			414	182
			415	183
			415	184
			416	185
			417	186
			418	187
			419	188
			420	189
			421	190
			422	191
		</dorsal>
		<caudal_dors_ant type=matrix rownames=FALSE colnames=FALSE nrow=22 ncol=2 as.numeric=TRUE >
			422	191
			422	192
			422	193
			422	194
			423	195
			424	195
			425	196
			426	197
			427	197
			428	197
			429	197
			430	197
			431	197
			432	197
			433	198
			434	198
			435	198
			436	198
			437	198
			438	198
			439	198
			440	198
		</caudal_dors_ant>
		<caud_dors_post type=matrix rownames=FALSE colnames=FALSE nrow=31 ncol=2 as.numeric=TRUE >
			440	198
			441	198
			442	197
			443	197
			444	197
			445	196
			446	196
			447	196
			448	195
			449	195
			450	195
			451	194
			452	194
			453	194
			454	194
			455	193
			456	193
			457	193
			458	193
			459	192
			460	192
			461	192
			462	192
			463	192
			464	192
			465	191
			466	191
			467	191
			468	191
			469	191
			470	191
		</caud_dors_post>
		<caud_vent_post type=matrix rownames=FALSE colnames=FALSE nrow=28 ncol=2 as.numeric=TRUE >
			470	274
			469	274
			468	274
			467	274
			466	273
			465	273
			464	273
			463	273
			462	273
			461	272
			460	272
			459	272
			458	272
			457	271
			456	271
			455	271
			454	271
			453	270
			452	270
			451	270
			450	270
			449	269
			448	269
			447	269
			446	268
			445	268
			444	267
			443	267
		</caud_vent_post>
		<caudal_vent_ant type=matrix rownames=FALSE colnames=FALSE nrow=20 ncol=2 as.numeric=TRUE >
			443	267
			442	267
			441	267
			440	268
			439	268
			438	268
			437	268
			436	269
			435	269
			434	269
			434	270
			433	270
			432	270
			431	271
			430	271
			429	271
			428	272
			427	272
			426	273
			425	273
		</caudal_vent_ant>
		<anal type=matrix rownames=FALSE colnames=FALSE nrow=152 ncol=2 as.numeric=TRUE >
			425	273
			424	274
			424	275
			423	276
			422	277
			422	278
			421	279
			420	280
			419	281
			419	282
			418	283
			418	284
			417	284
			417	285
			416	286
			416	287
			415	287
			414	288
			414	289
			413	290
			412	291
			411	292
			410	293
			410	294
			409	295
			408	296
			408	297
			407	297
			406	298
			406	299
			405	300
			404	300
			404	301
			403	302
			402	303
			401	304
			400	305
			399	306
			398	307
			397	308
			396	309
			395	310
			394	311
			393	311
			393	312
			392	313
			391	314
			390	315
			389	315
			388	316
			387	317
			386	318
			385	318
			384	319
			384	320
			383	320
			382	321
			381	322
			380	322
			379	323
			378	324
			377	324
			376	325
			375	326
			374	326
			373	327
			372	327
			371	328
			370	329
			369	329
			368	330
			367	330
			366	331
			365	332
			364	332
			363	332
			362	333
			361	333
			360	334
			359	334
			358	335
			357	335
			356	336
			355	336
			354	337
			353	337
			352	338
			351	338
			350	339
			349	340
			348	340
			347	341
			346	341
			345	342
			344	342
			344	343
			343	343
			342	343
			341	344
			340	344
			339	345
			338	345
			337	346
			336	346
			335	346
			335	347
			334	347
			333	348
			332	348
			331	348
			330	349
			329	349
			328	349
			328	350
			327	350
			326	350
			325	351
			324	351
			323	351
			322	352
			321	352
			320	353
			319	353
			318	353
			317	353
			316	354
			315	354
			314	354
			313	355
			312	355
			311	355
			310	355
			309	355
			308	356
			307	356
			306	356
			305	356
			304	356
			303	356
			302	356
			301	357
			300	357
			299	357
			298	357
			297	357
			296	357
			295	357
			294	357
			293	357
			292	357
			291	357
			290	357
		</anal>
		<ventral_body type=matrix rownames=FALSE colnames=FALSE nrow=346 ncol=2 as.numeric=TRUE >
			290	357
			289	357
			288	357
			287	357
			286	356
			285	356
			284	356
			283	356
			282	356
			281	356
			280	356
			279	356
			278	356
			277	356
			276	356
			275	355
			274	355
			273	355
			272	355
			271	355
			270	355
			269	355
			268	355
			267	355
			266	355
			265	355
			264	355
			263	355
			262	355
			261	355
			260	355
			259	355
			258	355
			257	355
			257	356
			256	356
			256	357
			256	358
			255	358
			255	359
			255	360
			254	361
			254	362
			253	363
			253	364
			253	365
			253	366
			252	367
			252	368
			252	369
			252	370
			252	371
			251	372
			251	373
			251	374
			251	375
			251	376
			251	377
			251	378
			250	379
			249	379
			248	380
			247	380
			246	381
			245	382
			244	383
			243	384
			242	384
			241	385
			241	386
			240	386
			239	387
			239	388
			238	388
			238	389
			237	389
			237	390
			236	391
			236	392
			235	393
			234	393
			233	394
			232	394
			231	394
			230	395
			229	395
			228	395
			228	396
			227	396
			226	396
			225	397
			224	398
			223	398
			222	399
			221	399
			220	400
			220	401
			219	401
			218	402
			217	402
			216	403
			215	404
			214	405
			213	405
			212	405
			211	405
			210	406
			209	406
			208	406
			207	406
			206	406
			205	406
			204	406
			203	406
			202	406
			201	406
			200	406
			199	406
			198	406
			197	406
			196	406
			195	406
			194	406
			193	406
			192	406
			191	406
			190	406
			189	405
			188	405
			187	405
			186	405
			185	404
			184	404
			183	404
			182	403
			181	403
			180	402
			179	402
			178	401
			177	401
			177	400
			176	400
			175	399
			174	398
			173	397
			172	396
			171	395
			170	394
			169	393
			168	392
			167	391
			166	390
			165	389
			164	388
			164	387
			163	386
			162	385
			161	384
			160	383
			160	382
			159	381
			158	380
			157	379
			156	378
			156	377
			155	376
			154	375
			153	374
			153	373
			152	372
			151	371
			151	370
			150	369
			149	368
			149	367
			148	366
			148	365
			147	364
			146	364
			146	363
			145	362
			145	361
			144	360
			143	359
			143	358
			142	357
			142	356
			141	355
			140	354
			140	353
			140	352
			139	352
			139	351
			138	350
			138	349
			137	348
			137	347
			136	346
			136	345
			135	345
			134	344
			134	343
			133	343
			133	342
			132	341
			131	341
			131	340
			130	339
			129	338
			128	337
			127	336
			126	335
			126	334
			125	334
			124	333
			123	332
			123	331
			122	331
			121	330
			120	329
			120	328
			119	328
			118	327
			117	326
			117	325
			116	325
			115	324
			114	323
			113	323
			113	322
			112	321
			111	321
			110	320
			109	319
			109	318
			108	318
			107	317
			106	316
			105	316
			104	315
			103	314
			102	313
			101	312
			100	311
			99	311
			98	310
			97	309
			96	308
			95	308
			94	307
			93	307
			92	306
			91	305
			90	305
			89	304
			88	304
			88	303
			87	303
			86	302
			85	301
			84	301
			84	300
			83	300
			82	299
			81	299
			80	298
			79	297
			78	297
			77	296
			76	295
			75	294
			74	293
			73	292
			73	291
			72	290
			71	290
			70	289
			69	288
			68	287
			67	286
			67	285
			66	284
			65	283
			64	283
			63	282
			62	281
			62	280
			61	279
			60	278
			59	277
			58	277
			57	276
			56	275
			56	274
			55	273
			54	272
			53	272
			52	271
			51	270
			50	269
			49	268
			49	267
			48	266
			47	266
			46	265
			45	264
			44	263
			43	262
			42	261
			41	260
			40	259
			39	258
			38	258
			37	257
			37	256
			36	256
			35	255
			34	254
			33	253
			32	252
			31	251
			30	250
			29	249
			28	248
			27	247
			26	246
			25	245
			25	244
			24	243
			23	242
			22	242
			22	241
			22	240
			22	239
			21	239
			21	238
			21	237
			21	236
			21	235
			21	234
			20	233
			20	232
			20	231
			20	230
			20	229
			20	228
		</ventral_body>
		<operculum type=matrix rownames=FALSE colnames=FALSE nrow=32 ncol=2 as.numeric=TRUE >
			152	269
			152	268
			151	267
			151	266
			151	265
			151	264
			151	263
			151	262
			151	261
			151	260
			151	259
			151	258
			152	257
			152	256
			152	255
			152	254
			153	254
			153	253
			153	252
			153	251
			154	250
			154	249
			155	248
			155	247
			155	246
			156	246
			156	245
			156	244
			157	244
			157	243
			158	243
			158	242
		</operculum>
	</curves.pixel>
</shapes>

