<shapes type=list>
	<scaling type=logical names=FALSE length=1 as.numeric=FALSE >NA</scaling>
	<landmarks.pixel type=matrix rownames=TRUE colnames=FALSE nrow=17 ncol=2 as.numeric=TRUE >
		pectoral_dors	211	133
		pectoral_vent	221	197
		premax_post	58	228
		eye_ant	62	199
		eye_post	111	192
		upper_jaw	41	217
		dorsal_ant	420	116
		dorsal_post	460	156
		caud_pedunc_dors	492	173
		caud_scale_dors	520	189
		caud_scale_vent	512	213
		caud_pedunc_vent	485	213
		anal_post	461	219
		anal_ant	415	248
		lower_jaw	46	230
		operc_vent	177	190
		oper_dor	184	128
	</landmarks.pixel>
	<curves.control type=list>
		<head type=matrix rownames=FALSE colnames=FALSE nrow=11 ncol=2 as.numeric=TRUE >
			41	217
			61	179
			86	148
			130	114
			179	87
			234	72
			276	65
			326	73
			375	87
			402	103
			420	116
		</head>
		<dorsal type=matrix rownames=FALSE colnames=FALSE nrow=3 ncol=2 as.numeric=TRUE >
			420	116
			439	137
			460	156
		</dorsal>
		<caudal_dors_ant type=matrix rownames=FALSE colnames=FALSE nrow=3 ncol=2 as.numeric=TRUE >
			460	156
			475	164
			492	173
		</caudal_dors_ant>
		<caud_dors_post type=matrix rownames=FALSE colnames=FALSE nrow=3 ncol=2 as.numeric=TRUE >
			492	173
			506	180
			520	189
		</caud_dors_post>
		<caud_vent_post type=matrix rownames=FALSE colnames=FALSE nrow=3 ncol=2 as.numeric=TRUE >
			512	213
			499	213
			485	213
		</caud_vent_post>
		<caudal_vent_ant type=matrix rownames=FALSE colnames=FALSE nrow=3 ncol=2 as.numeric=TRUE >
			485	213
			471	215
			461	219
		</caudal_vent_ant>
		<anal type=matrix rownames=FALSE colnames=FALSE nrow=3 ncol=2 as.numeric=TRUE >
			461	219
			436	231
			415	248
		</anal>
		<ventral_body type=matrix rownames=FALSE colnames=FALSE nrow=11 ncol=2 as.numeric=TRUE >
			415	248
			377	271
			347	301
			269	338
			229	325
			185	315
			135	299
			87	273
			74	255
			59	245
			46	230
		</ventral_body>
		<operculum type=matrix rownames=FALSE colnames=FALSE nrow=5 ncol=2 as.numeric=TRUE >
			177	190
			172	166
			174	148
			180	136
			184	128
		</operculum>
	</curves.control>
	<curves.pixel type=list>
		<head type=matrix rownames=FALSE colnames=FALSE nrow=421 ncol=2 as.numeric=TRUE >
			41	217
			41	216
			42	215
			42	214
			43	214
			43	213
			44	212
			44	211
			45	210
			45	209
			46	209
			46	208
			46	207
			47	206
			47	205
			48	204
			49	203
			49	202
			50	201
			50	200
			51	199
			52	198
			52	197
			53	196
			53	195
			54	194
			54	193
			55	192
			56	191
			56	190
			57	189
			57	188
			58	187
			59	187
			59	186
			60	185
			60	184
			61	183
			62	182
			62	181
			63	180
			63	179
			64	178
			65	177
			65	176
			66	175
			67	174
			68	173
			68	172
			69	171
			70	170
			70	169
			71	168
			72	167
			72	166
			73	166
			73	165
			74	164
			74	163
			75	163
			75	162
			76	161
			76	160
			77	160
			78	159
			78	158
			79	157
			80	156
			80	155
			81	154
			82	153
			83	152
			83	151
			84	151
			85	150
			85	149
			86	148
			87	147
			88	146
			89	146
			90	145
			91	144
			92	143
			93	143
			94	142
			95	141
			96	141
			97	140
			97	139
			98	139
			99	138
			100	137
			101	137
			102	136
			103	135
			104	135
			105	134
			106	133
			107	132
			108	131
			109	131
			110	130
			111	130
			111	129
			112	129
			113	128
			114	127
			115	126
			116	126
			117	125
			118	125
			119	124
			120	123
			121	123
			122	122
			123	121
			124	121
			125	120
			126	119
			127	119
			128	118
			129	117
			130	117
			131	116
			132	116
			133	115
			134	114
			135	113
			136	113
			137	112
			138	112
			138	111
			139	111
			140	110
			141	109
			142	109
			143	108
			144	107
			145	107
			146	106
			147	106
			148	105
			149	104
			150	104
			151	103
			152	102
			153	102
			154	101
			155	101
			156	100
			157	99
			158	99
			159	98
			160	98
			161	97
			162	97
			163	96
			164	95
			165	95
			166	94
			167	94
			168	93
			169	93
			170	92
			171	92
			172	91
			173	91
			174	90
			175	89
			176	88
			177	88
			178	88
			178	87
			179	87
			180	87
			181	87
			181	86
			182	86
			183	86
			184	86
			185	85
			186	85
			187	85
			188	85
			189	84
			190	84
			191	84
			192	83
			193	83
			194	83
			195	83
			196	82
			197	82
			198	82
			199	82
			200	81
			201	81
			202	81
			203	81
			204	80
			205	80
			206	80
			207	80
			208	79
			209	79
			210	79
			211	79
			212	78
			213	78
			214	78
			215	78
			216	77
			217	77
			218	77
			219	77
			220	76
			221	76
			222	76
			223	76
			224	76
			225	75
			226	75
			227	75
			228	75
			229	74
			230	74
			231	74
			232	74
			233	73
			234	73
			235	73
			236	73
			237	73
			238	72
			239	72
			240	72
			241	72
			242	72
			242	71
			243	71
			244	71
			245	71
			246	71
			247	70
			248	70
			249	70
			250	70
			251	70
			252	69
			253	69
			254	69
			255	69
			256	69
			257	68
			258	68
			259	68
			260	68
			261	68
			262	68
			263	67
			264	67
			265	67
			266	67
			267	67
			268	66
			269	66
			270	66
			271	66
			272	66
			273	65
			274	65
			275	65
			276	65
			277	65
			278	65
			279	65
			280	66
			281	66
			282	66
			283	66
			284	66
			285	67
			286	67
			287	67
			288	67
			289	67
			290	67
			291	68
			292	68
			293	68
			294	68
			295	68
			296	68
			297	69
			298	69
			299	69
			300	69
			301	69
			302	69
			302	70
			303	70
			304	70
			305	70
			306	70
			307	71
			308	71
			309	71
			310	71
			311	71
			312	71
			313	72
			314	72
			315	72
			316	72
			317	73
			318	73
			319	73
			320	73
			321	74
			322	74
			323	74
			324	74
			325	74
			326	75
			327	75
			328	75
			329	75
			330	75
			331	76
			332	76
			333	76
			334	76
			335	77
			336	77
			337	77
			338	77
			339	78
			340	78
			341	78
			342	78
			343	79
			344	79
			345	79
			346	79
			347	80
			348	80
			349	80
			350	80
			351	81
			352	81
			353	81
			354	81
			355	82
			356	82
			357	82
			358	82
			359	83
			360	83
			361	83
			362	83
			363	84
			364	84
			365	84
			366	84
			367	85
			368	85
			369	85
			370	86
			371	86
			372	86
			373	86
			374	87
			375	87
			376	88
			377	88
			378	89
			379	89
			380	90
			381	91
			382	91
			383	92
			384	93
			385	93
			386	94
			387	94
			388	95
			389	96
			390	96
			391	97
			392	97
			393	98
			394	99
			395	99
			396	100
			397	100
			398	101
			399	101
			399	102
			400	103
			401	103
			402	104
			403	104
			404	105
			405	106
			406	106
			406	107
			407	107
			408	108
			409	108
			410	109
			411	109
			411	110
			412	110
			413	111
			414	112
			415	113
			416	113
			417	114
			418	115
			419	115
			420	116
		</head>
		<dorsal type=matrix rownames=FALSE colnames=FALSE nrow=45 ncol=2 as.numeric=TRUE >
			420	116
			421	117
			422	118
			423	119
			424	120
			424	121
			425	122
			426	123
			427	124
			428	124
			429	125
			429	126
			430	127
			431	128
			432	129
			433	130
			434	130
			434	131
			435	132
			436	133
			437	134
			438	135
			439	136
			440	137
			441	138
			442	139
			443	140
			444	141
			445	142
			446	143
			447	144
			448	145
			449	146
			450	147
			451	148
			452	149
			453	150
			454	151
			455	151
			456	152
			456	153
			457	153
			458	154
			459	155
			460	156
		</dorsal>
		<caudal_dors_ant type=matrix rownames=FALSE colnames=FALSE nrow=34 ncol=2 as.numeric=TRUE >
			460	156
			461	156
			462	157
			463	158
			464	158
			465	159
			466	159
			467	160
			468	160
			469	161
			470	161
			471	162
			472	162
			473	163
			474	164
			475	164
			476	165
			477	165
			478	165
			478	166
			479	166
			480	167
			481	167
			482	168
			483	168
			484	169
			485	169
			486	170
			487	170
			488	171
			489	171
			490	172
			491	172
			492	173
		</caudal_dors_ant>
		<caud_dors_post type=matrix rownames=FALSE colnames=FALSE nrow=32 ncol=2 as.numeric=TRUE >
			492	173
			493	173
			494	174
			495	174
			495	175
			496	175
			497	176
			498	176
			499	177
			500	177
			501	178
			502	178
			503	179
			504	180
			505	180
			506	181
			507	181
			508	182
			509	182
			510	183
			511	183
			512	184
			513	185
			514	185
			515	186
			516	186
			516	187
			517	187
			518	188
			519	188
			519	189
			520	189
		</caud_dors_post>
		<caud_vent_post type=matrix rownames=FALSE colnames=FALSE nrow=28 ncol=2 as.numeric=TRUE >
			512	213
			511	213
			510	213
			509	213
			508	213
			507	213
			506	213
			505	213
			504	213
			503	213
			502	213
			501	213
			500	213
			499	213
			498	213
			497	213
			496	213
			495	213
			494	213
			493	213
			492	213
			491	213
			490	213
			489	213
			488	213
			487	213
			486	213
			485	213
		</caud_vent_post>
		<caudal_vent_ant type=matrix rownames=FALSE colnames=FALSE nrow=28 ncol=2 as.numeric=TRUE >
			485	213
			484	213
			483	213
			482	214
			481	214
			480	214
			479	214
			478	214
			477	214
			476	215
			475	215
			474	215
			473	215
			472	215
			472	216
			471	216
			470	216
			469	216
			468	217
			467	217
			466	217
			465	217
			465	218
			464	218
			463	218
			462	218
			462	219
			461	219
		</caudal_vent_ant>
		<anal type=matrix rownames=FALSE colnames=FALSE nrow=49 ncol=2 as.numeric=TRUE >
			461	219
			460	219
			459	220
			458	220
			457	221
			456	221
			456	222
			455	222
			454	223
			453	223
			452	224
			451	224
			450	225
			449	225
			448	225
			448	226
			447	226
			446	227
			445	227
			444	228
			443	228
			442	229
			441	230
			440	231
			439	231
			438	232
			437	232
			436	233
			435	234
			434	234
			433	235
			432	236
			431	236
			430	237
			429	238
			428	238
			427	239
			426	240
			425	240
			424	241
			423	242
			422	243
			421	243
			420	244
			419	245
			418	245
			417	246
			416	247
			415	248
		</anal>
		<ventral_body type=matrix rownames=FALSE colnames=FALSE nrow=391 ncol=2 as.numeric=TRUE >
			415	248
			414	249
			413	249
			412	250
			411	250
			411	251
			410	251
			409	252
			408	252
			407	253
			406	254
			405	254
			404	255
			403	255
			403	256
			402	256
			401	257
			400	258
			399	258
			398	259
			397	259
			397	260
			396	261
			395	261
			394	262
			393	262
			392	263
			391	263
			391	264
			390	265
			389	265
			388	266
			387	267
			386	267
			386	268
			385	268
			384	269
			383	270
			382	270
			381	271
			380	272
			379	273
			378	274
			377	274
			376	275
			375	276
			374	277
			373	277
			372	278
			371	279
			370	280
			369	281
			368	281
			367	282
			367	283
			366	284
			365	285
			364	285
			363	286
			362	287
			361	288
			360	289
			359	289
			358	290
			357	291
			357	292
			356	293
			355	294
			354	294
			353	295
			352	296
			351	297
			350	298
			349	299
			348	300
			347	301
			346	302
			345	302
			344	302
			343	303
			342	303
			341	304
			340	304
			339	305
			338	305
			337	305
			336	306
			335	306
			334	307
			333	308
			332	308
			331	308
			330	309
			329	309
			328	310
			327	310
			326	310
			325	311
			324	311
			323	312
			322	312
			321	312
			320	313
			319	313
			318	313
			317	314
			316	314
			315	315
			314	315
			313	316
			312	316
			311	316
			310	317
			309	317
			308	317
			307	317
			306	318
			305	318
			304	319
			303	319
			302	319
			301	320
			300	320
			299	320
			298	320
			297	321
			296	321
			295	321
			294	322
			293	322
			292	322
			291	323
			290	323
			289	323
			288	323
			287	324
			286	324
			285	324
			284	324
			283	325
			282	325
			281	325
			280	325
			279	325
			278	326
			277	326
			276	326
			275	326
			274	326
			273	326
			273	327
			272	327
			271	327
			270	327
			269	327
			268	327
			267	327
			266	327
			265	328
			264	328
			263	328
			262	328
			261	328
			260	328
			259	328
			258	328
			257	328
			256	328
			255	328
			254	328
			253	328
			252	328
			251	328
			250	328
			249	328
			248	328
			247	328
			246	328
			245	328
			244	328
			243	328
			242	328
			241	328
			240	327
			239	327
			238	327
			237	327
			236	327
			235	327
			234	326
			233	326
			232	326
			231	326
			230	325
			229	325
			228	325
			227	325
			226	324
			225	324
			224	324
			223	324
			222	323
			221	323
			220	323
			219	323
			218	322
			217	322
			216	322
			215	322
			214	321
			213	321
			212	321
			211	321
			210	321
			210	320
			209	320
			208	320
			207	320
			206	319
			205	319
			204	319
			203	319
			202	319
			202	318
			201	318
			200	318
			199	318
			198	317
			197	317
			196	317
			195	317
			194	316
			193	316
			192	316
			191	316
			191	315
			190	315
			189	315
			188	315
			187	314
			186	314
			185	314
			184	314
			183	313
			182	313
			181	313
			180	313
			179	312
			178	312
			177	312
			176	311
			175	311
			174	311
			173	311
			172	310
			171	310
			170	310
			169	309
			168	309
			167	309
			166	308
			165	308
			164	308
			163	308
			162	307
			161	307
			160	307
			159	306
			158	306
			157	306
			156	305
			155	305
			154	305
			153	305
			152	304
			151	304
			150	304
			149	303
			148	303
			147	303
			146	302
			145	302
			144	302
			143	301
			142	301
			141	301
			140	300
			139	300
			138	300
			137	300
			136	299
			135	299
			134	298
			133	298
			132	297
			131	297
			130	296
			129	296
			128	295
			127	295
			126	294
			125	294
			124	293
			123	293
			122	292
			122	291
			121	291
			120	290
			119	290
			118	289
			117	289
			116	288
			115	287
			114	287
			113	286
			112	286
			111	285
			110	285
			109	284
			108	283
			107	283
			106	282
			105	282
			105	281
			104	280
			103	280
			102	279
			101	279
			100	278
			99	277
			98	276
			97	276
			96	275
			95	275
			94	274
			93	273
			92	273
			92	272
			91	271
			90	271
			89	270
			88	269
			87	268
			86	267
			85	266
			84	266
			83	265
			82	264
			82	263
			81	263
			80	262
			79	261
			78	260
			77	259
			76	258
			76	257
			75	256
			74	256
			74	255
			73	254
			72	254
			71	253
			70	252
			69	252
			68	251
			68	250
			67	250
			66	249
			65	249
			65	248
			64	248
			63	247
			62	246
			61	245
			60	244
			59	243
			58	242
			57	241
			56	241
			55	240
			55	239
			54	238
			53	237
			52	237
			51	236
			50	235
			50	234
			49	233
			48	232
			47	231
			46	230
		</ventral_body>
		<operculum type=matrix rownames=FALSE colnames=FALSE nrow=66 ncol=2 as.numeric=TRUE >
			177	190
			177	189
			177	188
			176	187
			176	186
			176	185
			176	184
			176	183
			176	182
			175	182
			175	181
			175	180
			175	179
			175	178
			175	177
			175	176
			174	175
			174	174
			174	173
			174	172
			174	171
			174	170
			174	169
			174	168
			174	167
			174	166
			174	165
			174	164
			174	163
			173	162
			173	161
			173	160
			173	159
			173	158
			173	157
			173	156
			173	155
			174	154
			174	153
			174	152
			174	151
			174	150
			174	149
			174	148
			175	147
			175	146
			175	145
			176	144
			176	143
			177	142
			178	141
			178	140
			179	139
			179	138
			180	137
			180	136
			180	135
			181	134
			181	133
			182	133
			182	132
			183	131
			183	130
			183	129
			184	129
			184	128
		</operculum>
	</curves.pixel>
</shapes>

