<shapes type=list>
	<scaling type=logical names=FALSE length=1 as.numeric=FALSE >NA</scaling>
	<landmarks.pixel type=matrix rownames=TRUE colnames=FALSE nrow=17 ncol=2 as.numeric=TRUE >
		pectoral_dors	793	1042
		pectoral_vent	802	1125
		premax_post	255	976
		eye_ant	732	814
		eye_post	836	811
		upper_jaw	249	922
		dorsal_ant	1342	685
		dorsal_post	1946	861
		caud_pedunc_dors	2059	863
		caud_scale_dors	2197	829
		caud_scale_vent	2206	1105
		caud_pedunc_vent	2122	1085
		anal_post	2036	1112
		anal_ant	1367	1320
		lower_jaw	210	974
		operc_vent	723	1112
		oper_dor	816	963
	</landmarks.pixel>
	<curves.control type=list>
		<head type=matrix rownames=FALSE colnames=FALSE nrow=9 ncol=2 as.numeric=TRUE >
			249	922
			346	913
			481	866
			678	744
			843	719
			1019	707
			1175	698
			1257	692
			1342	685
		</head>
		<dorsal type=matrix rownames=FALSE colnames=FALSE nrow=7 ncol=2 as.numeric=TRUE >
			1342	685
			1476	701
			1634	730
			1772	771
			1926	843
			1942	856
			1946	861
		</dorsal>
		<caudal_dors_ant type=matrix rownames=FALSE colnames=FALSE nrow=3 ncol=2 as.numeric=TRUE >
			1946	861
			2005	863
			2059	863
		</caudal_dors_ant>
		<caud_dors_post type=matrix rownames=FALSE colnames=FALSE nrow=3 ncol=2 as.numeric=TRUE >
			2059	863
			2131	852
			2197	829
		</caud_dors_post>
		<caud_vent_post type=matrix rownames=FALSE colnames=FALSE nrow=3 ncol=2 as.numeric=TRUE >
			2206	1105
			2167	1092
			2122	1085
		</caud_vent_post>
		<caudal_vent_ant type=matrix rownames=FALSE colnames=FALSE nrow=3 ncol=2 as.numeric=TRUE >
			2122	1085
			2079	1087
			2036	1112
		</caudal_vent_ant>
		<anal type=matrix rownames=FALSE colnames=FALSE nrow=5 ncol=2 as.numeric=TRUE >
			2036	1112
			1871	1195
			1715	1259
			1537	1297
			1367	1320
		</anal>
		<ventral_body type=matrix rownames=FALSE colnames=FALSE nrow=17 ncol=2 as.numeric=TRUE >
			1367	1320
			1318	1327
			1272	1345
			1225	1385
			1144	1408
			1031	1412
			913	1376
			791	1349
			653	1295
			531	1225
			389	1141
			307	1082
			271	1053
			219	1031
			208	1012
			201	992
			210	974
		</ventral_body>
		<operculum type=matrix rownames=FALSE colnames=FALSE nrow=5 ncol=2 as.numeric=TRUE >
			723	1112
			699	1077
			746	1024
			796	953
			816	963
		</operculum>
	</curves.control>
	<curves.pixel type=list>
		<head type=matrix rownames=FALSE colnames=FALSE nrow=1112 ncol=2 as.numeric=TRUE >
			249	922
			250	922
			251	922
			252	922
			253	922
			254	922
			255	921
			256	921
			257	921
			258	921
			259	921
			260	921
			261	921
			262	921
			263	920
			264	920
			265	920
			266	920
			267	920
			268	920
			269	920
			270	920
			271	919
			272	919
			273	919
			274	919
			275	919
			276	919
			277	919
			278	919
			279	918
			280	918
			281	918
			282	918
			283	918
			284	918
			285	918
			286	917
			287	917
			288	917
			289	917
			290	917
			291	917
			292	916
			293	916
			294	916
			295	916
			296	916
			297	916
			298	916
			298	915
			299	915
			300	915
			301	915
			302	915
			303	915
			304	914
			305	914
			306	914
			307	914
			308	914
			309	913
			310	913
			311	913
			312	913
			313	913
			314	913
			315	912
			316	912
			317	912
			318	912
			319	912
			320	911
			321	911
			322	911
			323	911
			324	911
			325	910
			326	910
			327	910
			328	910
			329	909
			330	909
			331	909
			332	909
			333	909
			334	908
			335	908
			336	908
			337	908
			338	907
			339	907
			340	907
			341	907
			342	907
			343	906
			344	906
			345	906
			346	906
			347	906
			348	905
			349	905
			350	905
			351	905
			352	904
			353	904
			354	904
			355	904
			356	903
			357	903
			358	903
			359	903
			360	902
			361	902
			362	902
			363	902
			364	901
			365	901
			366	901
			367	901
			368	900
			369	900
			370	900
			371	900
			372	899
			373	899
			374	899
			375	899
			376	898
			377	898
			378	898
			379	898
			380	897
			381	897
			382	897
			383	897
			384	896
			385	896
			386	896
			387	895
			388	895
			389	895
			390	895
			391	894
			392	894
			393	894
			394	894
			395	893
			396	893
			397	893
			398	892
			399	892
			400	892
			401	892
			402	891
			403	891
			404	891
			405	890
			406	890
			407	890
			408	890
			409	889
			410	889
			411	889
			412	888
			413	888
			414	888
			415	887
			416	887
			417	887
			418	886
			419	886
			420	886
			421	886
			422	885
			423	885
			424	885
			425	884
			426	884
			427	884
			428	883
			429	883
			430	883
			431	882
			432	882
			433	882
			434	882
			434	881
			435	881
			436	881
			437	881
			438	880
			439	880
			440	880
			441	879
			442	879
			443	879
			444	878
			445	878
			446	878
			447	877
			448	877
			449	877
			450	877
			451	876
			452	876
			453	875
			454	875
			455	875
			456	874
			457	874
			458	874
			459	874
			460	873
			461	873
			462	872
			463	872
			464	872
			465	871
			466	871
			467	871
			468	870
			469	870
			470	870
			471	869
			472	869
			473	869
			474	868
			475	868
			476	868
			477	867
			478	867
			479	867
			480	866
			481	866
			482	865
			483	865
			484	864
			485	864
			486	863
			487	862
			488	862
			489	861
			490	860
			491	860
			492	859
			493	858
			494	858
			495	857
			496	857
			497	856
			498	856
			499	855
			500	854
			501	854
			502	853
			503	853
			503	852
			504	852
			505	851
			506	851
			507	850
			508	850
			509	849
			510	849
			511	848
			512	848
			512	847
			513	847
			514	846
			515	845
			516	845
			517	844
			518	844
			519	843
			520	842
			521	842
			522	841
			523	841
			524	840
			525	840
			526	839
			527	839
			528	838
			529	838
			529	837
			530	837
			531	836
			532	836
			533	835
			534	835
			535	834
			536	834
			537	833
			538	833
			539	832
			540	831
			541	830
			542	830
			543	830
			543	829
			544	829
			545	829
			545	828
			546	828
			547	828
			547	827
			548	827
			549	826
			550	826
			551	825
			552	824
			553	824
			554	823
			555	823
			556	823
			556	822
			557	822
			558	821
			559	821
			560	820
			561	820
			562	819
			563	819
			564	818
			565	818
			566	817
			567	817
			568	816
			569	816
			570	815
			571	814
			572	814
			573	814
			573	813
			574	813
			575	812
			576	812
			577	811
			578	811
			579	810
			580	810
			581	809
			582	809
			583	808
			584	808
			585	807
			586	807
			587	806
			588	806
			589	805
			590	805
			591	804
			592	804
			593	803
			594	803
			595	802
			596	802
			596	801
			597	801
			598	801
			599	800
			600	800
			601	799
			602	799
			603	798
			604	798
			605	797
			606	797
			607	796
			608	796
			609	795
			610	795
			611	795
			612	794
			613	794
			614	793
			615	792
			616	792
			617	792
			617	791
			618	791
			619	791
			619	790
			620	790
			621	790
			621	789
			622	789
			623	789
			624	788
			625	788
			626	787
			627	787
			628	786
			629	786
			630	785
			631	785
			632	784
			633	784
			634	784
			635	783
			636	783
			637	782
			638	782
			639	781
			640	781
			641	781
			642	780
			643	780
			644	779
			645	779
			646	778
			647	778
			648	778
			649	777
			650	777
			651	776
			652	776
			653	775
			654	775
			655	775
			655	774
			656	774
			657	774
			658	773
			659	773
			660	772
			661	772
			662	772
			663	771
			664	771
			665	770
			666	770
			667	769
			668	769
			669	769
			670	768
			671	768
			672	767
			673	767
			674	767
			675	766
			676	766
			677	765
			678	765
			679	765
			680	764
			681	764
			682	763
			683	763
			684	763
			685	762
			686	762
			687	762
			688	761
			689	761
			690	760
			691	760
			692	760
			693	759
			694	759
			695	759
			696	758
			697	758
			698	758
			699	757
			700	757
			701	756
			702	756
			703	755
			704	755
			705	755
			706	755
			706	754
			707	754
			708	754
			709	753
			710	753
			711	753
			712	752
			713	752
			714	752
			715	751
			716	751
			717	751
			718	750
			719	750
			720	749
			721	749
			722	749
			723	748
			724	748
			725	748
			726	747
			727	747
			728	747
			729	747
			730	746
			731	746
			732	746
			733	745
			734	745
			735	745
			736	744
			737	744
			738	744
			739	743
			740	743
			741	743
			742	742
			743	742
			744	742
			745	742
			746	741
			747	741
			748	741
			749	740
			750	740
			751	740
			752	739
			753	739
			754	739
			755	739
			756	738
			757	738
			758	738
			759	737
			760	737
			761	737
			762	737
			763	736
			764	736
			765	736
			766	736
			767	735
			768	735
			769	735
			770	734
			771	734
			772	734
			773	734
			774	733
			775	733
			776	733
			777	733
			778	732
			779	732
			780	732
			781	731
			782	731
			783	731
			784	731
			785	730
			786	730
			787	730
			788	730
			789	730
			790	729
			791	729
			792	729
			793	729
			794	728
			795	728
			796	728
			797	728
			798	727
			799	727
			800	727
			801	727
			802	727
			803	726
			804	726
			805	726
			806	726
			807	726
			808	725
			809	725
			810	725
			811	725
			812	725
			813	724
			814	724
			815	724
			816	724
			817	724
			818	723
			819	723
			820	723
			821	723
			822	723
			823	722
			824	722
			825	722
			826	722
			827	722
			828	722
			829	721
			830	721
			831	721
			832	721
			833	721
			834	720
			835	720
			836	720
			837	720
			838	720
			839	720
			840	719
			841	719
			842	719
			843	719
			844	719
			845	719
			846	719
			847	719
			848	719
			849	719
			850	719
			851	718
			852	718
			853	718
			854	718
			855	718
			856	718
			857	718
			858	718
			859	718
			860	718
			861	718
			862	718
			863	718
			864	718
			865	717
			866	717
			867	717
			868	717
			869	717
			870	717
			871	717
			872	717
			873	717
			874	717
			875	717
			876	717
			877	717
			878	717
			879	717
			880	717
			881	716
			882	716
			883	716
			884	716
			885	716
			886	716
			887	716
			888	716
			889	716
			890	716
			891	716
			892	716
			893	716
			894	716
			895	716
			896	715
			897	715
			898	715
			899	715
			900	715
			901	715
			902	715
			903	715
			904	715
			905	715
			906	715
			907	715
			908	715
			909	715
			910	715
			911	714
			912	714
			913	714
			914	714
			915	714
			916	714
			917	714
			918	714
			919	714
			920	714
			921	714
			922	714
			923	714
			924	714
			925	714
			926	713
			927	713
			928	713
			929	713
			930	713
			931	713
			932	713
			933	713
			934	713
			935	713
			936	713
			937	713
			938	713
			939	713
			940	712
			941	712
			942	712
			943	712
			944	712
			945	712
			946	712
			947	712
			948	712
			949	712
			950	712
			951	712
			952	712
			953	712
			954	712
			955	712
			956	711
			957	711
			958	711
			959	711
			960	711
			961	711
			962	711
			963	711
			964	711
			965	711
			966	711
			967	711
			968	711
			969	711
			970	711
			971	710
			972	710
			973	710
			974	710
			975	710
			976	710
			977	710
			978	710
			979	710
			980	710
			981	710
			982	710
			983	710
			984	710
			985	710
			986	710
			987	709
			988	709
			989	709
			990	709
			991	709
			992	709
			993	709
			994	709
			995	709
			996	709
			997	709
			998	709
			999	709
			1000	709
			1001	709
			1002	709
			1002	708
			1003	708
			1004	708
			1005	708
			1006	708
			1007	708
			1008	708
			1009	708
			1010	708
			1011	708
			1012	708
			1013	708
			1014	708
			1015	708
			1016	708
			1017	708
			1018	707
			1019	707
			1020	707
			1021	707
			1022	707
			1023	707
			1024	707
			1025	707
			1026	707
			1027	707
			1028	707
			1029	707
			1030	707
			1031	707
			1032	707
			1033	707
			1034	706
			1035	706
			1036	706
			1037	706
			1038	706
			1039	706
			1040	706
			1041	706
			1042	706
			1043	706
			1044	706
			1045	706
			1046	706
			1047	706
			1048	706
			1049	706
			1050	705
			1051	705
			1052	705
			1053	705
			1054	705
			1055	705
			1056	705
			1057	705
			1058	705
			1059	705
			1060	705
			1061	705
			1062	705
			1063	705
			1064	705
			1065	705
			1066	705
			1067	704
			1068	704
			1069	704
			1070	704
			1071	704
			1072	704
			1073	704
			1074	704
			1075	704
			1076	704
			1077	704
			1078	704
			1079	704
			1080	704
			1081	704
			1082	704
			1083	703
			1084	703
			1085	703
			1086	703
			1087	703
			1088	703
			1089	703
			1090	703
			1091	703
			1092	703
			1093	703
			1094	703
			1095	703
			1096	703
			1097	703
			1098	703
			1099	703
			1099	702
			1100	702
			1101	702
			1102	702
			1103	702
			1104	702
			1105	702
			1106	702
			1107	702
			1108	702
			1109	702
			1110	702
			1111	702
			1112	702
			1113	702
			1114	702
			1115	702
			1116	701
			1117	701
			1118	701
			1119	701
			1120	701
			1121	701
			1122	701
			1123	701
			1124	701
			1125	701
			1126	701
			1127	701
			1128	701
			1129	701
			1130	701
			1131	701
			1132	701
			1133	700
			1134	700
			1135	700
			1136	700
			1137	700
			1138	700
			1139	700
			1140	700
			1141	700
			1142	700
			1143	700
			1144	700
			1145	700
			1146	700
			1147	700
			1148	700
			1149	700
			1150	699
			1151	699
			1152	699
			1153	699
			1154	699
			1155	699
			1156	699
			1157	699
			1158	699
			1159	699
			1160	699
			1161	699
			1162	699
			1163	699
			1164	699
			1165	699
			1166	699
			1167	698
			1168	698
			1169	698
			1170	698
			1171	698
			1172	698
			1173	698
			1174	698
			1175	698
			1176	698
			1177	698
			1178	698
			1179	698
			1180	698
			1181	698
			1182	697
			1183	697
			1184	697
			1185	697
			1186	697
			1187	697
			1188	697
			1189	697
			1190	697
			1191	697
			1192	697
			1193	697
			1194	697
			1195	697
			1196	696
			1197	696
			1198	696
			1199	696
			1200	696
			1201	696
			1202	696
			1203	696
			1204	696
			1205	696
			1206	696
			1207	696
			1208	696
			1209	695
			1210	695
			1211	695
			1212	695
			1213	695
			1214	695
			1215	695
			1216	695
			1217	695
			1218	695
			1219	695
			1220	695
			1221	695
			1222	695
			1223	694
			1224	694
			1225	694
			1226	694
			1227	694
			1228	694
			1229	694
			1230	694
			1231	694
			1232	694
			1233	694
			1234	694
			1235	694
			1236	693
			1237	693
			1238	693
			1239	693
			1240	693
			1241	693
			1242	693
			1243	693
			1244	693
			1245	693
			1246	693
			1247	693
			1248	693
			1249	692
			1250	692
			1251	692
			1252	692
			1253	692
			1254	692
			1255	692
			1256	692
			1257	692
			1258	692
			1259	692
			1260	692
			1261	692
			1262	691
			1263	691
			1264	691
			1265	691
			1266	691
			1267	691
			1268	691
			1269	691
			1270	691
			1271	691
			1272	691
			1273	691
			1274	690
			1275	690
			1276	690
			1277	690
			1278	690
			1279	690
			1280	690
			1281	690
			1282	690
			1283	690
			1284	690
			1285	690
			1286	689
			1287	689
			1288	689
			1289	689
			1290	689
			1291	689
			1292	689
			1293	689
			1294	689
			1295	689
			1296	689
			1297	689
			1298	689
			1299	688
			1300	688
			1301	688
			1302	688
			1303	688
			1304	688
			1305	688
			1306	688
			1307	688
			1308	688
			1309	688
			1310	688
			1311	688
			1312	687
			1313	687
			1314	687
			1315	687
			1316	687
			1317	687
			1318	687
			1319	687
			1320	687
			1321	687
			1322	687
			1323	687
			1324	686
			1325	686
			1326	686
			1327	686
			1328	686
			1329	686
			1330	686
			1331	686
			1332	686
			1333	686
			1334	686
			1335	686
			1336	686
			1337	685
			1338	685
			1339	685
			1340	685
			1341	685
			1342	685
		</head>
		<dorsal type=matrix rownames=FALSE colnames=FALSE nrow=626 ncol=2 as.numeric=TRUE >
			1342	685
			1343	685
			1344	685
			1345	685
			1346	685
			1346	686
			1347	686
			1348	686
			1349	686
			1350	686
			1351	686
			1352	686
			1353	686
			1354	686
			1355	687
			1356	687
			1357	687
			1358	687
			1359	687
			1360	687
			1361	687
			1362	687
			1363	688
			1364	688
			1365	688
			1366	688
			1367	688
			1368	688
			1369	688
			1370	688
			1371	689
			1372	689
			1373	689
			1374	689
			1375	689
			1376	689
			1377	689
			1378	689
			1379	690
			1380	690
			1381	690
			1382	690
			1383	690
			1384	690
			1385	690
			1386	690
			1387	691
			1388	691
			1389	691
			1390	691
			1391	691
			1392	691
			1393	691
			1394	692
			1395	692
			1396	692
			1397	692
			1398	692
			1399	692
			1400	692
			1401	692
			1402	693
			1403	693
			1404	693
			1405	693
			1406	693
			1407	693
			1408	694
			1409	694
			1410	694
			1411	694
			1412	694
			1413	694
			1414	694
			1415	694
			1416	695
			1417	695
			1418	695
			1419	695
			1420	695
			1421	695
			1422	695
			1423	696
			1424	696
			1425	696
			1426	696
			1427	696
			1428	696
			1429	696
			1430	697
			1431	697
			1432	697
			1433	697
			1434	697
			1435	697
			1436	697
			1437	698
			1438	698
			1439	698
			1440	698
			1441	698
			1442	698
			1443	698
			1444	699
			1445	699
			1446	699
			1447	699
			1448	699
			1449	699
			1450	699
			1451	700
			1452	700
			1453	700
			1454	700
			1455	700
			1456	700
			1457	700
			1457	701
			1458	701
			1459	701
			1460	701
			1461	701
			1462	701
			1463	701
			1464	702
			1465	702
			1466	702
			1467	702
			1468	702
			1469	702
			1470	702
			1471	703
			1472	703
			1473	703
			1474	703
			1475	703
			1476	703
			1477	703
			1478	704
			1479	704
			1480	704
			1481	704
			1482	704
			1483	704
			1484	705
			1485	705
			1486	705
			1487	705
			1488	705
			1489	705
			1490	705
			1491	706
			1492	706
			1493	706
			1494	706
			1495	706
			1496	706
			1497	707
			1498	707
			1499	707
			1500	707
			1501	707
			1502	707
			1503	708
			1504	708
			1505	708
			1506	708
			1507	708
			1508	708
			1509	708
			1510	709
			1511	709
			1512	709
			1513	709
			1514	709
			1515	709
			1516	710
			1517	710
			1518	710
			1519	710
			1520	710
			1521	710
			1522	711
			1523	711
			1524	711
			1525	711
			1526	711
			1527	711
			1528	712
			1529	712
			1530	712
			1531	712
			1532	712
			1533	712
			1534	713
			1535	713
			1536	713
			1537	713
			1538	713
			1539	713
			1540	714
			1541	714
			1542	714
			1543	714
			1544	714
			1545	714
			1546	715
			1547	715
			1548	715
			1549	715
			1550	715
			1551	715
			1552	716
			1553	716
			1554	716
			1555	716
			1556	716
			1557	716
			1558	717
			1559	717
			1560	717
			1561	717
			1562	717
			1563	717
			1564	718
			1565	718
			1566	718
			1567	718
			1568	718
			1569	718
			1570	719
			1571	719
			1572	719
			1573	719
			1574	719
			1575	719
			1576	720
			1577	720
			1578	720
			1579	720
			1580	720
			1581	720
			1582	721
			1583	721
			1584	721
			1585	721
			1586	721
			1587	722
			1588	722
			1589	722
			1590	722
			1591	722
			1592	722
			1592	723
			1593	723
			1594	723
			1595	723
			1596	723
			1597	723
			1598	724
			1599	724
			1600	724
			1601	724
			1602	724
			1603	724
			1604	725
			1605	725
			1606	725
			1607	725
			1608	725
			1609	725
			1610	726
			1611	726
			1612	726
			1613	726
			1614	726
			1615	727
			1616	727
			1617	727
			1618	727
			1619	727
			1620	727
			1621	728
			1622	728
			1623	728
			1624	728
			1625	728
			1626	728
			1627	729
			1628	729
			1629	729
			1630	729
			1631	729
			1632	730
			1633	730
			1634	730
			1635	730
			1636	731
			1637	731
			1638	731
			1639	732
			1640	732
			1641	732
			1642	732
			1643	733
			1644	733
			1645	733
			1646	733
			1646	734
			1647	734
			1648	734
			1649	734
			1649	735
			1650	735
			1651	735
			1652	735
			1652	736
			1653	736
			1654	736
			1655	736
			1656	737
			1657	737
			1658	737
			1659	738
			1660	738
			1661	738
			1662	738
			1662	739
			1663	739
			1664	739
			1665	740
			1666	740
			1667	740
			1668	740
			1669	741
			1670	741
			1671	741
			1672	742
			1673	742
			1674	743
			1675	743
			1676	743
			1677	743
			1677	744
			1678	744
			1679	744
			1680	744
			1681	745
			1682	745
			1683	745
			1684	746
			1685	746
			1686	746
			1687	747
			1688	747
			1689	747
			1690	748
			1691	748
			1692	748
			1693	749
			1694	749
			1695	749
			1696	750
			1697	750
			1698	750
			1699	751
			1700	751
			1701	751
			1702	752
			1703	752
			1704	752
			1705	753
			1706	753
			1707	753
			1708	754
			1709	754
			1710	754
			1711	755
			1712	755
			1713	756
			1714	756
			1715	756
			1716	757
			1717	757
			1718	757
			1719	758
			1720	758
			1721	758
			1722	759
			1723	759
			1724	760
			1725	760
			1726	760
			1727	761
			1728	761
			1729	761
			1730	762
			1731	762
			1732	762
			1733	763
			1734	763
			1735	764
			1736	764
			1737	764
			1738	765
			1739	765
			1740	765
			1741	766
			1742	766
			1743	766
			1744	767
			1745	767
			1746	767
			1746	768
			1747	768
			1748	768
			1749	768
			1750	769
			1751	769
			1752	770
			1753	770
			1754	770
			1755	771
			1756	771
			1757	771
			1758	772
			1759	772
			1760	772
			1760	773
			1761	773
			1762	773
			1763	774
			1764	774
			1765	774
			1766	775
			1767	775
			1768	775
			1768	776
			1769	776
			1770	777
			1771	777
			1772	777
			1773	778
			1774	778
			1775	778
			1775	779
			1776	779
			1777	779
			1778	780
			1779	780
			1780	780
			1781	781
			1782	781
			1783	781
			1783	782
			1784	782
			1785	782
			1786	783
			1787	783
			1788	783
			1789	784
			1790	784
			1791	784
			1791	785
			1792	785
			1793	786
			1794	786
			1795	786
			1796	787
			1797	787
			1798	787
			1799	788
			1800	788
			1801	789
			1802	789
			1803	789
			1803	790
			1804	790
			1805	790
			1806	791
			1807	791
			1808	791
			1809	792
			1810	792
			1811	793
			1812	793
			1813	793
			1814	794
			1815	794
			1816	795
			1817	795
			1818	795
			1819	796
			1820	796
			1820	797
			1821	797
			1822	797
			1823	798
			1824	798
			1825	798
			1826	799
			1827	799
			1828	800
			1829	800
			1830	800
			1831	801
			1832	801
			1833	802
			1834	802
			1835	803
			1836	803
			1837	803
			1837	804
			1838	804
			1839	804
			1840	805
			1841	805
			1842	805
			1843	806
			1844	806
			1845	807
			1846	807
			1847	808
			1848	808
			1849	809
			1850	809
			1851	809
			1852	810
			1853	810
			1854	811
			1855	811
			1856	812
			1857	812
			1858	812
			1859	813
			1860	813
			1861	814
			1862	814
			1863	814
			1864	815
			1865	815
			1866	816
			1867	816
			1868	817
			1869	817
			1870	817
			1871	818
			1872	818
			1873	819
			1874	819
			1875	820
			1876	820
			1877	821
			1878	821
			1879	821
			1880	822
			1881	822
			1882	823
			1883	823
			1884	824
			1885	824
			1886	824
			1887	825
			1888	825
			1889	826
			1890	827
			1891	827
			1892	827
			1893	828
			1894	828
			1895	829
			1896	829
			1897	830
			1898	830
			1899	831
			1900	831
			1901	831
			1902	832
			1903	832
			1904	833
			1905	833
			1906	834
			1907	834
			1908	835
			1909	835
			1910	836
			1911	836
			1912	836
			1912	837
			1913	837
			1914	837
			1914	838
			1915	838
			1916	838
			1917	839
			1918	839
			1919	840
			1920	840
			1921	841
			1922	841
			1923	842
			1924	842
			1925	842
			1926	843
			1927	844
			1928	845
			1929	845
			1930	846
			1931	847
			1932	848
			1933	849
			1934	850
			1935	850
			1936	851
			1936	852
			1937	852
			1938	853
			1939	854
			1940	855
			1941	856
			1942	857
			1943	858
			1944	859
			1945	860
			1946	860
			1946	861
		</dorsal>
		<caudal_dors_ant type=matrix rownames=FALSE colnames=FALSE nrow=114 ncol=2 as.numeric=TRUE >
			1946	861
			1947	861
			1948	861
			1949	861
			1950	861
			1951	861
			1952	861
			1953	861
			1954	861
			1955	861
			1956	861
			1957	861
			1958	861
			1959	861
			1960	861
			1961	861
			1962	862
			1963	862
			1964	862
			1965	862
			1966	862
			1967	862
			1968	862
			1969	862
			1970	862
			1971	862
			1972	862
			1973	862
			1974	862
			1975	862
			1976	862
			1977	862
			1978	862
			1979	862
			1980	862
			1981	862
			1982	862
			1983	862
			1984	862
			1985	862
			1986	862
			1987	862
			1988	862
			1989	862
			1990	862
			1991	862
			1992	862
			1993	862
			1994	862
			1995	862
			1996	862
			1997	862
			1998	862
			1999	862
			2000	862
			2001	862
			2002	862
			2003	862
			2004	863
			2005	863
			2006	863
			2007	863
			2008	863
			2009	863
			2010	863
			2011	863
			2012	863
			2013	863
			2014	863
			2015	863
			2016	863
			2017	863
			2018	863
			2019	863
			2020	863
			2021	863
			2022	863
			2023	863
			2024	863
			2025	863
			2026	863
			2027	863
			2028	863
			2029	863
			2030	863
			2031	863
			2032	863
			2033	863
			2034	863
			2035	863
			2036	863
			2037	863
			2038	863
			2039	863
			2040	863
			2041	863
			2042	863
			2043	863
			2044	863
			2045	863
			2046	863
			2047	863
			2048	863
			2049	863
			2050	863
			2051	863
			2052	863
			2053	863
			2054	863
			2055	863
			2056	863
			2057	863
			2058	863
			2059	863
		</caudal_dors_ant>
		<caud_dors_post type=matrix rownames=FALSE colnames=FALSE nrow=140 ncol=2 as.numeric=TRUE >
			2059	863
			2060	863
			2061	863
			2062	863
			2063	862
			2064	862
			2065	862
			2066	862
			2067	862
			2068	862
			2069	861
			2070	861
			2071	861
			2072	861
			2073	861
			2074	861
			2075	860
			2076	860
			2077	860
			2078	860
			2079	860
			2080	859
			2081	859
			2082	859
			2083	859
			2084	859
			2085	859
			2086	858
			2087	858
			2088	858
			2089	858
			2090	858
			2091	857
			2092	857
			2093	857
			2094	857
			2095	857
			2096	856
			2097	856
			2098	856
			2099	856
			2100	856
			2101	855
			2102	855
			2103	855
			2104	855
			2105	855
			2106	854
			2107	854
			2108	854
			2109	854
			2110	854
			2111	853
			2112	853
			2113	853
			2114	853
			2115	852
			2116	852
			2117	852
			2118	852
			2119	852
			2120	851
			2121	851
			2122	851
			2123	851
			2124	850
			2125	850
			2126	850
			2127	850
			2128	849
			2129	849
			2130	849
			2131	849
			2132	848
			2133	848
			2134	848
			2135	848
			2136	847
			2137	847
			2138	847
			2139	847
			2140	846
			2141	846
			2142	846
			2143	845
			2144	845
			2145	845
			2146	845
			2147	844
			2148	844
			2149	844
			2150	844
			2151	843
			2152	843
			2153	843
			2154	842
			2155	842
			2156	842
			2157	842
			2158	841
			2159	841
			2160	841
			2161	841
			2162	840
			2163	840
			2164	840
			2165	839
			2166	839
			2167	839
			2168	838
			2169	838
			2170	838
			2171	838
			2172	837
			2173	837
			2174	837
			2175	836
			2176	836
			2177	836
			2178	835
			2179	835
			2180	835
			2181	834
			2182	834
			2183	834
			2184	834
			2184	833
			2185	833
			2186	833
			2187	832
			2188	832
			2189	832
			2190	831
			2191	831
			2192	831
			2193	830
			2194	830
			2195	830
			2196	829
			2197	829
		</caud_dors_post>
		<caud_vent_post type=matrix rownames=FALSE colnames=FALSE nrow=86 ncol=2 as.numeric=TRUE >
			2206	1105
			2205	1105
			2204	1104
			2203	1104
			2202	1104
			2201	1104
			2201	1103
			2200	1103
			2199	1103
			2198	1102
			2197	1102
			2196	1102
			2195	1102
			2194	1101
			2193	1101
			2192	1101
			2191	1100
			2190	1100
			2189	1100
			2188	1099
			2187	1099
			2186	1099
			2185	1099
			2184	1098
			2183	1098
			2182	1098
			2181	1097
			2180	1097
			2179	1097
			2178	1097
			2177	1096
			2176	1096
			2175	1096
			2174	1096
			2173	1095
			2172	1095
			2171	1095
			2170	1095
			2169	1094
			2168	1094
			2167	1094
			2166	1094
			2165	1093
			2164	1093
			2163	1093
			2162	1093
			2161	1092
			2160	1092
			2159	1092
			2158	1092
			2157	1091
			2156	1091
			2155	1091
			2154	1091
			2153	1091
			2152	1090
			2151	1090
			2150	1090
			2149	1090
			2148	1090
			2147	1089
			2146	1089
			2145	1089
			2144	1089
			2143	1089
			2142	1088
			2141	1088
			2140	1088
			2139	1088
			2138	1088
			2137	1088
			2136	1087
			2135	1087
			2134	1087
			2133	1087
			2132	1087
			2131	1086
			2130	1086
			2129	1086
			2128	1086
			2127	1086
			2126	1086
			2125	1085
			2124	1085
			2123	1085
			2122	1085
		</caud_vent_post>
		<caudal_vent_ant type=matrix rownames=FALSE colnames=FALSE nrow=87 ncol=2 as.numeric=TRUE >
			2122	1085
			2121	1085
			2120	1085
			2119	1085
			2118	1085
			2117	1085
			2116	1085
			2115	1085
			2114	1086
			2113	1086
			2112	1086
			2111	1086
			2110	1086
			2109	1086
			2108	1086
			2107	1086
			2106	1087
			2105	1087
			2104	1087
			2103	1087
			2102	1087
			2101	1087
			2100	1088
			2099	1088
			2098	1088
			2097	1088
			2096	1088
			2095	1089
			2094	1089
			2093	1089
			2092	1089
			2091	1089
			2090	1090
			2089	1090
			2088	1090
			2087	1090
			2086	1091
			2085	1091
			2084	1091
			2083	1091
			2082	1092
			2081	1092
			2080	1092
			2079	1093
			2078	1093
			2077	1093
			2076	1094
			2075	1094
			2074	1094
			2073	1095
			2072	1095
			2071	1095
			2070	1096
			2069	1096
			2068	1097
			2067	1097
			2066	1097
			2065	1098
			2064	1098
			2063	1099
			2062	1099
			2061	1099
			2060	1100
			2059	1100
			2058	1101
			2057	1101
			2056	1102
			2055	1102
			2054	1103
			2053	1103
			2052	1104
			2051	1104
			2050	1105
			2049	1105
			2048	1106
			2047	1106
			2046	1107
			2045	1107
			2044	1108
			2043	1108
			2042	1109
			2041	1109
			2040	1110
			2039	1110
			2038	1111
			2037	1112
			2036	1112
		</caudal_vent_ant>
		<anal type=matrix rownames=FALSE colnames=FALSE nrow=693 ncol=2 as.numeric=TRUE >
			2036	1112
			2035	1112
			2034	1113
			2033	1113
			2032	1114
			2031	1114
			2030	1115
			2029	1115
			2029	1116
			2028	1116
			2027	1117
			2026	1117
			2025	1118
			2024	1118
			2023	1119
			2022	1119
			2021	1119
			2020	1120
			2019	1120
			2018	1121
			2017	1121
			2016	1122
			2015	1122
			2015	1123
			2014	1123
			2013	1124
			2012	1124
			2011	1125
			2010	1125
			2009	1125
			2008	1126
			2007	1126
			2006	1127
			2005	1127
			2004	1128
			2003	1128
			2002	1129
			2001	1130
			2000	1130
			1999	1130
			1999	1131
			1998	1131
			1997	1131
			1997	1132
			1996	1132
			1995	1132
			1995	1133
			1994	1133
			1993	1133
			1993	1134
			1992	1134
			1991	1134
			1991	1135
			1990	1135
			1989	1135
			1989	1136
			1988	1136
			1987	1136
			1987	1137
			1986	1137
			1985	1137
			1985	1138
			1984	1138
			1983	1138
			1982	1139
			1981	1139
			1980	1140
			1979	1140
			1978	1141
			1977	1141
			1976	1142
			1975	1142
			1974	1143
			1973	1143
			1972	1144
			1971	1144
			1970	1145
			1969	1145
			1968	1146
			1967	1146
			1966	1146
			1965	1147
			1964	1147
			1963	1148
			1962	1148
			1961	1149
			1960	1149
			1960	1150
			1959	1150
			1958	1151
			1957	1151
			1956	1152
			1955	1152
			1954	1152
			1953	1153
			1952	1153
			1951	1154
			1950	1154
			1949	1155
			1948	1155
			1947	1156
			1946	1156
			1945	1157
			1944	1157
			1943	1157
			1942	1158
			1941	1158
			1940	1159
			1939	1159
			1939	1160
			1938	1160
			1937	1161
			1936	1161
			1935	1162
			1934	1162
			1933	1162
			1932	1163
			1931	1163
			1930	1164
			1929	1164
			1928	1165
			1927	1165
			1926	1166
			1925	1166
			1924	1167
			1923	1167
			1922	1167
			1921	1168
			1920	1168
			1919	1169
			1918	1170
			1917	1170
			1916	1170
			1916	1171
			1915	1171
			1914	1171
			1913	1172
			1912	1172
			1911	1173
			1910	1173
			1909	1174
			1908	1174
			1907	1174
			1907	1175
			1906	1175
			1905	1176
			1904	1176
			1903	1176
			1903	1177
			1902	1177
			1901	1177
			1900	1178
			1899	1178
			1898	1179
			1897	1179
			1896	1180
			1895	1180
			1894	1181
			1893	1181
			1892	1182
			1891	1182
			1890	1183
			1889	1183
			1888	1183
			1887	1184
			1886	1184
			1885	1185
			1884	1185
			1883	1186
			1882	1186
			1881	1187
			1880	1187
			1879	1188
			1878	1188
			1877	1188
			1876	1189
			1875	1189
			1874	1190
			1873	1190
			1872	1191
			1871	1191
			1870	1192
			1869	1192
			1868	1192
			1867	1193
			1866	1194
			1865	1194
			1864	1194
			1863	1195
			1862	1195
			1861	1196
			1860	1196
			1859	1197
			1858	1197
			1857	1198
			1856	1198
			1855	1199
			1854	1199
			1853	1200
			1852	1200
			1851	1201
			1850	1201
			1849	1201
			1848	1202
			1847	1202
			1846	1203
			1845	1203
			1844	1204
			1843	1204
			1842	1205
			1841	1205
			1840	1205
			1839	1206
			1838	1206
			1837	1207
			1836	1207
			1835	1208
			1834	1208
			1833	1209
			1832	1209
			1831	1210
			1830	1210
			1829	1210
			1828	1211
			1827	1211
			1826	1212
			1825	1212
			1824	1213
			1823	1213
			1822	1214
			1821	1214
			1820	1214
			1819	1215
			1818	1215
			1817	1216
			1816	1216
			1815	1217
			1814	1217
			1813	1217
			1812	1218
			1811	1218
			1810	1219
			1809	1219
			1808	1220
			1807	1220
			1806	1220
			1805	1221
			1804	1221
			1803	1222
			1802	1222
			1801	1222
			1801	1223
			1800	1223
			1799	1223
			1798	1224
			1797	1224
			1796	1225
			1795	1225
			1794	1226
			1793	1226
			1792	1227
			1791	1227
			1790	1228
			1789	1228
			1788	1228
			1787	1229
			1786	1229
			1785	1230
			1784	1230
			1783	1231
			1782	1231
			1781	1231
			1780	1232
			1779	1232
			1778	1233
			1777	1233
			1776	1233
			1775	1234
			1774	1234
			1773	1234
			1773	1235
			1772	1235
			1771	1236
			1770	1236
			1769	1236
			1768	1237
			1767	1237
			1766	1238
			1765	1238
			1764	1239
			1763	1239
			1762	1240
			1761	1240
			1760	1240
			1759	1241
			1758	1241
			1757	1242
			1756	1242
			1755	1242
			1754	1243
			1753	1243
			1752	1244
			1751	1244
			1750	1244
			1749	1245
			1748	1245
			1747	1246
			1746	1246
			1745	1247
			1744	1247
			1743	1247
			1742	1248
			1741	1248
			1740	1249
			1739	1249
			1738	1249
			1738	1250
			1737	1250
			1736	1250
			1735	1251
			1734	1251
			1733	1252
			1732	1252
			1731	1252
			1730	1253
			1729	1253
			1728	1254
			1727	1254
			1726	1254
			1725	1255
			1724	1255
			1723	1256
			1722	1256
			1721	1256
			1721	1257
			1720	1257
			1719	1257
			1718	1258
			1717	1258
			1716	1259
			1715	1259
			1714	1259
			1713	1259
			1712	1260
			1711	1260
			1710	1260
			1709	1260
			1708	1261
			1707	1261
			1706	1261
			1705	1261
			1704	1261
			1703	1262
			1702	1262
			1701	1262
			1700	1262
			1699	1262
			1698	1263
			1697	1263
			1696	1263
			1695	1263
			1694	1263
			1693	1264
			1692	1264
			1691	1264
			1690	1264
			1689	1264
			1689	1265
			1688	1265
			1687	1265
			1686	1265
			1685	1265
			1684	1266
			1683	1266
			1682	1266
			1681	1266
			1680	1266
			1679	1267
			1678	1267
			1677	1267
			1676	1267
			1675	1267
			1674	1268
			1673	1268
			1672	1268
			1671	1268
			1670	1268
			1669	1269
			1668	1269
			1667	1269
			1666	1269
			1665	1269
			1664	1270
			1663	1270
			1662	1270
			1661	1270
			1660	1270
			1660	1271
			1659	1271
			1658	1271
			1657	1271
			1656	1271
			1655	1271
			1654	1272
			1653	1272
			1652	1272
			1651	1272
			1650	1272
			1649	1273
			1648	1273
			1647	1273
			1646	1273
			1645	1273
			1644	1274
			1643	1274
			1642	1274
			1641	1274
			1640	1274
			1639	1275
			1638	1275
			1637	1275
			1636	1275
			1635	1275
			1634	1276
			1633	1276
			1632	1276
			1631	1276
			1630	1276
			1629	1277
			1628	1277
			1627	1277
			1626	1277
			1625	1277
			1624	1278
			1623	1278
			1622	1278
			1621	1278
			1620	1278
			1619	1279
			1618	1279
			1617	1279
			1616	1279
			1615	1279
			1614	1280
			1613	1280
			1612	1280
			1611	1280
			1610	1280
			1609	1280
			1608	1281
			1607	1281
			1606	1281
			1605	1281
			1604	1281
			1603	1282
			1602	1282
			1601	1282
			1600	1282
			1599	1282
			1598	1283
			1597	1283
			1596	1283
			1595	1283
			1594	1283
			1593	1283
			1592	1284
			1591	1284
			1590	1284
			1589	1284
			1588	1284
			1587	1285
			1586	1285
			1585	1285
			1584	1285
			1583	1285
			1582	1285
			1581	1286
			1580	1286
			1579	1286
			1578	1286
			1577	1286
			1576	1287
			1575	1287
			1574	1287
			1573	1287
			1572	1287
			1571	1287
			1570	1288
			1569	1288
			1568	1288
			1567	1288
			1566	1288
			1565	1289
			1564	1289
			1563	1289
			1562	1289
			1561	1289
			1560	1289
			1560	1290
			1559	1290
			1558	1290
			1557	1290
			1556	1290
			1555	1290
			1554	1291
			1553	1291
			1552	1291
			1551	1291
			1550	1291
			1549	1292
			1548	1292
			1547	1292
			1546	1292
			1545	1292
			1544	1292
			1543	1293
			1542	1293
			1541	1293
			1540	1293
			1539	1293
			1538	1293
			1537	1294
			1536	1294
			1535	1294
			1534	1294
			1533	1294
			1532	1294
			1531	1295
			1530	1295
			1529	1295
			1528	1295
			1527	1295
			1526	1295
			1525	1296
			1524	1296
			1523	1296
			1522	1296
			1521	1296
			1520	1297
			1519	1297
			1518	1297
			1517	1297
			1516	1297
			1515	1297
			1514	1298
			1513	1298
			1512	1298
			1511	1298
			1510	1298
			1509	1298
			1508	1298
			1508	1299
			1507	1299
			1506	1299
			1505	1299
			1504	1299
			1503	1299
			1502	1300
			1501	1300
			1500	1300
			1499	1300
			1498	1300
			1497	1300
			1496	1301
			1495	1301
			1494	1301
			1493	1301
			1492	1301
			1491	1301
			1490	1302
			1489	1302
			1488	1302
			1487	1302
			1486	1302
			1485	1302
			1484	1303
			1483	1303
			1482	1303
			1481	1303
			1480	1303
			1479	1303
			1478	1303
			1477	1304
			1476	1304
			1475	1304
			1474	1304
			1473	1304
			1472	1304
			1471	1305
			1470	1305
			1469	1305
			1468	1305
			1467	1305
			1466	1305
			1465	1306
			1464	1306
			1463	1306
			1462	1306
			1461	1306
			1460	1306
			1459	1307
			1458	1307
			1457	1307
			1456	1307
			1455	1307
			1454	1307
			1453	1308
			1452	1308
			1451	1308
			1450	1308
			1449	1308
			1448	1308
			1447	1308
			1446	1309
			1445	1309
			1444	1309
			1443	1309
			1442	1309
			1441	1309
			1440	1310
			1439	1310
			1438	1310
			1437	1310
			1436	1310
			1435	1310
			1434	1310
			1433	1311
			1432	1311
			1431	1311
			1430	1311
			1429	1311
			1428	1311
			1427	1312
			1426	1312
			1425	1312
			1424	1312
			1423	1312
			1422	1312
			1421	1312
			1420	1313
			1419	1313
			1418	1313
			1417	1313
			1416	1313
			1415	1313
			1414	1313
			1413	1314
			1412	1314
			1411	1314
			1410	1314
			1409	1314
			1408	1314
			1407	1314
			1406	1315
			1405	1315
			1404	1315
			1403	1315
			1402	1315
			1401	1315
			1400	1315
			1399	1316
			1398	1316
			1397	1316
			1396	1316
			1395	1316
			1394	1316
			1393	1316
			1392	1317
			1391	1317
			1390	1317
			1389	1317
			1388	1317
			1387	1317
			1386	1317
			1385	1318
			1384	1318
			1383	1318
			1382	1318
			1381	1318
			1380	1318
			1379	1318
			1378	1319
			1377	1319
			1376	1319
			1375	1319
			1374	1319
			1373	1319
			1372	1319
			1371	1319
			1370	1320
			1369	1320
			1368	1320
			1367	1320
		</anal>
		<ventral_body type=matrix rownames=FALSE colnames=FALSE nrow=1273 ncol=2 as.numeric=TRUE >
			1367	1320
			1366	1320
			1365	1320
			1364	1320
			1363	1321
			1362	1321
			1361	1321
			1360	1321
			1359	1321
			1358	1321
			1357	1322
			1356	1322
			1355	1322
			1354	1322
			1353	1322
			1352	1322
			1351	1323
			1350	1323
			1349	1323
			1348	1323
			1347	1323
			1346	1324
			1345	1324
			1344	1324
			1343	1324
			1342	1324
			1341	1325
			1340	1325
			1339	1325
			1338	1325
			1337	1325
			1336	1326
			1335	1326
			1334	1326
			1333	1326
			1332	1327
			1331	1327
			1330	1327
			1329	1327
			1328	1327
			1327	1328
			1326	1328
			1325	1328
			1324	1329
			1323	1329
			1322	1329
			1321	1329
			1320	1329
			1319	1330
			1318	1330
			1317	1330
			1316	1331
			1315	1331
			1314	1331
			1313	1331
			1312	1332
			1311	1332
			1310	1332
			1309	1332
			1308	1333
			1307	1333
			1306	1333
			1305	1334
			1304	1334
			1303	1334
			1302	1334
			1302	1335
			1301	1335
			1300	1335
			1299	1335
			1298	1336
			1297	1336
			1296	1337
			1295	1337
			1294	1337
			1293	1337
			1293	1338
			1292	1338
			1291	1338
			1290	1338
			1290	1339
			1289	1339
			1288	1339
			1287	1339
			1287	1340
			1286	1340
			1285	1340
			1284	1340
			1284	1341
			1283	1341
			1282	1341
			1281	1341
			1281	1342
			1280	1342
			1279	1342
			1278	1343
			1277	1343
			1276	1343
			1275	1344
			1274	1344
			1273	1344
			1272	1345
			1271	1345
			1271	1346
			1270	1347
			1269	1348
			1268	1349
			1267	1349
			1266	1350
			1265	1351
			1264	1352
			1263	1352
			1262	1353
			1261	1354
			1260	1355
			1259	1355
			1258	1356
			1257	1357
			1256	1357
			1255	1358
			1254	1359
			1253	1360
			1252	1360
			1251	1361
			1250	1362
			1249	1362
			1248	1363
			1247	1364
			1246	1364
			1245	1365
			1244	1366
			1243	1366
			1242	1367
			1241	1367
			1240	1368
			1239	1369
			1238	1369
			1237	1370
			1236	1370
			1235	1371
			1234	1372
			1233	1372
			1232	1373
			1231	1373
			1230	1374
			1229	1374
			1228	1375
			1227	1375
			1226	1376
			1225	1377
			1224	1377
			1223	1378
			1222	1378
			1221	1379
			1220	1379
			1219	1379
			1219	1380
			1218	1380
			1217	1380
			1217	1381
			1216	1381
			1215	1381
			1215	1382
			1214	1382
			1213	1382
			1213	1383
			1212	1383
			1211	1383
			1210	1384
			1209	1384
			1208	1385
			1207	1385
			1206	1386
			1205	1386
			1204	1387
			1203	1387
			1202	1388
			1201	1388
			1200	1388
			1199	1389
			1198	1389
			1197	1390
			1196	1390
			1195	1391
			1194	1391
			1193	1391
			1192	1392
			1191	1392
			1190	1393
			1189	1393
			1188	1393
			1187	1394
			1186	1394
			1185	1395
			1184	1395
			1183	1395
			1182	1396
			1181	1396
			1180	1396
			1179	1397
			1178	1397
			1177	1397
			1176	1398
			1175	1398
			1174	1398
			1173	1399
			1172	1399
			1171	1399
			1170	1400
			1169	1400
			1168	1400
			1168	1401
			1167	1401
			1166	1401
			1165	1402
			1164	1402
			1163	1402
			1162	1403
			1161	1403
			1160	1403
			1159	1404
			1158	1404
			1157	1404
			1156	1404
			1155	1405
			1154	1405
			1153	1405
			1152	1406
			1151	1406
			1150	1406
			1149	1407
			1148	1407
			1147	1407
			1146	1407
			1145	1408
			1144	1408
			1143	1408
			1142	1408
			1141	1408
			1140	1408
			1139	1408
			1138	1408
			1137	1408
			1136	1408
			1135	1408
			1134	1408
			1133	1408
			1132	1408
			1131	1408
			1130	1408
			1129	1408
			1128	1408
			1127	1408
			1126	1408
			1125	1408
			1124	1408
			1123	1408
			1122	1408
			1121	1408
			1120	1408
			1119	1408
			1118	1408
			1117	1408
			1116	1408
			1115	1408
			1114	1408
			1113	1408
			1112	1408
			1111	1408
			1110	1408
			1109	1408
			1108	1408
			1107	1408
			1106	1408
			1105	1408
			1104	1408
			1103	1408
			1102	1408
			1101	1408
			1100	1408
			1099	1408
			1098	1408
			1097	1408
			1096	1408
			1095	1408
			1094	1408
			1093	1408
			1092	1408
			1091	1408
			1090	1408
			1089	1408
			1088	1408
			1087	1407
			1086	1407
			1085	1407
			1084	1407
			1083	1407
			1082	1407
			1081	1407
			1080	1407
			1079	1407
			1078	1407
			1077	1407
			1076	1407
			1075	1407
			1074	1407
			1073	1407
			1072	1407
			1071	1406
			1070	1406
			1069	1406
			1068	1406
			1067	1406
			1066	1406
			1065	1406
			1064	1406
			1063	1406
			1062	1406
			1061	1406
			1060	1405
			1059	1405
			1058	1405
			1057	1405
			1056	1405
			1055	1405
			1054	1405
			1053	1405
			1052	1405
			1051	1405
			1050	1404
			1049	1404
			1048	1404
			1047	1404
			1046	1404
			1045	1404
			1044	1404
			1043	1404
			1042	1404
			1041	1403
			1040	1403
			1039	1403
			1038	1403
			1037	1403
			1036	1403
			1035	1403
			1034	1403
			1033	1402
			1032	1402
			1031	1402
			1030	1402
			1029	1402
			1028	1402
			1027	1402
			1026	1401
			1025	1401
			1024	1401
			1023	1401
			1022	1401
			1021	1401
			1020	1401
			1019	1400
			1018	1400
			1017	1400
			1016	1400
			1015	1400
			1014	1400
			1013	1400
			1012	1399
			1011	1399
			1010	1399
			1009	1399
			1008	1399
			1007	1398
			1006	1398
			1005	1398
			1004	1398
			1003	1398
			1002	1398
			1001	1397
			1000	1397
			999	1397
			998	1397
			997	1397
			996	1397
			996	1396
			995	1396
			994	1396
			993	1396
			992	1396
			991	1395
			990	1395
			989	1395
			988	1395
			987	1395
			986	1395
			985	1394
			984	1394
			983	1394
			982	1394
			981	1394
			980	1393
			979	1393
			978	1393
			977	1393
			976	1392
			975	1392
			974	1392
			973	1392
			972	1392
			971	1391
			970	1391
			969	1391
			968	1391
			967	1390
			966	1390
			965	1390
			964	1390
			963	1390
			962	1389
			961	1389
			960	1389
			959	1389
			958	1388
			957	1388
			956	1388
			955	1388
			954	1387
			953	1387
			952	1387
			951	1387
			950	1386
			949	1386
			948	1386
			947	1386
			946	1385
			945	1385
			944	1385
			943	1384
			942	1384
			941	1384
			940	1384
			939	1383
			938	1383
			937	1383
			936	1383
			935	1382
			934	1382
			933	1382
			932	1382
			931	1381
			930	1381
			929	1381
			928	1380
			927	1380
			926	1380
			925	1380
			924	1379
			923	1379
			922	1379
			921	1378
			920	1378
			919	1378
			918	1378
			917	1377
			916	1377
			915	1377
			914	1376
			913	1376
			912	1376
			911	1376
			910	1375
			909	1375
			908	1375
			907	1375
			906	1374
			905	1374
			904	1374
			903	1374
			902	1374
			901	1373
			900	1373
			899	1373
			898	1373
			897	1372
			896	1372
			895	1372
			894	1372
			893	1371
			892	1371
			891	1371
			890	1371
			889	1370
			888	1370
			887	1370
			886	1370
			885	1369
			884	1369
			883	1369
			882	1369
			881	1368
			880	1368
			879	1368
			878	1368
			877	1368
			876	1367
			875	1367
			874	1367
			873	1366
			872	1366
			871	1366
			870	1366
			869	1366
			869	1365
			868	1365
			867	1365
			866	1365
			865	1364
			864	1364
			863	1364
			862	1364
			861	1364
			861	1363
			860	1363
			859	1363
			858	1363
			857	1362
			856	1362
			855	1362
			854	1362
			853	1361
			852	1361
			851	1361
			850	1361
			849	1360
			848	1360
			847	1360
			846	1360
			845	1359
			844	1359
			843	1359
			842	1358
			841	1358
			840	1358
			839	1358
			838	1357
			837	1357
			836	1357
			835	1357
			834	1356
			833	1356
			832	1356
			831	1355
			830	1355
			829	1355
			828	1354
			827	1354
			826	1354
			825	1354
			824	1353
			823	1353
			822	1353
			821	1352
			820	1352
			819	1352
			818	1352
			817	1351
			816	1351
			815	1351
			814	1350
			813	1350
			812	1350
			811	1349
			810	1349
			809	1349
			808	1349
			807	1348
			806	1348
			805	1348
			804	1347
			803	1347
			802	1347
			801	1346
			800	1346
			799	1346
			798	1346
			797	1345
			796	1345
			795	1345
			794	1344
			793	1344
			792	1344
			791	1343
			790	1343
			789	1343
			788	1342
			787	1342
			786	1342
			785	1342
			784	1341
			783	1341
			782	1341
			781	1340
			780	1340
			779	1340
			778	1339
			777	1339
			776	1339
			775	1338
			774	1338
			773	1338
			772	1337
			771	1337
			770	1337
			769	1337
			768	1336
			767	1336
			766	1336
			765	1335
			764	1335
			763	1335
			763	1334
			762	1334
			761	1334
			760	1334
			759	1333
			758	1333
			757	1333
			756	1332
			755	1332
			754	1331
			753	1331
			752	1331
			751	1331
			751	1330
			750	1330
			749	1330
			748	1330
			747	1329
			746	1329
			745	1329
			744	1328
			743	1328
			742	1328
			742	1327
			741	1327
			740	1327
			739	1327
			739	1326
			738	1326
			737	1326
			736	1326
			735	1325
			734	1325
			733	1324
			732	1324
			731	1324
			730	1324
			729	1323
			728	1323
			727	1323
			726	1322
			725	1322
			724	1321
			723	1321
			722	1321
			721	1320
			720	1320
			719	1320
			718	1319
			717	1319
			716	1319
			716	1318
			715	1318
			714	1318
			713	1318
			712	1317
			711	1317
			710	1316
			709	1316
			708	1316
			707	1315
			706	1315
			705	1315
			704	1314
			703	1314
			702	1314
			701	1313
			700	1313
			699	1312
			698	1312
			697	1312
			696	1311
			695	1311
			694	1311
			693	1310
			692	1310
			691	1310
			690	1309
			689	1309
			688	1308
			687	1308
			686	1308
			685	1307
			684	1307
			683	1307
			682	1306
			681	1306
			680	1306
			679	1305
			678	1305
			677	1304
			676	1304
			675	1304
			674	1303
			673	1303
			672	1303
			671	1302
			670	1301
			669	1301
			668	1301
			667	1301
			667	1300
			666	1300
			665	1300
			665	1299
			664	1299
			663	1299
			662	1299
			662	1298
			661	1298
			660	1298
			659	1298
			659	1297
			658	1297
			657	1297
			657	1296
			656	1296
			655	1296
			654	1296
			654	1295
			653	1295
			652	1295
			652	1294
			651	1294
			650	1294
			650	1293
			649	1293
			649	1292
			648	1292
			647	1292
			647	1291
			646	1291
			645	1291
			645	1290
			644	1290
			643	1290
			643	1289
			642	1289
			642	1288
			641	1288
			640	1288
			640	1287
			639	1287
			638	1287
			638	1286
			637	1286
			636	1285
			635	1285
			634	1284
			633	1283
			632	1283
			631	1282
			630	1282
			629	1281
			628	1281
			627	1280
			626	1279
			625	1279
			624	1278
			623	1278
			622	1277
			621	1277
			620	1276
			619	1276
			619	1275
			618	1275
			617	1274
			616	1274
			615	1273
			614	1272
			613	1272
			612	1271
			611	1271
			610	1270
			609	1270
			608	1269
			607	1269
			606	1268
			605	1268
			604	1267
			603	1266
			602	1265
			601	1265
			600	1265
			600	1264
			599	1264
			598	1263
			597	1263
			596	1262
			595	1261
			594	1261
			593	1260
			592	1260
			591	1260
			591	1259
			590	1259
			589	1258
			588	1258
			587	1257
			586	1256
			585	1256
			584	1255
			583	1254
			582	1254
			581	1253
			580	1253
			579	1252
			578	1252
			577	1251
			576	1250
			575	1250
			574	1249
			573	1249
			572	1248
			571	1248
			570	1247
			569	1246
			568	1246
			567	1245
			566	1245
			565	1244
			564	1243
			563	1243
			562	1242
			561	1242
			560	1241
			559	1241
			558	1240
			557	1239
			556	1239
			555	1238
			554	1238
			553	1237
			552	1236
			551	1236
			550	1235
			549	1235
			548	1234
			547	1233
			546	1233
			545	1232
			544	1232
			543	1231
			542	1231
			541	1230
			540	1230
			539	1229
			538	1228
			537	1228
			536	1228
			536	1227
			535	1227
			534	1226
			533	1226
			533	1225
			532	1225
			531	1225
			531	1224
			530	1224
			529	1223
			528	1223
			528	1222
			527	1222
			526	1222
			525	1221
			524	1220
			523	1220
			522	1219
			521	1219
			520	1218
			519	1218
			519	1217
			518	1217
			517	1216
			516	1216
			515	1215
			514	1215
			513	1214
			512	1213
			511	1213
			510	1212
			509	1211
			508	1211
			507	1210
			506	1210
			505	1209
			504	1209
			503	1208
			502	1207
			501	1207
			500	1206
			499	1206
			498	1205
			497	1204
			496	1204
			495	1203
			494	1203
			493	1202
			492	1202
			491	1201
			490	1201
			489	1200
			488	1200
			488	1199
			487	1198
			486	1198
			485	1197
			484	1197
			483	1196
			482	1196
			481	1195
			480	1195
			479	1194
			478	1193
			477	1193
			476	1192
			475	1192
			474	1191
			473	1191
			472	1190
			471	1190
			471	1189
			470	1188
			469	1188
			468	1187
			467	1187
			466	1186
			465	1186
			464	1185
			463	1185
			462	1184
			461	1183
			460	1183
			459	1182
			458	1182
			457	1181
			456	1181
			455	1180
			454	1180
			453	1179
			452	1178
			451	1178
			450	1177
			449	1176
			448	1176
			447	1175
			446	1175
			446	1174
			445	1174
			444	1174
			444	1173
			443	1173
			442	1172
			441	1172
			440	1171
			439	1170
			438	1170
			437	1169
			436	1169
			435	1168
			434	1167
			433	1167
			432	1166
			431	1166
			430	1165
			429	1164
			428	1164
			427	1163
			426	1163
			425	1162
			424	1161
			423	1161
			422	1160
			421	1160
			420	1159
			419	1158
			418	1158
			417	1157
			416	1157
			415	1156
			414	1155
			413	1155
			412	1155
			412	1154
			411	1154
			410	1154
			410	1153
			409	1153
			408	1152
			407	1152
			406	1151
			405	1150
			404	1150
			403	1150
			403	1149
			402	1149
			401	1148
			400	1148
			400	1147
			399	1147
			398	1146
			397	1146
			396	1145
			395	1145
			394	1144
			393	1144
			392	1143
			391	1142
			390	1141
			389	1141
			388	1140
			387	1140
			386	1139
			385	1138
			384	1137
			383	1137
			382	1136
			381	1135
			380	1135
			379	1134
			378	1133
			377	1133
			377	1132
			376	1131
			375	1131
			374	1130
			373	1130
			372	1129
			372	1128
			371	1128
			370	1127
			369	1127
			368	1126
			367	1125
			366	1124
			365	1124
			364	1123
			363	1122
			362	1121
			361	1121
			360	1120
			359	1119
			358	1119
			357	1118
			356	1117
			355	1117
			354	1116
			354	1115
			353	1115
			352	1114
			351	1113
			350	1113
			349	1112
			348	1111
			347	1111
			346	1110
			345	1109
			344	1109
			344	1108
			343	1107
			342	1107
			341	1106
			340	1105
			339	1105
			338	1104
			337	1103
			336	1102
			335	1101
			334	1101
			333	1100
			332	1099
			331	1099
			330	1098
			329	1097
			328	1096
			327	1096
			326	1095
			325	1094
			324	1093
			323	1093
			322	1092
			321	1091
			320	1091
			319	1090
			318	1089
			317	1089
			316	1088
			316	1087
			315	1087
			314	1086
			313	1085
			312	1085
			311	1084
			310	1083
			309	1083
			309	1082
			308	1081
			307	1081
			306	1080
			305	1079
			304	1079
			303	1078
			302	1077
			301	1076
			300	1076
			299	1075
			298	1074
			297	1073
			296	1073
			295	1072
			294	1071
			293	1071
			293	1070
			292	1069
			291	1069
			290	1068
			289	1067
			288	1067
			287	1066
			287	1065
			286	1065
			285	1064
			284	1063
			283	1063
			282	1062
			282	1061
			281	1061
			280	1060
			279	1060
			279	1059
			278	1058
			277	1058
			276	1057
			275	1056
			274	1055
			273	1055
			272	1054
			272	1053
			271	1053
			270	1053
			269	1052
			268	1052
			267	1051
			266	1051
			265	1051
			265	1050
			264	1050
			263	1050
			262	1049
			261	1049
			261	1048
			260	1048
			259	1048
			258	1047
			257	1047
			256	1046
			255	1046
			254	1045
			253	1045
			252	1044
			251	1044
			250	1043
			249	1043
			248	1042
			247	1042
			246	1041
			245	1041
			244	1040
			243	1040
			242	1039
			241	1039
			240	1038
			239	1038
			239	1037
			238	1037
			237	1036
			236	1036
			235	1035
			234	1035
			234	1034
			233	1034
			232	1034
			231	1033
			230	1032
			229	1032
			228	1031
			227	1030
			226	1030
			226	1029
			225	1029
			224	1028
			223	1028
			222	1027
			222	1026
			221	1026
			220	1025
			219	1024
			218	1023
			217	1022
			216	1022
			215	1021
			215	1020
			214	1020
			213	1019
			213	1018
			212	1018
			212	1017
			211	1017
			211	1016
			210	1015
			209	1014
			208	1013
			208	1012
			208	1011
			207	1010
			207	1009
			207	1008
			206	1007
			206	1006
			206	1005
			206	1004
			206	1003
			205	1002
			205	1001
			205	1000
			205	999
			205	998
			205	997
			205	996
			205	995
			205	994
			205	993
			205	992
			205	991
			205	990
			205	989
			205	988
			206	988
			206	987
			206	986
			206	985
			206	984
			207	983
			207	982
			207	981
			207	980
			208	979
			208	978
			208	977
			209	977
			209	976
			210	975
			210	974
		</ventral_body>
		<operculum type=matrix rownames=FALSE colnames=FALSE nrow=181 ncol=2 as.numeric=TRUE >
			723	1112
			723	1111
			722	1111
			722	1110
			721	1109
			721	1108
			720	1108
			720	1107
			720	1106
			719	1105
			719	1104
			718	1103
			718	1102
			717	1101
			717	1100
			717	1099
			717	1098
			716	1097
			716	1096
			716	1095
			716	1094
			715	1093
			715	1092
			715	1091
			715	1090
			715	1089
			715	1088
			715	1087
			715	1086
			715	1085
			715	1084
			715	1083
			715	1082
			715	1081
			715	1080
			715	1079
			716	1078
			716	1077
			716	1076
			716	1075
			716	1074
			717	1073
			717	1072
			717	1071
			717	1070
			718	1069
			718	1068
			718	1067
			719	1066
			719	1065
			720	1064
			720	1063
			720	1062
			721	1061
			721	1060
			722	1059
			722	1058
			723	1057
			723	1056
			724	1055
			724	1054
			725	1053
			726	1052
			726	1051
			726	1050
			727	1050
			727	1049
			728	1048
			728	1047
			729	1046
			730	1045
			730	1044
			731	1043
			732	1042
			732	1041
			733	1040
			734	1039
			735	1038
			735	1037
			736	1036
			737	1035
			737	1034
			738	1033
			739	1032
			740	1031
			741	1030
			741	1029
			742	1028
			743	1027
			744	1026
			745	1025
			746	1024
			747	1023
			748	1022
			748	1021
			749	1020
			749	1019
			750	1019
			750	1018
			751	1017
			752	1016
			753	1015
			753	1014
			754	1013
			755	1012
			755	1011
			756	1010
			757	1009
			758	1008
			759	1007
			759	1006
			760	1005
			761	1004
			762	1003
			762	1002
			763	1001
			764	1000
			765	999
			765	998
			766	997
			767	996
			768	995
			769	994
			770	993
			771	992
			771	991
			772	990
			773	989
			774	988
			775	987
			775	986
			776	985
			777	985
			778	984
			779	983
			779	982
			780	981
			781	980
			782	980
			782	979
			783	978
			784	978
			785	977
			785	976
			786	976
			787	975
			787	974
			788	974
			789	973
			789	972
			790	972
			791	971
			792	970
			793	969
			794	969
			795	968
			796	968
			796	967
			797	967
			798	966
			799	966
			799	965
			800	965
			801	965
			801	964
			802	964
			803	964
			803	963
			804	963
			805	963
			806	962
			807	962
			808	962
			809	962
			810	962
			811	962
			812	962
			813	962
			814	962
			815	963
			816	963
		</operculum>
	</curves.pixel>
</shapes>

