<shapes type=list>
	<scaling type=logical names=FALSE length=1 as.numeric=FALSE >NA</scaling>
	<landmarks.pixel type=matrix rownames=TRUE colnames=FALSE nrow=17 ncol=2 as.numeric=TRUE >
		pectoral_dors	461	797
		pectoral_vent	498	900
		premax_post	72	815
		eye_ant	312	526
		eye_post	422	505
		upper_jaw	23	808
		dorsal_ant	817	336
		dorsal_post	1323	558
		caud_pedunc_dors	1387	558
		caud_scale_dors	1433	543
		caud_scale_vent	1466	836
		caud_pedunc_vent	1409	822
		anal_post	1346	838
		anal_ant	999	1059
		lower_jaw	37	839
		operc_vent	392	829
		oper_dor	460	580
	</landmarks.pixel>
	<curves.control type=list>
		<head type=matrix rownames=FALSE colnames=FALSE nrow=15 ncol=2 as.numeric=TRUE >
			23	808
			30	776
			54	709
			89	661
			154	582
			213	512
			236	470
			303	391
			324	358
			464	361
			543	341
			655	324
			752	324
			789	331
			817	336
		</head>
		<dorsal type=matrix rownames=FALSE colnames=FALSE nrow=5 ncol=2 as.numeric=TRUE >
			817	336
			1021	396
			1175	471
			1277	536
			1323	558
		</dorsal>
		<caudal_dors_ant type=matrix rownames=FALSE colnames=FALSE nrow=3 ncol=2 as.numeric=TRUE >
			1323	558
			1357	564
			1387	558
		</caudal_dors_ant>
		<caud_dors_post type=matrix rownames=FALSE colnames=FALSE nrow=3 ncol=2 as.numeric=TRUE >
			1387	558
			1412	553
			1433	543
		</caud_dors_post>
		<caud_vent_post type=matrix rownames=FALSE colnames=FALSE nrow=3 ncol=2 as.numeric=TRUE >
			1466	836
			1436	829
			1409	822
		</caud_vent_post>
		<caudal_vent_ant type=matrix rownames=FALSE colnames=FALSE nrow=3 ncol=2 as.numeric=TRUE >
			1409	822
			1374	831
			1346	838
		</caudal_vent_ant>
		<anal type=matrix rownames=FALSE colnames=FALSE nrow=5 ncol=2 as.numeric=TRUE >
			1346	838
			1222	918
			1116	991
			1045	1027
			999	1059
		</anal>
		<ventral_body type=matrix rownames=FALSE colnames=FALSE nrow=15 ncol=2 as.numeric=TRUE >
			999	1059
			961	1075
			932	1132
			870	1166
			848	1175
			853	1199
			834	1218
			669	1161
			447	1077
			207	959
			150	931
			87	901
			61	866
			42	852
			37	839
		</ventral_body>
		<operculum type=matrix rownames=FALSE colnames=FALSE nrow=13 ncol=2 as.numeric=TRUE >
			392	829
			398	792
			410	768
			418	745
			427	705
			432	669
			434	642
			439	630
			452	626
			454	616
			448	608
			444	599
			460	580
		</operculum>
	</curves.control>
	<curves.pixel type=list>
		<head type=matrix rownames=FALSE colnames=FALSE nrow=992 ncol=2 as.numeric=TRUE >
			23	808
			23	807
			23	806
			24	805
			24	804
			24	803
			24	802
			25	801
			25	800
			25	799
			25	798
			26	797
			26	796
			26	795
			27	794
			27	793
			27	792
			27	791
			28	790
			28	789
			28	788
			28	787
			29	786
			29	785
			29	784
			30	783
			30	782
			30	781
			30	780
			31	779
			31	778
			31	777
			32	776
			32	775
			32	774
			32	773
			33	773
			33	772
			33	771
			33	770
			34	769
			34	768
			34	767
			35	766
			35	765
			35	764
			36	763
			36	762
			36	761
			37	760
			37	759
			37	758
			37	757
			38	757
			38	756
			38	755
			38	754
			39	753
			39	752
			40	751
			40	750
			40	749
			41	748
			41	747
			41	746
			42	745
			42	744
			42	743
			43	742
			43	741
			43	740
			44	739
			44	738
			44	737
			44	736
			45	736
			45	735
			45	734
			46	733
			46	732
			46	731
			47	730
			47	729
			47	728
			48	727
			48	726
			48	725
			49	724
			49	723
			49	722
			50	721
			50	720
			50	719
			51	718
			51	717
			52	716
			52	715
			52	714
			53	713
			53	712
			53	711
			54	710
			54	709
			55	708
			55	707
			56	707
			56	706
			57	705
			57	704
			58	704
			59	703
			59	702
			60	701
			60	700
			61	700
			61	699
			62	698
			63	697
			63	696
			64	696
			64	695
			65	694
			66	693
			66	692
			67	692
			68	691
			68	690
			69	689
			69	688
			70	687
			71	687
			71	686
			72	685
			73	684
			73	683
			74	682
			75	681
			75	680
			76	680
			77	679
			77	678
			78	677
			79	676
			79	675
			80	674
			81	673
			82	672
			83	671
			84	670
			84	669
			85	668
			86	667
			87	666
			88	665
			88	664
			89	663
			89	662
			90	661
			91	661
			91	660
			92	659
			93	658
			93	657
			94	656
			95	656
			95	655
			96	654
			97	653
			97	652
			98	651
			99	650
			100	649
			101	648
			102	647
			103	646
			103	645
			104	644
			105	643
			105	642
			106	642
			106	641
			107	640
			108	639
			109	638
			109	637
			110	636
			111	635
			112	634
			113	633
			113	632
			114	631
			115	630
			116	629
			117	628
			117	627
			118	626
			119	625
			120	624
			120	623
			121	622
			122	621
			123	620
			124	619
			124	618
			125	617
			126	616
			127	615
			128	614
			128	613
			129	612
			130	611
			131	610
			132	609
			133	608
			133	607
			134	606
			135	605
			136	604
			137	603
			138	602
			138	601
			139	600
			140	599
			141	598
			142	597
			143	596
			144	595
			144	594
			145	593
			146	592
			146	591
			147	591
			147	590
			148	589
			149	589
			149	588
			150	587
			151	586
			152	585
			152	584
			153	583
			154	582
			155	581
			156	580
			157	579
			157	578
			158	577
			159	576
			160	575
			161	574
			162	573
			163	572
			163	571
			164	570
			165	569
			166	568
			167	567
			167	566
			168	565
			169	564
			170	563
			170	562
			171	561
			172	560
			173	559
			174	558
			174	557
			175	557
			176	556
			177	555
			177	554
			178	553
			179	552
			179	551
			180	550
			181	549
			182	548
			182	547
			183	546
			184	546
			184	545
			185	544
			186	543
			187	542
			187	541
			188	540
			189	539
			189	538
			190	538
			191	537
			191	536
			192	535
			193	534
			193	533
			194	532
			195	532
			195	531
			196	530
			197	529
			197	528
			198	527
			199	526
			200	525
			201	524
			201	523
			202	522
			203	521
			203	520
			204	519
			205	518
			206	517
			206	516
			207	515
			208	514
			208	513
			209	512
			210	511
			210	510
			211	509
			212	508
			213	507
			214	506
			214	505
			215	504
			215	503
			216	502
			217	501
			217	500
			218	499
			219	498
			219	497
			220	496
			221	495
			221	494
			222	493
			222	492
			223	492
			224	491
			224	490
			225	489
			225	488
			226	487
			226	486
			227	486
			227	485
			228	484
			228	483
			229	482
			229	481
			230	481
			230	480
			231	479
			231	478
			232	477
			233	476
			233	475
			234	474
			234	473
			235	472
			235	471
			236	470
			237	469
			238	468
			239	467
			240	466
			240	465
			241	464
			242	463
			243	462
			244	461
			245	460
			245	459
			246	458
			247	457
			248	456
			249	455
			249	454
			250	453
			251	452
			252	451
			253	450
			253	449
			254	448
			255	447
			256	447
			256	446
			257	445
			258	444
			259	443
			260	442
			260	441
			261	440
			262	439
			263	438
			263	437
			264	437
			265	436
			265	435
			266	434
			267	433
			268	432
			268	431
			269	430
			270	430
			270	429
			271	428
			272	427
			272	426
			273	425
			274	425
			275	424
			275	423
			276	422
			277	421
			277	420
			278	420
			278	419
			279	418
			280	417
			280	416
			281	416
			282	415
			282	414
			283	413
			284	413
			284	412
			285	411
			285	410
			286	409
			287	409
			287	408
			288	407
			288	406
			289	406
			290	405
			290	404
			291	404
			291	403
			292	402
			292	401
			293	401
			294	400
			294	399
			295	399
			295	398
			296	397
			296	396
			297	396
			297	395
			298	394
			299	393
			300	392
			300	391
			301	390
			302	389
			303	388
			304	387
			304	386
			305	385
			306	384
			306	383
			307	382
			308	382
			308	381
			309	380
			309	379
			310	378
			311	377
			311	376
			312	376
			312	375
			313	374
			314	373
			314	372
			315	372
			315	371
			316	370
			316	369
			317	369
			317	368
			318	367
			319	366
			319	365
			320	364
			321	363
			322	362
			322	361
			323	360
			323	359
			324	358
			325	358
			326	358
			327	358
			328	358
			329	358
			330	358
			331	358
			332	358
			333	358
			334	358
			335	358
			336	358
			337	358
			338	358
			339	358
			340	358
			341	358
			342	358
			343	358
			344	358
			345	358
			346	358
			347	358
			348	358
			349	358
			350	358
			351	358
			352	358
			353	358
			354	358
			355	358
			356	358
			357	358
			358	358
			359	358
			360	358
			361	358
			362	358
			363	358
			364	358
			365	358
			366	358
			367	358
			368	358
			369	358
			370	358
			371	358
			372	358
			373	358
			374	358
			375	358
			376	358
			377	358
			378	358
			379	358
			380	358
			381	358
			382	358
			383	358
			384	358
			385	358
			386	358
			387	358
			388	358
			389	358
			390	358
			391	358
			392	358
			393	358
			394	358
			395	358
			396	358
			397	358
			398	358
			399	358
			400	358
			401	358
			402	358
			403	358
			404	358
			405	358
			406	358
			407	358
			408	358
			409	358
			409	357
			410	357
			411	357
			412	357
			413	357
			414	357
			415	357
			416	357
			417	357
			418	357
			419	357
			420	357
			421	357
			422	357
			423	357
			424	357
			425	357
			426	357
			427	357
			428	357
			429	357
			430	357
			431	356
			432	356
			433	356
			434	356
			435	356
			436	356
			437	356
			438	356
			439	356
			440	356
			441	356
			442	356
			443	356
			444	356
			445	356
			446	355
			447	355
			448	355
			449	355
			450	355
			451	355
			452	355
			453	355
			454	355
			455	355
			456	355
			457	355
			458	355
			458	354
			459	354
			460	354
			461	354
			462	354
			463	354
			464	354
			465	354
			466	354
			467	354
			468	354
			469	353
			470	353
			471	353
			472	353
			473	353
			474	353
			475	353
			476	353
			477	353
			478	352
			479	352
			480	352
			481	352
			482	352
			483	352
			484	352
			485	352
			486	352
			486	351
			487	351
			488	351
			489	351
			490	351
			491	351
			492	351
			493	351
			494	350
			495	350
			496	350
			497	350
			498	350
			499	350
			500	350
			501	349
			502	349
			503	349
			504	349
			505	349
			506	349
			507	348
			508	348
			509	348
			510	348
			511	348
			512	348
			513	347
			514	347
			515	347
			516	347
			517	347
			518	347
			519	346
			520	346
			521	346
			522	346
			523	346
			523	345
			524	345
			525	345
			526	345
			527	345
			528	344
			529	344
			530	344
			531	344
			532	344
			532	343
			533	343
			534	343
			535	343
			536	343
			537	342
			538	342
			539	342
			540	342
			541	341
			542	341
			543	341
			544	341
			545	341
			546	341
			546	340
			547	340
			548	340
			549	340
			550	340
			551	340
			552	340
			553	339
			554	339
			555	339
			556	339
			557	339
			558	339
			559	339
			560	339
			561	338
			562	338
			563	338
			564	338
			565	338
			566	338
			567	338
			568	337
			569	337
			570	337
			571	337
			572	337
			573	337
			574	337
			575	336
			576	336
			577	336
			578	336
			579	336
			580	336
			581	336
			582	336
			583	335
			584	335
			585	335
			586	335
			587	335
			588	335
			589	335
			590	334
			591	334
			592	334
			593	334
			594	334
			595	334
			596	334
			597	334
			598	334
			599	333
			600	333
			601	333
			602	333
			603	333
			604	333
			605	333
			606	333
			607	333
			608	332
			609	332
			610	332
			611	332
			612	332
			613	332
			614	332
			615	332
			616	332
			617	331
			618	331
			619	331
			620	331
			621	331
			622	331
			623	331
			624	331
			625	331
			626	331
			627	330
			628	330
			629	330
			630	330
			631	330
			632	330
			633	330
			634	330
			635	330
			636	330
			637	329
			638	329
			639	329
			640	329
			641	329
			642	329
			643	329
			644	329
			645	329
			646	329
			647	329
			648	329
			649	328
			650	328
			651	328
			652	328
			653	328
			654	328
			655	328
			656	328
			657	328
			658	328
			659	328
			660	328
			661	328
			662	327
			663	327
			664	327
			665	327
			666	327
			667	327
			668	327
			669	327
			670	327
			671	327
			672	327
			673	327
			674	327
			675	327
			676	326
			677	326
			678	326
			679	326
			680	326
			681	326
			682	326
			683	326
			684	326
			685	326
			686	326
			687	326
			688	326
			689	326
			690	326
			691	326
			692	326
			693	326
			694	325
			695	325
			696	325
			697	325
			698	325
			699	325
			700	325
			701	325
			702	325
			703	325
			704	325
			705	325
			706	325
			707	325
			708	325
			709	325
			710	325
			711	325
			712	325
			713	325
			714	325
			715	325
			716	325
			717	325
			718	325
			719	324
			720	324
			721	324
			722	324
			723	324
			724	324
			725	324
			726	324
			727	324
			728	324
			729	324
			730	324
			731	324
			732	324
			733	324
			734	324
			735	324
			736	324
			737	324
			738	324
			739	324
			740	324
			741	324
			742	324
			743	324
			744	324
			745	324
			746	324
			747	324
			748	324
			749	324
			750	324
			751	324
			752	324
			753	324
			754	324
			755	325
			756	325
			757	325
			758	325
			759	325
			760	326
			761	326
			762	326
			763	326
			764	326
			765	327
			766	327
			767	327
			768	327
			769	327
			770	327
			771	328
			772	328
			773	328
			774	328
			775	328
			776	328
			776	329
			777	329
			778	329
			779	329
			780	329
			781	329
			781	330
			782	330
			783	330
			784	330
			785	330
			786	330
			787	331
			788	331
			789	331
			790	331
			791	331
			792	331
			793	332
			794	332
			795	332
			796	332
			797	332
			798	332
			798	333
			799	333
			800	333
			801	333
			802	333
			803	333
			804	334
			805	334
			806	334
			807	334
			808	334
			809	335
			810	335
			811	335
			812	335
			813	335
			814	336
			815	336
			816	336
			817	336
		</head>
		<dorsal type=matrix rownames=FALSE colnames=FALSE nrow=530 ncol=2 as.numeric=TRUE >
			817	336
			818	336
			819	337
			820	337
			821	337
			822	337
			823	338
			824	338
			825	338
			826	339
			827	339
			828	339
			829	340
			830	340
			831	340
			832	340
			833	341
			834	341
			835	341
			836	342
			837	342
			838	342
			839	342
			840	343
			841	343
			842	343
			843	344
			844	344
			845	344
			846	345
			847	345
			848	345
			849	346
			850	346
			851	346
			852	347
			853	347
			854	347
			855	347
			856	348
			857	348
			858	348
			859	349
			860	349
			861	349
			862	350
			863	350
			864	350
			865	350
			866	351
			867	351
			868	352
			869	352
			870	352
			871	352
			872	353
			873	353
			874	353
			875	354
			876	354
			877	354
			878	355
			879	355
			880	355
			881	356
			882	356
			883	356
			884	356
			885	357
			886	357
			887	357
			888	358
			889	358
			890	358
			891	359
			892	359
			893	360
			894	360
			895	360
			896	360
			897	361
			898	361
			899	361
			900	362
			901	362
			902	362
			903	363
			904	363
			905	363
			906	364
			907	364
			908	364
			909	365
			910	365
			911	365
			912	366
			913	366
			914	366
			915	366
			916	367
			917	367
			918	368
			919	368
			920	368
			921	369
			922	369
			923	369
			924	370
			925	370
			926	370
			927	371
			928	371
			929	371
			930	372
			931	372
			932	372
			933	373
			934	373
			935	373
			936	374
			937	374
			938	374
			939	375
			940	375
			941	375
			942	376
			943	376
			944	376
			945	377
			946	377
			947	377
			948	378
			949	378
			950	378
			951	379
			952	379
			953	379
			954	380
			955	380
			956	380
			956	381
			957	381
			958	381
			959	382
			960	382
			961	383
			962	383
			963	383
			964	384
			965	384
			966	384
			967	385
			968	385
			969	385
			970	386
			971	386
			972	386
			973	387
			974	387
			975	387
			976	388
			977	388
			978	388
			978	389
			979	389
			980	389
			981	390
			982	390
			983	390
			984	391
			985	391
			986	391
			987	392
			988	392
			989	392
			990	393
			991	393
			992	393
			993	394
			994	394
			995	395
			996	395
			997	395
			998	396
			999	396
			1000	397
			1001	397
			1002	397
			1003	398
			1004	398
			1005	399
			1006	399
			1007	399
			1008	400
			1009	400
			1010	400
			1011	401
			1012	401
			1013	401
			1014	402
			1015	402
			1016	403
			1017	403
			1018	403
			1019	404
			1020	404
			1021	404
			1022	405
			1023	405
			1024	406
			1025	406
			1026	406
			1026	407
			1027	407
			1028	407
			1029	407
			1029	408
			1030	408
			1031	408
			1032	409
			1033	409
			1034	410
			1035	410
			1036	410
			1037	411
			1038	411
			1039	412
			1040	412
			1041	412
			1042	413
			1043	413
			1044	413
			1045	414
			1046	414
			1047	415
			1048	415
			1049	415
			1050	416
			1051	416
			1052	417
			1053	417
			1054	417
			1055	418
			1056	418
			1057	418
			1057	419
			1058	419
			1059	420
			1060	420
			1061	420
			1062	421
			1063	421
			1064	422
			1065	422
			1066	422
			1067	423
			1068	423
			1069	424
			1070	424
			1071	424
			1072	425
			1073	425
			1074	426
			1075	426
			1076	426
			1076	427
			1077	427
			1078	427
			1079	428
			1080	428
			1081	429
			1082	429
			1083	429
			1084	430
			1085	430
			1086	431
			1087	431
			1088	431
			1089	432
			1090	432
			1091	433
			1092	433
			1093	434
			1094	434
			1095	435
			1096	435
			1097	435
			1098	436
			1099	436
			1100	436
			1100	437
			1101	437
			1102	438
			1103	438
			1104	438
			1104	439
			1105	439
			1106	439
			1107	440
			1108	440
			1109	441
			1110	441
			1111	441
			1112	442
			1113	442
			1114	443
			1115	443
			1116	444
			1117	444
			1118	444
			1119	445
			1120	445
			1120	446
			1121	446
			1122	446
			1123	447
			1124	447
			1125	448
			1126	448
			1127	449
			1128	449
			1129	449
			1130	450
			1131	450
			1132	451
			1133	451
			1134	451
			1134	452
			1135	452
			1136	453
			1137	453
			1138	454
			1139	454
			1140	454
			1141	455
			1142	455
			1143	456
			1144	456
			1145	457
			1146	457
			1147	458
			1148	458
			1149	459
			1150	459
			1151	460
			1152	460
			1153	461
			1154	461
			1155	461
			1156	462
			1157	462
			1158	463
			1159	463
			1160	464
			1161	464
			1162	465
			1163	465
			1164	466
			1165	466
			1166	466
			1166	467
			1167	467
			1168	468
			1169	468
			1170	469
			1171	469
			1172	470
			1173	470
			1174	470
			1175	471
			1176	472
			1177	472
			1178	473
			1179	473
			1179	474
			1180	474
			1181	475
			1182	475
			1182	476
			1183	476
			1184	477
			1185	477
			1186	478
			1187	479
			1188	479
			1189	480
			1190	480
			1191	481
			1192	482
			1193	483
			1194	483
			1195	484
			1196	484
			1197	485
			1198	486
			1199	486
			1200	487
			1201	488
			1202	488
			1203	489
			1204	489
			1205	490
			1206	491
			1207	491
			1208	492
			1209	492
			1210	493
			1211	494
			1212	494
			1213	495
			1214	495
			1215	496
			1216	496
			1216	497
			1217	498
			1218	498
			1219	499
			1220	499
			1221	500
			1222	500
			1223	501
			1224	502
			1225	502
			1226	503
			1227	504
			1228	504
			1229	505
			1230	505
			1230	506
			1231	506
			1232	506
			1232	507
			1233	507
			1234	508
			1235	508
			1236	509
			1237	510
			1238	510
			1239	511
			1240	511
			1240	512
			1241	512
			1242	513
			1243	513
			1244	514
			1245	514
			1246	515
			1247	516
			1248	517
			1249	517
			1250	518
			1251	518
			1252	519
			1253	520
			1254	520
			1255	521
			1256	521
			1257	522
			1258	522
			1259	523
			1260	524
			1261	524
			1262	525
			1263	525
			1264	526
			1265	526
			1266	527
			1267	528
			1268	528
			1269	529
			1270	529
			1271	530
			1272	530
			1272	531
			1273	531
			1274	532
			1275	532
			1276	533
			1277	533
			1278	534
			1279	534
			1280	535
			1281	536
			1282	536
			1283	537
			1284	538
			1285	538
			1286	539
			1287	539
			1288	540
			1289	540
			1290	541
			1291	541
			1292	542
			1293	542
			1294	543
			1295	544
			1296	544
			1297	545
			1298	545
			1299	546
			1300	546
			1301	547
			1302	547
			1303	548
			1304	549
			1305	549
			1306	550
			1307	550
			1308	550
			1308	551
			1309	551
			1310	551
			1310	552
			1311	552
			1312	552
			1313	553
			1314	554
			1315	554
			1316	555
			1317	555
			1318	555
			1318	556
			1319	556
			1320	556
			1320	557
			1321	557
			1322	557
			1322	558
			1323	558
		</dorsal>
		<caudal_dors_ant type=matrix rownames=FALSE colnames=FALSE nrow=65 ncol=2 as.numeric=TRUE >
			1323	558
			1324	558
			1325	558
			1326	559
			1327	559
			1328	559
			1329	559
			1330	559
			1331	559
			1332	559
			1333	560
			1334	560
			1335	560
			1336	560
			1337	560
			1338	560
			1339	560
			1340	560
			1341	560
			1342	560
			1343	561
			1344	561
			1345	561
			1346	561
			1347	561
			1348	561
			1349	561
			1350	561
			1351	561
			1352	561
			1353	561
			1354	561
			1355	561
			1356	561
			1357	561
			1358	561
			1359	561
			1360	561
			1361	561
			1362	561
			1363	561
			1364	561
			1365	561
			1366	561
			1367	561
			1368	561
			1369	560
			1370	560
			1371	560
			1372	560
			1373	560
			1374	560
			1375	560
			1376	560
			1377	560
			1378	559
			1379	559
			1380	559
			1381	559
			1382	559
			1383	559
			1384	559
			1385	558
			1386	558
			1387	558
		</caudal_dors_ant>
		<caud_dors_post type=matrix rownames=FALSE colnames=FALSE nrow=49 ncol=2 as.numeric=TRUE >
			1387	558
			1388	558
			1389	558
			1390	557
			1391	557
			1392	557
			1393	557
			1394	556
			1395	556
			1396	556
			1397	556
			1398	555
			1399	555
			1400	555
			1401	555
			1402	554
			1403	554
			1404	554
			1405	554
			1406	553
			1407	553
			1408	553
			1409	552
			1410	552
			1411	552
			1412	552
			1413	551
			1414	551
			1415	551
			1415	550
			1416	550
			1417	550
			1418	549
			1419	549
			1420	549
			1421	548
			1422	548
			1423	547
			1424	547
			1425	547
			1426	546
			1427	546
			1428	545
			1429	545
			1430	544
			1431	544
			1432	544
			1432	543
			1433	543
		</caud_dors_post>
		<caud_vent_post type=matrix rownames=FALSE colnames=FALSE nrow=60 ncol=2 as.numeric=TRUE >
			1466	836
			1465	836
			1464	836
			1463	835
			1462	835
			1461	835
			1460	835
			1459	834
			1458	834
			1457	834
			1456	834
			1455	833
			1454	833
			1453	833
			1452	833
			1451	832
			1450	832
			1449	832
			1448	832
			1447	831
			1446	831
			1445	831
			1444	831
			1443	831
			1442	830
			1441	830
			1440	830
			1439	830
			1438	829
			1437	829
			1436	829
			1435	829
			1434	828
			1433	828
			1432	828
			1431	828
			1430	827
			1429	827
			1428	827
			1427	827
			1427	826
			1426	826
			1425	826
			1424	826
			1423	826
			1422	825
			1421	825
			1420	825
			1419	825
			1418	824
			1417	824
			1416	824
			1415	824
			1414	823
			1413	823
			1412	823
			1411	823
			1411	822
			1410	822
			1409	822
		</caud_vent_post>
		<caudal_vent_ant type=matrix rownames=FALSE colnames=FALSE nrow=64 ncol=2 as.numeric=TRUE >
			1409	822
			1408	822
			1407	823
			1406	823
			1405	823
			1404	823
			1403	824
			1402	824
			1401	824
			1400	824
			1399	825
			1398	825
			1397	825
			1396	825
			1395	826
			1394	826
			1393	826
			1392	826
			1391	827
			1390	827
			1389	827
			1388	827
			1387	828
			1386	828
			1385	828
			1384	829
			1383	829
			1382	829
			1381	829
			1380	829
			1379	830
			1378	830
			1377	830
			1376	830
			1375	831
			1374	831
			1373	831
			1372	832
			1371	832
			1370	832
			1369	832
			1368	832
			1367	833
			1366	833
			1365	833
			1364	834
			1363	834
			1362	834
			1361	834
			1360	835
			1359	835
			1358	835
			1357	835
			1356	836
			1355	836
			1354	836
			1353	836
			1352	836
			1351	837
			1350	837
			1349	837
			1348	837
			1347	838
			1346	838
		</caudal_vent_ant>
		<anal type=matrix rownames=FALSE colnames=FALSE nrow=367 ncol=2 as.numeric=TRUE >
			1346	838
			1345	839
			1344	840
			1343	840
			1342	840
			1341	841
			1340	842
			1339	843
			1338	843
			1337	844
			1336	844
			1335	845
			1334	846
			1333	846
			1333	847
			1332	847
			1331	848
			1330	848
			1329	849
			1328	849
			1327	850
			1326	851
			1325	852
			1324	852
			1323	853
			1322	854
			1321	854
			1320	855
			1319	856
			1318	856
			1317	857
			1316	858
			1315	858
			1314	859
			1313	859
			1312	860
			1311	861
			1310	861
			1309	862
			1308	863
			1307	863
			1306	864
			1305	865
			1304	865
			1303	866
			1302	866
			1301	867
			1300	868
			1299	869
			1298	869
			1297	870
			1296	871
			1295	871
			1294	872
			1293	872
			1292	873
			1291	874
			1290	874
			1289	875
			1288	876
			1287	876
			1286	877
			1285	877
			1284	878
			1283	879
			1282	880
			1281	881
			1280	881
			1279	882
			1278	882
			1277	883
			1276	884
			1275	884
			1274	885
			1273	885
			1273	886
			1272	886
			1271	887
			1270	887
			1270	888
			1269	888
			1268	889
			1267	889
			1266	890
			1265	891
			1264	891
			1263	892
			1262	893
			1261	893
			1260	894
			1259	894
			1258	895
			1258	896
			1257	896
			1256	897
			1255	897
			1254	898
			1253	899
			1252	899
			1251	900
			1250	900
			1249	901
			1248	902
			1247	903
			1246	904
			1245	904
			1244	904
			1244	905
			1243	905
			1242	906
			1241	907
			1240	908
			1239	908
			1238	909
			1237	909
			1237	910
			1236	910
			1235	911
			1234	911
			1233	912
			1232	913
			1231	913
			1230	914
			1229	915
			1228	915
			1227	916
			1226	916
			1225	917
			1224	918
			1223	919
			1222	919
			1221	920
			1220	921
			1219	922
			1218	922
			1217	923
			1216	923
			1215	924
			1214	925
			1213	925
			1212	926
			1211	927
			1210	927
			1209	928
			1208	929
			1207	929
			1206	930
			1205	930
			1204	931
			1203	932
			1202	932
			1201	933
			1200	934
			1199	935
			1198	935
			1197	936
			1196	937
			1195	938
			1194	938
			1193	939
			1192	939
			1191	940
			1190	940
			1190	941
			1189	941
			1188	942
			1187	943
			1186	943
			1186	944
			1185	944
			1184	945
			1183	945
			1182	946
			1181	947
			1180	948
			1179	948
			1178	949
			1177	950
			1176	950
			1175	951
			1174	951
			1173	952
			1172	953
			1171	953
			1170	954
			1169	955
			1168	955
			1167	956
			1166	957
			1165	957
			1164	958
			1163	959
			1162	959
			1162	960
			1161	961
			1160	961
			1159	962
			1158	962
			1157	963
			1156	964
			1155	964
			1154	965
			1153	966
			1152	966
			1151	967
			1150	968
			1149	968
			1148	969
			1147	970
			1146	970
			1145	971
			1144	972
			1143	973
			1142	973
			1141	974
			1140	975
			1139	976
			1138	976
			1137	977
			1136	977
			1135	978
			1134	978
			1134	979
			1133	979
			1132	980
			1131	981
			1130	981
			1130	982
			1129	982
			1128	983
			1127	983
			1126	984
			1125	985
			1124	986
			1123	986
			1122	987
			1121	988
			1120	988
			1119	989
			1118	990
			1117	990
			1116	991
			1115	991
			1115	992
			1114	992
			1113	993
			1112	993
			1111	994
			1110	994
			1109	994
			1109	995
			1108	995
			1107	996
			1106	996
			1105	997
			1104	997
			1103	998
			1102	998
			1101	999
			1100	999
			1099	1000
			1098	1000
			1097	1001
			1096	1002
			1095	1002
			1094	1002
			1094	1003
			1093	1003
			1092	1003
			1092	1004
			1091	1004
			1090	1005
			1089	1005
			1088	1006
			1087	1006
			1086	1006
			1086	1007
			1085	1007
			1084	1008
			1083	1008
			1082	1009
			1081	1009
			1080	1010
			1079	1010
			1078	1011
			1077	1012
			1076	1012
			1075	1013
			1074	1013
			1073	1014
			1072	1014
			1071	1015
			1070	1016
			1069	1016
			1068	1017
			1067	1017
			1066	1018
			1065	1018
			1064	1019
			1063	1019
			1062	1020
			1061	1021
			1060	1021
			1059	1022
			1058	1022
			1057	1023
			1056	1023
			1055	1024
			1054	1024
			1053	1025
			1052	1026
			1051	1026
			1050	1027
			1049	1027
			1048	1028
			1047	1028
			1046	1029
			1045	1030
			1044	1030
			1043	1031
			1042	1031
			1041	1032
			1040	1033
			1039	1033
			1038	1034
			1037	1035
			1036	1035
			1035	1036
			1034	1036
			1033	1037
			1032	1037
			1031	1038
			1030	1039
			1029	1039
			1029	1040
			1028	1040
			1027	1041
			1026	1041
			1025	1042
			1024	1042
			1023	1043
			1022	1043
			1022	1044
			1021	1045
			1020	1045
			1019	1046
			1018	1046
			1017	1047
			1016	1047
			1016	1048
			1015	1048
			1014	1049
			1013	1050
			1012	1050
			1011	1051
			1010	1052
			1009	1052
			1008	1053
			1007	1054
			1006	1054
			1005	1055
			1004	1056
			1003	1056
			1002	1057
			1001	1058
			1000	1058
			999	1059
		</anal>
		<ventral_body type=matrix rownames=FALSE colnames=FALSE nrow=1083 ncol=2 as.numeric=TRUE >
			999	1059
			998	1059
			997	1060
			996	1060
			995	1061
			994	1061
			993	1062
			992	1062
			992	1063
			991	1063
			990	1064
			989	1064
			988	1065
			987	1065
			986	1066
			985	1066
			984	1067
			983	1068
			982	1069
			981	1070
			980	1070
			979	1071
			978	1071
			978	1072
			977	1072
			976	1073
			975	1074
			974	1075
			973	1076
			972	1077
			971	1077
			970	1078
			970	1079
			969	1079
			968	1080
			968	1081
			967	1082
			966	1082
			965	1083
			965	1084
			964	1085
			963	1085
			962	1086
			962	1087
			961	1088
			960	1089
			959	1090
			958	1091
			957	1092
			956	1093
			956	1094
			955	1095
			954	1096
			953	1097
			953	1098
			952	1098
			952	1099
			951	1100
			950	1101
			950	1102
			949	1103
			948	1104
			948	1105
			947	1106
			947	1107
			946	1108
			945	1108
			945	1109
			944	1110
			944	1111
			943	1112
			943	1113
			942	1114
			942	1115
			941	1116
			940	1117
			940	1118
			939	1119
			939	1120
			938	1121
			937	1122
			937	1123
			936	1124
			936	1125
			935	1125
			935	1126
			935	1127
			934	1128
			934	1129
			933	1130
			932	1131
			932	1132
			931	1133
			930	1133
			929	1134
			928	1134
			927	1135
			926	1135
			925	1136
			924	1136
			923	1137
			922	1137
			921	1138
			920	1138
			919	1139
			918	1139
			917	1140
			916	1141
			915	1141
			914	1142
			913	1142
			913	1143
			912	1143
			911	1143
			911	1144
			910	1144
			909	1144
			909	1145
			908	1145
			907	1146
			906	1146
			905	1147
			904	1147
			903	1148
			902	1148
			901	1149
			900	1149
			899	1150
			898	1150
			897	1151
			896	1151
			896	1152
			895	1152
			894	1153
			893	1153
			892	1153
			892	1154
			891	1154
			890	1155
			889	1155
			888	1156
			887	1156
			886	1157
			885	1157
			884	1158
			883	1158
			882	1158
			882	1159
			881	1159
			880	1160
			879	1160
			878	1161
			877	1161
			876	1162
			875	1162
			874	1163
			873	1163
			872	1164
			871	1164
			870	1165
			869	1165
			868	1166
			867	1166
			866	1167
			865	1167
			864	1168
			863	1168
			862	1169
			861	1169
			860	1170
			859	1170
			858	1170
			858	1171
			857	1171
			856	1172
			855	1172
			854	1172
			854	1173
			853	1173
			852	1173
			851	1174
			850	1174
			849	1175
			848	1176
			848	1177
			849	1178
			849	1179
			849	1180
			849	1181
			849	1182
			849	1183
			849	1184
			849	1185
			849	1186
			849	1187
			849	1188
			849	1189
			849	1190
			849	1191
			848	1192
			848	1193
			848	1194
			848	1195
			848	1196
			847	1196
			847	1197
			847	1198
			847	1199
			846	1200
			846	1201
			845	1202
			845	1203
			845	1204
			844	1204
			844	1205
			843	1206
			843	1207
			842	1208
			842	1209
			841	1210
			840	1211
			839	1212
			838	1213
			837	1214
			837	1215
			836	1216
			835	1217
			834	1218
			833	1218
			832	1217
			831	1217
			830	1217
			829	1216
			828	1216
			827	1215
			826	1215
			825	1215
			824	1215
			823	1214
			822	1214
			821	1213
			820	1213
			819	1213
			818	1212
			817	1212
			816	1212
			815	1211
			814	1211
			813	1211
			812	1210
			811	1210
			810	1210
			809	1209
			808	1209
			807	1209
			806	1208
			805	1208
			804	1208
			803	1207
			802	1207
			801	1207
			800	1206
			799	1206
			798	1206
			797	1205
			796	1205
			795	1205
			794	1204
			793	1204
			792	1204
			792	1203
			791	1203
			790	1203
			789	1202
			788	1202
			787	1201
			786	1201
			785	1201
			784	1200
			783	1200
			782	1200
			781	1199
			780	1199
			779	1199
			778	1198
			777	1198
			776	1198
			775	1197
			774	1197
			773	1197
			772	1196
			771	1196
			770	1195
			769	1195
			768	1195
			767	1194
			766	1194
			765	1194
			764	1193
			763	1193
			762	1193
			761	1192
			760	1192
			759	1192
			758	1191
			757	1191
			756	1191
			755	1190
			754	1190
			753	1190
			752	1189
			751	1189
			750	1189
			749	1188
			748	1188
			747	1187
			746	1187
			745	1187
			744	1186
			743	1186
			742	1186
			741	1185
			740	1185
			739	1185
			739	1184
			738	1184
			737	1184
			736	1184
			735	1183
			734	1183
			733	1182
			732	1182
			731	1182
			730	1181
			729	1181
			728	1181
			727	1180
			726	1180
			725	1179
			724	1179
			723	1179
			722	1179
			721	1178
			720	1178
			719	1177
			718	1177
			717	1177
			716	1177
			716	1176
			715	1176
			714	1176
			713	1175
			712	1175
			711	1175
			710	1174
			709	1174
			708	1173
			707	1173
			706	1173
			705	1172
			704	1172
			703	1172
			702	1171
			701	1171
			700	1171
			699	1170
			698	1170
			697	1170
			696	1169
			695	1169
			694	1168
			693	1168
			692	1168
			691	1167
			690	1167
			689	1167
			688	1166
			687	1166
			686	1166
			685	1165
			684	1165
			683	1164
			682	1164
			681	1164
			680	1163
			679	1163
			678	1163
			677	1162
			676	1162
			675	1162
			674	1161
			673	1161
			672	1160
			671	1160
			670	1160
			669	1159
			668	1159
			667	1159
			666	1158
			665	1158
			664	1157
			663	1157
			662	1157
			661	1156
			660	1156
			659	1156
			658	1155
			657	1155
			656	1155
			655	1154
			654	1154
			653	1154
			653	1153
			652	1153
			651	1153
			650	1153
			650	1152
			649	1152
			648	1152
			647	1152
			647	1151
			646	1151
			645	1151
			644	1150
			643	1150
			642	1150
			641	1149
			640	1149
			639	1149
			638	1148
			637	1148
			636	1147
			635	1147
			634	1147
			633	1146
			632	1146
			631	1146
			630	1145
			629	1145
			628	1144
			627	1144
			626	1144
			625	1143
			624	1143
			623	1143
			622	1142
			621	1142
			620	1142
			619	1141
			618	1141
			617	1141
			616	1140
			615	1140
			614	1139
			613	1139
			612	1139
			612	1138
			611	1138
			610	1138
			609	1138
			609	1137
			608	1137
			607	1137
			606	1136
			605	1136
			604	1136
			603	1135
			602	1135
			601	1135
			601	1134
			600	1134
			599	1134
			598	1133
			597	1133
			596	1133
			595	1132
			594	1132
			593	1131
			592	1131
			591	1131
			590	1130
			589	1130
			588	1130
			587	1129
			586	1129
			585	1129
			584	1128
			583	1128
			582	1127
			581	1127
			580	1127
			579	1126
			578	1126
			577	1126
			576	1125
			575	1125
			574	1124
			573	1124
			572	1124
			571	1123
			570	1123
			569	1123
			568	1122
			567	1122
			566	1122
			565	1121
			564	1121
			563	1121
			562	1120
			561	1120
			560	1119
			559	1119
			558	1119
			557	1118
			556	1118
			555	1117
			554	1117
			553	1117
			552	1116
			551	1116
			550	1116
			549	1115
			548	1115
			547	1115
			547	1114
			546	1114
			545	1114
			544	1114
			544	1113
			543	1113
			542	1113
			541	1112
			540	1112
			539	1112
			538	1111
			537	1111
			536	1110
			535	1110
			534	1110
			533	1109
			532	1109
			531	1109
			530	1108
			529	1108
			528	1107
			527	1107
			526	1107
			525	1107
			525	1106
			524	1106
			523	1106
			522	1105
			521	1105
			520	1104
			519	1104
			518	1104
			517	1103
			516	1103
			515	1103
			514	1102
			513	1102
			512	1101
			511	1101
			510	1101
			509	1100
			508	1100
			507	1100
			506	1099
			505	1099
			504	1098
			503	1098
			502	1098
			501	1097
			500	1097
			499	1097
			498	1096
			497	1096
			496	1095
			495	1095
			494	1095
			493	1094
			492	1094
			491	1094
			490	1093
			489	1093
			488	1093
			487	1092
			486	1092
			485	1091
			484	1091
			483	1091
			482	1090
			481	1090
			480	1090
			479	1089
			478	1089
			477	1088
			476	1088
			475	1088
			474	1087
			473	1087
			472	1086
			471	1086
			470	1086
			469	1085
			468	1085
			467	1085
			466	1084
			465	1084
			464	1083
			463	1083
			462	1083
			461	1082
			460	1082
			459	1082
			458	1081
			457	1081
			456	1080
			455	1080
			454	1080
			453	1079
			452	1079
			451	1078
			450	1078
			449	1078
			448	1077
			447	1077
			446	1076
			445	1076
			444	1075
			443	1075
			442	1075
			442	1074
			441	1074
			440	1074
			440	1073
			439	1073
			438	1073
			438	1072
			437	1072
			436	1072
			436	1071
			435	1071
			434	1071
			433	1070
			432	1070
			431	1069
			430	1069
			429	1068
			428	1068
			427	1067
			426	1067
			425	1066
			424	1066
			423	1065
			422	1065
			421	1064
			420	1064
			419	1063
			418	1063
			417	1062
			416	1062
			415	1061
			414	1061
			413	1060
			412	1060
			411	1059
			410	1059
			409	1058
			408	1058
			407	1057
			406	1057
			405	1056
			404	1056
			403	1056
			402	1055
			401	1054
			400	1054
			399	1053
			398	1053
			397	1052
			396	1052
			395	1051
			394	1051
			393	1051
			392	1050
			391	1049
			390	1049
			389	1049
			388	1048
			387	1048
			386	1047
			385	1047
			384	1046
			383	1045
			382	1045
			381	1045
			380	1044
			379	1044
			378	1043
			377	1043
			376	1042
			375	1042
			375	1041
			374	1041
			373	1041
			372	1040
			371	1040
			371	1039
			370	1039
			369	1039
			368	1038
			367	1038
			366	1037
			365	1037
			364	1036
			363	1036
			362	1035
			361	1035
			360	1034
			359	1034
			358	1033
			357	1033
			356	1032
			355	1032
			354	1031
			353	1031
			352	1030
			351	1030
			350	1030
			350	1029
			349	1029
			348	1028
			347	1028
			346	1027
			345	1027
			344	1026
			343	1026
			342	1025
			341	1025
			340	1025
			340	1024
			339	1024
			338	1023
			337	1023
			336	1022
			335	1022
			334	1022
			333	1021
			332	1021
			332	1020
			331	1020
			330	1019
			329	1019
			328	1019
			327	1018
			326	1018
			326	1017
			325	1017
			324	1016
			323	1016
			322	1016
			321	1015
			320	1015
			320	1014
			319	1014
			318	1014
			317	1013
			316	1013
			315	1012
			314	1012
			314	1011
			313	1011
			312	1011
			311	1010
			310	1010
			309	1009
			308	1009
			307	1008
			306	1008
			305	1007
			304	1007
			303	1006
			302	1006
			301	1005
			300	1005
			299	1004
			298	1004
			297	1003
			296	1003
			295	1002
			294	1002
			293	1001
			292	1001
			291	1000
			290	1000
			289	999
			288	999
			287	998
			286	998
			285	997
			284	997
			283	997
			283	996
			282	996
			281	995
			280	995
			279	995
			279	994
			278	994
			277	993
			276	993
			275	992
			274	992
			273	991
			272	991
			271	991
			270	990
			269	990
			268	989
			267	988
			266	988
			265	987
			264	987
			263	987
			263	986
			262	986
			261	986
			261	985
			260	985
			259	985
			259	984
			258	984
			257	984
			256	983
			255	983
			254	982
			253	982
			252	981
			251	981
			250	980
			249	980
			248	979
			247	979
			246	978
			245	978
			244	977
			243	977
			242	976
			241	976
			240	975
			239	975
			238	974
			237	974
			236	973
			235	973
			234	972
			233	972
			232	971
			231	971
			230	970
			229	970
			228	969
			227	969
			226	968
			225	968
			224	968
			223	967
			222	966
			221	966
			220	965
			219	965
			218	964
			217	964
			216	963
			215	963
			214	963
			214	962
			213	962
			212	962
			211	961
			210	960
			209	960
			208	960
			207	959
			206	959
			206	958
			205	958
			204	958
			203	957
			202	957
			201	956
			200	955
			199	955
			198	955
			197	954
			196	954
			195	953
			194	953
			193	952
			192	952
			191	951
			190	951
			189	950
			188	949
			187	949
			186	948
			185	948
			184	948
			183	947
			182	947
			181	946
			180	946
			179	945
			178	945
			177	944
			176	944
			175	943
			174	943
			173	942
			172	942
			171	941
			170	941
			169	940
			168	940
			167	939
			166	939
			165	939
			165	938
			164	938
			163	937
			162	937
			161	937
			161	936
			160	936
			159	935
			158	935
			157	935
			157	934
			156	934
			155	934
			155	933
			154	933
			153	933
			153	932
			152	932
			151	932
			151	931
			150	931
			149	931
			149	930
			148	930
			147	930
			147	929
			146	929
			145	929
			144	928
			143	928
			142	927
			141	927
			140	926
			139	926
			139	925
			138	925
			137	925
			136	924
			135	923
			134	923
			133	922
			132	922
			131	921
			130	921
			129	920
			128	920
			128	919
			127	919
			126	919
			125	918
			124	918
			123	917
			122	917
			121	916
			120	915
			119	914
			118	914
			117	913
			116	913
			115	912
			114	911
			113	911
			112	910
			111	910
			110	909
			109	908
			108	908
			107	907
			106	907
			105	906
			104	905
			103	904
			102	904
			101	903
			100	903
			100	902
			99	902
			98	901
			97	900
			96	900
			95	899
			94	898
			93	897
			92	897
			91	896
			90	895
			89	894
			88	893
			87	893
			86	892
			86	891
			85	891
			84	890
			83	889
			82	889
			82	888
			81	887
			80	887
			79	886
			79	885
			78	885
			77	884
			77	883
			76	883
			75	882
			74	881
			73	880
			72	879
			71	878
			70	877
			70	876
			69	875
			68	875
			67	874
			67	873
			66	872
			65	871
			64	870
			63	869
			62	868
			62	867
			61	866
			60	866
			60	865
			59	865
			59	864
			58	864
			57	863
			56	862
			55	862
			54	861
			53	860
			53	859
			52	858
			51	858
			50	857
			49	856
			48	855
			47	854
			46	853
			45	852
			44	851
			44	850
			43	849
			42	848
			42	847
			41	847
			40	846
			40	845
			39	844
			39	843
			38	842
			38	841
			38	840
			37	839
		</ventral_body>
		<operculum type=matrix rownames=FALSE colnames=FALSE nrow=261 ncol=2 as.numeric=TRUE >
			392	829
			392	828
			392	827
			392	826
			393	825
			393	824
			393	823
			393	822
			393	821
			394	820
			394	819
			394	818
			394	817
			394	816
			395	815
			395	814
			395	813
			395	812
			395	811
			396	810
			396	809
			396	808
			396	807
			397	806
			397	805
			397	804
			397	803
			398	802
			398	801
			398	800
			399	799
			399	798
			399	797
			399	796
			400	795
			400	794
			400	793
			401	792
			401	791
			401	790
			402	789
			402	788
			402	787
			403	786
			403	785
			403	784
			404	783
			404	782
			404	781
			405	780
			405	779
			405	778
			406	777
			406	776
			407	775
			407	774
			408	773
			408	772
			409	771
			409	770
			410	769
			410	768
			410	767
			411	766
			411	765
			411	764
			412	763
			412	762
			412	761
			413	760
			413	759
			413	758
			414	757
			414	756
			414	755
			415	754
			415	753
			415	752
			415	751
			416	750
			416	749
			416	748
			417	747
			417	746
			417	745
			417	744
			418	743
			418	742
			418	741
			419	740
			419	739
			419	738
			419	737
			419	736
			420	736
			420	735
			420	734
			420	733
			420	732
			421	731
			421	730
			421	729
			422	728
			422	727
			422	726
			422	725
			422	724
			423	724
			423	723
			423	722
			423	721
			424	720
			424	719
			424	718
			424	717
			425	716
			425	715
			425	714
			425	713
			425	712
			426	711
			426	710
			426	709
			426	708
			427	707
			427	706
			427	705
			427	704
			427	703
			427	702
			428	701
			428	700
			428	699
			428	698
			428	697
			428	696
			428	695
			429	694
			429	693
			429	692
			429	691
			429	690
			429	689
			429	688
			429	687
			429	686
			430	686
			430	685
			430	684
			430	683
			430	682
			430	681
			430	680
			430	679
			430	678
			431	677
			431	676
			431	675
			431	674
			431	673
			431	672
			431	671
			431	670
			432	669
			432	668
			432	667
			432	666
			432	665
			432	664
			432	663
			432	662
			432	661
			432	660
			433	659
			433	658
			433	657
			433	656
			433	655
			433	654
			433	653
			433	652
			433	651
			433	650
			433	649
			434	648
			434	647
			434	646
			434	645
			434	644
			434	643
			434	642
			435	641
			435	640
			436	639
			436	638
			436	637
			437	637
			437	636
			438	635
			439	634
			440	633
			441	632
			442	631
			443	630
			444	630
			445	629
			446	629
			446	628
			447	628
			448	627
			449	627
			450	627
			451	626
			452	626
			452	625
			452	624
			452	623
			452	622
			452	621
			452	620
			452	619
			452	618
			452	617
			452	616
			451	615
			451	614
			451	613
			450	612
			450	611
			449	610
			449	609
			448	608
			448	607
			447	606
			447	605
			447	604
			447	603
			447	602
			448	601
			448	600
			448	599
			449	598
			449	597
			449	596
			449	595
			450	595
			450	594
			451	593
			451	592
			452	591
			453	590
			453	589
			454	588
			455	587
			455	586
			456	585
			457	584
			458	583
			459	582
			459	581
			460	580
		</operculum>
	</curves.pixel>
</shapes>

