<shapes type=list>
	<scaling type=logical names=FALSE length=1 as.numeric=FALSE >NA</scaling>
	<landmarks.pixel type=matrix rownames=TRUE colnames=FALSE nrow=17 ncol=2 as.numeric=TRUE >
		pectoral_dors	379	465
		pectoral_vent	424	498
		premax_post	175	444
		eye_ant	281	330
		eye_post	347	330
		upper_jaw	149	420
		dorsal_ant	686	208
		dorsal_post	734	275
		caud_pedunc_dors	799	305
		caud_scale_dors	846	308
		caud_scale_vent	859	389
		caud_pedunc_vent	805	385
		anal_post	768	416
		anal_ant	726	487
		lower_jaw	155	452
		operc_vent	358	483
		oper_dor	371	425
	</landmarks.pixel>
	<curves.control type=list>
		<head type=matrix rownames=FALSE colnames=FALSE nrow=17 ncol=2 as.numeric=TRUE >
			149	420
			162	406
			188	385
			194	369
			213	350
			253	316
			282	291
			297	277
			302	256
			328	213
			384	170
			466	134
			515	132
			577	145
			629	170
			667	190
			686	208
		</head>
		<dorsal type=matrix rownames=FALSE colnames=FALSE nrow=3 ncol=2 as.numeric=TRUE >
			686	208
			710	243
			734	275
		</dorsal>
		<caudal_dors_ant type=matrix rownames=FALSE colnames=FALSE nrow=3 ncol=2 as.numeric=TRUE >
			734	275
			767	292
			799	305
		</caudal_dors_ant>
		<caud_dors_post type=matrix rownames=FALSE colnames=FALSE nrow=3 ncol=2 as.numeric=TRUE >
			799	305
			820	309
			846	308
		</caud_dors_post>
		<caud_vent_post type=matrix rownames=FALSE colnames=FALSE nrow=3 ncol=2 as.numeric=TRUE >
			859	389
			830	385
			805	385
		</caud_vent_post>
		<caudal_vent_ant type=matrix rownames=FALSE colnames=FALSE nrow=3 ncol=2 as.numeric=TRUE >
			805	385
			787	398
			768	416
		</caudal_vent_ant>
		<anal type=matrix rownames=FALSE colnames=FALSE nrow=3 ncol=2 as.numeric=TRUE >
			768	416
			752	456
			726	487
		</anal>
		<ventral_body type=matrix rownames=FALSE colnames=FALSE nrow=19 ncol=2 as.numeric=TRUE >
			726	487
			713	508
			701	543
			695	553
			657	571
			614	586
			582	601
			514	602
			455	604
			390	591
			340	577
			310	562
			280	530
			251	503
			225	490
			210	489
			182	478
			165	467
			155	452
		</ventral_body>
		<operculum type=matrix rownames=FALSE colnames=FALSE nrow=3 ncol=2 as.numeric=TRUE >
			358	483
			366	451
			371	425
		</operculum>
	</curves.control>
	<curves.pixel type=list>
		<head type=matrix rownames=FALSE colnames=FALSE nrow=616 ncol=2 as.numeric=TRUE >
			149	420
			150	419
			151	418
			152	417
			153	416
			154	415
			155	414
			156	413
			157	412
			158	411
			159	410
			160	409
			161	408
			162	408
			163	407
			164	406
			165	405
			166	404
			167	403
			168	402
			169	401
			170	400
			171	399
			172	399
			172	398
			173	397
			174	397
			175	396
			175	395
			176	395
			177	394
			178	393
			179	393
			179	392
			180	391
			181	391
			182	390
			183	389
			184	389
			184	388
			185	387
			186	387
			187	386
			188	385
			188	384
			189	383
			189	382
			190	381
			190	380
			191	379
			191	378
			191	377
			192	377
			192	376
			193	375
			193	374
			194	373
			195	372
			195	371
			196	370
			197	369
			197	368
			198	367
			199	366
			200	365
			201	364
			202	363
			202	362
			203	361
			204	360
			205	359
			206	358
			206	357
			207	356
			208	355
			209	354
			210	353
			211	352
			212	351
			213	350
			214	349
			215	348
			216	347
			217	347
			218	346
			218	345
			219	345
			220	344
			221	343
			222	342
			223	342
			224	341
			225	340
			225	339
			226	339
			227	338
			228	337
			229	337
			230	336
			230	335
			231	334
			232	334
			233	333
			234	332
			235	332
			235	331
			236	330
			237	330
			238	329
			239	328
			239	327
			240	327
			241	326
			242	325
			243	325
			243	324
			244	323
			245	323
			246	322
			247	321
			248	320
			249	319
			250	319
			251	318
			252	317
			253	316
			254	315
			255	314
			256	313
			257	312
			258	312
			259	311
			259	310
			260	310
			261	309
			262	308
			263	307
			264	306
			265	306
			266	305
			267	304
			268	303
			269	302
			270	301
			271	300
			272	300
			273	299
			274	298
			274	297
			275	297
			276	296
			277	295
			278	295
			279	294
			279	293
			280	293
			281	292
			282	291
			283	290
			284	290
			284	289
			285	288
			286	287
			287	286
			287	285
			288	285
			289	284
			289	283
			290	282
			291	281
			291	280
			292	279
			293	278
			293	277
			294	277
			294	276
			295	275
			295	274
			296	273
			296	272
			297	271
			297	270
			298	269
			298	268
			299	267
			299	266
			299	265
			300	264
			300	263
			300	262
			301	261
			301	260
			301	259
			302	258
			302	257
			302	256
			303	255
			303	254
			304	253
			304	252
			305	251
			306	250
			307	249
			307	248
			308	247
			308	246
			309	245
			310	244
			311	243
			312	242
			312	241
			313	240
			313	239
			314	239
			314	238
			315	237
			316	236
			317	235
			318	234
			318	233
			319	232
			319	231
			320	230
			321	230
			321	229
			322	228
			323	227
			324	226
			325	225
			325	224
			326	223
			327	222
			328	221
			329	220
			330	219
			331	218
			331	217
			332	217
			333	216
			333	215
			334	215
			335	214
			335	213
			336	213
			336	212
			337	211
			338	211
			338	210
			339	209
			340	209
			340	208
			341	207
			342	207
			342	206
			343	205
			344	205
			344	204
			345	203
			346	203
			346	202
			347	201
			348	201
			348	200
			349	200
			350	199
			351	198
			352	197
			353	196
			354	195
			355	194
			356	193
			357	192
			358	192
			359	191
			360	190
			360	189
			361	188
			362	188
			363	187
			364	186
			365	185
			366	185
			367	184
			368	183
			369	182
			370	181
			371	181
			372	180
			373	179
			374	178
			375	177
			376	177
			377	176
			378	175
			379	174
			380	173
			381	173
			382	172
			383	171
			384	170
			385	170
			386	169
			387	169
			388	168
			389	168
			390	167
			391	167
			392	167
			393	166
			394	166
			394	165
			395	165
			396	165
			397	164
			398	164
			399	164
			400	163
			401	163
			402	162
			403	162
			404	161
			405	161
			406	161
			407	160
			408	160
			409	159
			410	159
			411	159
			412	158
			413	158
			414	157
			415	157
			416	157
			417	156
			418	156
			419	155
			420	155
			421	155
			422	154
			423	154
			424	154
			425	153
			426	153
			427	153
			428	152
			429	152
			430	151
			431	151
			432	151
			433	150
			434	150
			435	150
			436	150
			437	149
			438	149
			439	149
			440	148
			441	148
			442	147
			443	147
			444	147
			445	146
			446	146
			447	146
			448	145
			449	145
			450	145
			451	144
			452	144
			453	144
			454	144
			455	143
			456	143
			457	143
			458	143
			458	142
			459	142
			460	142
			461	142
			462	141
			463	141
			464	141
			465	141
			466	140
			467	140
			468	140
			469	139
			470	139
			471	139
			472	139
			473	138
			474	138
			475	138
			476	138
			477	137
			478	137
			479	137
			480	137
			481	137
			482	136
			483	136
			484	136
			485	136
			486	136
			487	135
			488	135
			489	135
			490	135
			491	135
			492	135
			493	134
			494	134
			495	134
			496	134
			497	134
			498	134
			499	133
			500	133
			501	133
			502	133
			503	133
			504	133
			505	133
			506	133
			507	133
			508	132
			509	132
			510	132
			511	132
			512	132
			513	132
			514	132
			515	132
			516	132
			517	132
			518	133
			519	133
			520	133
			521	133
			522	133
			523	134
			524	134
			525	134
			526	135
			527	135
			528	135
			529	135
			530	135
			531	136
			532	136
			533	136
			534	136
			535	137
			536	137
			537	137
			538	137
			539	138
			540	138
			541	138
			542	138
			543	138
			543	139
			544	139
			545	139
			546	139
			547	140
			548	140
			549	140
			550	140
			551	141
			552	141
			553	141
			554	142
			555	142
			556	142
			557	143
			558	143
			559	143
			560	143
			561	144
			562	144
			563	144
			564	145
			565	145
			566	145
			567	145
			568	146
			569	146
			570	147
			571	147
			572	147
			573	147
			573	148
			574	148
			575	148
			576	149
			577	149
			578	149
			579	149
			580	150
			581	150
			582	151
			583	151
			584	151
			585	152
			586	152
			587	152
			588	153
			589	153
			590	154
			591	154
			592	154
			593	155
			594	155
			595	156
			596	156
			597	156
			598	156
			599	157
			600	157
			601	158
			602	158
			603	158
			604	159
			605	159
			606	160
			607	160
			608	160
			608	161
			609	161
			610	162
			611	162
			612	162
			613	163
			614	163
			615	163
			616	164
			617	164
			618	165
			619	165
			620	166
			621	166
			622	167
			623	167
			624	168
			625	168
			626	168
			627	169
			628	170
			629	170
			630	171
			631	171
			632	172
			633	172
			634	173
			635	173
			636	174
			637	174
			638	175
			639	175
			640	176
			641	176
			642	177
			643	177
			643	178
			644	178
			645	179
			646	179
			647	180
			648	180
			648	181
			649	181
			650	182
			651	182
			652	183
			653	183
			653	184
			654	184
			655	185
			656	185
			657	186
			658	187
			659	187
			660	188
			661	189
			662	189
			662	190
			663	190
			664	191
			665	191
			666	192
			667	193
			668	193
			668	194
			669	194
			670	195
			671	195
			671	196
			672	197
			673	197
			674	198
			675	198
			675	199
			676	199
			677	200
			677	201
			678	201
			679	202
			680	203
			681	204
			682	205
			683	205
			684	206
			684	207
			685	207
			686	208
		</head>
		<dorsal type=matrix rownames=FALSE colnames=FALSE nrow=69 ncol=2 as.numeric=TRUE >
			686	208
			687	209
			687	210
			688	211
			689	212
			690	213
			690	214
			691	215
			692	216
			692	217
			693	218
			694	219
			695	220
			695	221
			696	222
			697	223
			697	224
			698	225
			699	226
			699	227
			700	228
			701	229
			701	230
			702	231
			703	232
			704	233
			704	234
			705	235
			706	236
			706	237
			707	238
			708	239
			708	240
			709	241
			710	242
			711	243
			711	244
			712	245
			713	246
			713	247
			714	248
			715	249
			715	250
			716	251
			717	252
			718	253
			718	254
			719	255
			720	256
			720	257
			721	258
			722	258
			722	259
			723	260
			724	261
			725	262
			725	263
			726	264
			727	265
			727	266
			728	267
			729	268
			729	269
			730	270
			731	271
			732	272
			732	273
			733	274
			734	275
		</dorsal>
		<caudal_dors_ant type=matrix rownames=FALSE colnames=FALSE nrow=67 ncol=2 as.numeric=TRUE >
			734	275
			735	275
			736	276
			737	276
			738	277
			739	277
			740	278
			741	279
			742	279
			743	280
			744	280
			745	281
			746	281
			747	282
			748	282
			749	282
			750	283
			751	284
			752	284
			753	285
			754	285
			755	285
			756	286
			757	286
			758	287
			759	287
			760	288
			761	288
			762	289
			763	289
			764	290
			765	290
			766	291
			767	291
			768	292
			769	292
			770	293
			771	293
			772	293
			773	294
			774	294
			775	295
			776	295
			777	296
			778	296
			779	297
			780	297
			781	297
			782	298
			783	298
			784	299
			785	299
			786	299
			787	300
			788	300
			789	301
			790	301
			791	302
			792	302
			793	302
			794	303
			795	304
			796	304
			797	304
			798	304
			798	305
			799	305
		</caudal_dors_ant>
		<caud_dors_post type=matrix rownames=FALSE colnames=FALSE nrow=49 ncol=2 as.numeric=TRUE >
			799	305
			800	305
			801	305
			802	305
			803	306
			804	306
			805	306
			806	306
			807	306
			808	306
			808	307
			809	307
			810	307
			811	307
			812	307
			813	307
			814	307
			815	307
			816	307
			817	307
			818	308
			819	308
			820	308
			821	308
			822	308
			823	308
			824	308
			825	308
			826	308
			827	308
			828	308
			829	308
			830	308
			831	308
			832	308
			833	308
			834	308
			835	308
			836	308
			837	308
			838	308
			839	308
			840	308
			841	308
			842	308
			843	308
			844	308
			845	308
			846	308
		</caud_dors_post>
		<caud_vent_post type=matrix rownames=FALSE colnames=FALSE nrow=56 ncol=2 as.numeric=TRUE >
			859	389
			858	389
			857	389
			856	389
			855	388
			854	388
			853	388
			852	388
			851	388
			850	388
			849	388
			848	388
			847	387
			846	387
			845	387
			844	387
			843	387
			842	387
			841	387
			840	387
			839	387
			838	387
			837	387
			837	386
			836	386
			835	386
			834	386
			833	386
			832	386
			831	386
			830	386
			829	386
			828	386
			827	386
			826	386
			825	386
			824	386
			823	385
			822	385
			821	385
			820	385
			819	385
			818	385
			817	385
			816	385
			815	385
			814	385
			813	385
			812	385
			811	385
			810	385
			809	385
			808	385
			807	385
			806	385
			805	385
		</caud_vent_post>
		<caudal_vent_ant type=matrix rownames=FALSE colnames=FALSE nrow=41 ncol=2 as.numeric=TRUE >
			805	385
			804	386
			803	387
			802	387
			801	388
			800	389
			799	389
			798	390
			797	391
			796	391
			796	392
			795	393
			794	394
			793	394
			792	395
			791	396
			790	396
			789	397
			788	398
			787	399
			786	400
			785	400
			785	401
			784	402
			783	403
			782	403
			781	404
			780	405
			779	406
			778	407
			777	408
			776	408
			775	409
			774	410
			773	411
			772	412
			772	413
			771	414
			770	414
			769	415
			768	416
		</caudal_vent_ant>
		<anal type=matrix rownames=FALSE colnames=FALSE nrow=83 ncol=2 as.numeric=TRUE >
			768	416
			768	417
			767	418
			767	419
			766	420
			766	421
			766	422
			765	423
			765	424
			764	425
			764	426
			763	427
			763	428
			763	429
			762	429
			762	430
			762	431
			761	431
			761	432
			761	433
			760	433
			760	434
			760	435
			759	435
			759	436
			759	437
			758	437
			758	438
			758	439
			757	439
			757	440
			757	441
			756	441
			756	442
			756	443
			755	443
			755	444
			754	445
			754	446
			753	447
			753	448
			752	449
			752	450
			751	451
			751	452
			750	453
			750	454
			749	455
			748	455
			748	456
			747	457
			747	458
			746	459
			746	460
			745	461
			745	462
			744	462
			744	463
			743	464
			742	465
			742	466
			741	467
			741	468
			740	468
			740	469
			739	470
			738	471
			738	472
			737	473
			736	474
			735	475
			735	476
			734	477
			733	478
			732	479
			732	480
			731	481
			730	482
			729	483
			729	484
			728	485
			727	486
			726	487
		</anal>
		<ventral_body type=matrix rownames=FALSE colnames=FALSE nrow=627 ncol=2 as.numeric=TRUE >
			726	487
			726	488
			725	488
			725	489
			724	490
			724	491
			723	492
			722	493
			722	494
			722	495
			721	495
			721	496
			720	497
			720	498
			719	499
			719	500
			718	501
			718	502
			717	503
			717	504
			716	505
			716	506
			715	507
			715	508
			714	509
			714	510
			713	511
			713	512
			713	513
			712	514
			712	515
			711	516
			711	517
			711	518
			710	518
			710	519
			710	520
			709	521
			709	522
			709	523
			708	524
			707	525
			707	526
			707	527
			706	528
			706	529
			706	530
			705	531
			705	532
			704	533
			704	534
			704	535
			704	536
			703	536
			703	537
			703	538
			702	539
			702	540
			702	541
			701	542
			701	543
			701	544
			700	544
			700	545
			699	546
			698	546
			698	547
			697	548
			696	548
			696	549
			695	550
			694	550
			693	551
			692	552
			691	553
			690	553
			689	554
			688	554
			687	555
			686	556
			685	556
			684	557
			683	558
			682	558
			681	559
			680	559
			679	560
			678	560
			678	561
			677	561
			676	561
			675	562
			674	563
			673	563
			672	564
			671	564
			670	565
			669	565
			668	566
			667	566
			666	567
			665	567
			664	568
			663	568
			662	569
			661	569
			660	570
			659	570
			658	571
			657	571
			656	571
			655	572
			654	572
			653	572
			652	573
			651	573
			650	573
			649	574
			648	574
			647	574
			646	575
			645	575
			644	576
			643	576
			642	576
			641	577
			640	577
			639	578
			638	578
			637	578
			636	578
			636	579
			635	579
			634	579
			633	580
			632	580
			631	580
			630	581
			629	581
			628	581
			628	582
			627	582
			626	582
			625	583
			624	583
			623	583
			622	584
			621	584
			620	585
			619	585
			618	586
			617	586
			616	586
			615	587
			614	587
			613	588
			612	588
			611	588
			610	589
			609	589
			608	590
			607	590
			606	590
			605	591
			604	591
			603	592
			602	592
			601	592
			600	593
			599	593
			598	594
			597	594
			596	594
			595	595
			594	596
			593	596
			592	596
			591	597
			590	597
			589	598
			588	598
			587	599
			586	599
			585	600
			584	600
			583	601
			582	601
			581	601
			580	601
			579	601
			578	601
			577	601
			576	601
			575	601
			574	601
			573	601
			572	601
			571	601
			570	601
			569	601
			568	601
			567	601
			566	601
			565	601
			564	601
			563	601
			562	601
			561	601
			560	601
			559	601
			558	601
			557	601
			556	601
			555	601
			554	601
			553	601
			552	601
			551	602
			550	602
			549	602
			548	602
			547	602
			546	602
			545	602
			544	602
			543	602
			542	602
			541	602
			540	602
			539	602
			538	602
			537	602
			536	602
			535	602
			534	602
			533	602
			532	602
			531	602
			530	602
			529	602
			528	602
			527	602
			526	602
			525	602
			524	602
			523	602
			522	602
			521	602
			520	602
			519	602
			518	602
			517	602
			516	602
			515	602
			514	602
			513	602
			512	602
			511	602
			510	602
			509	602
			508	602
			507	602
			506	603
			505	603
			504	603
			503	603
			502	603
			501	603
			500	603
			499	603
			498	603
			497	603
			496	603
			495	603
			494	603
			493	603
			492	603
			491	603
			490	603
			489	603
			488	603
			487	603
			486	603
			485	603
			484	603
			483	603
			482	603
			481	603
			480	603
			479	603
			478	603
			477	603
			476	603
			475	603
			474	603
			473	603
			472	603
			471	603
			470	604
			469	604
			468	604
			467	604
			466	604
			465	604
			464	604
			463	604
			462	604
			461	604
			460	604
			459	604
			458	604
			457	604
			456	604
			455	604
			454	604
			453	604
			452	603
			451	603
			450	603
			449	603
			448	603
			447	602
			446	602
			445	602
			444	602
			443	601
			442	601
			441	601
			440	601
			439	601
			438	601
			437	600
			436	600
			435	600
			434	600
			433	600
			432	599
			431	599
			430	599
			429	599
			428	598
			427	598
			426	598
			425	598
			424	598
			423	597
			422	597
			421	597
			420	597
			419	596
			418	596
			417	596
			416	596
			415	596
			414	595
			413	595
			412	595
			411	595
			410	594
			409	594
			408	594
			407	594
			406	594
			405	593
			404	593
			403	593
			402	593
			401	592
			400	592
			399	592
			398	592
			397	592
			396	591
			395	591
			394	591
			393	590
			392	590
			391	590
			390	590
			389	590
			388	589
			387	589
			386	589
			385	589
			384	588
			383	588
			382	588
			381	588
			380	588
			379	587
			378	587
			377	587
			376	586
			375	586
			374	586
			373	586
			372	585
			371	585
			370	585
			369	585
			368	584
			367	584
			366	584
			365	584
			364	584
			363	583
			362	583
			361	583
			360	582
			359	582
			358	582
			357	582
			356	581
			355	581
			354	581
			353	581
			352	580
			351	580
			350	580
			349	579
			348	579
			347	579
			346	579
			345	578
			344	578
			343	578
			342	578
			342	577
			341	577
			340	577
			339	577
			339	576
			338	576
			337	576
			336	575
			335	575
			334	574
			333	573
			332	573
			331	572
			330	572
			329	571
			328	570
			327	570
			326	569
			325	568
			324	568
			323	567
			322	566
			321	566
			320	565
			319	564
			318	563
			317	563
			316	562
			315	561
			314	561
			313	560
			312	559
			311	558
			310	558
			309	557
			308	556
			307	555
			306	554
			305	554
			304	553
			303	552
			302	551
			301	551
			301	550
			300	549
			299	548
			298	548
			297	547
			296	546
			295	545
			294	544
			293	543
			292	543
			292	542
			291	541
			290	540
			289	539
			288	538
			287	537
			286	536
			285	535
			284	535
			283	534
			283	533
			282	532
			281	531
			280	530
			279	529
			278	528
			277	527
			276	527
			276	526
			275	525
			274	524
			273	524
			272	523
			271	522
			270	521
			269	520
			268	519
			267	518
			266	517
			265	517
			264	516
			263	515
			262	514
			261	513
			260	512
			259	512
			258	511
			257	510
			256	509
			255	509
			254	508
			253	507
			252	506
			251	506
			250	505
			249	504
			248	504
			247	503
			246	502
			245	502
			244	501
			243	500
			242	500
			241	499
			240	498
			239	498
			238	497
			237	497
			236	496
			235	496
			234	495
			233	494
			232	494
			231	493
			230	493
			229	492
			228	491
			227	491
			226	491
			226	490
			225	490
			224	490
			223	490
			222	490
			221	490
			220	489
			219	489
			218	489
			217	489
			216	489
			215	489
			214	488
			213	488
			212	488
			211	488
			210	487
			209	487
			208	487
			207	487
			206	486
			205	486
			204	486
			203	486
			203	485
			202	485
			201	485
			200	484
			199	484
			198	484
			197	484
			196	483
			195	483
			194	483
			193	482
			192	482
			191	482
			190	481
			189	481
			188	480
			187	480
			186	480
			185	479
			184	479
			183	478
			182	478
			181	478
			181	477
			180	477
			179	476
			178	475
			177	475
			176	474
			175	473
			174	472
			173	472
			172	471
			172	470
			171	470
			170	469
			169	468
			168	467
			167	466
			166	465
			165	464
			164	464
			164	463
			163	462
			162	461
			161	460
			160	459
			159	458
			159	457
			158	456
			157	455
			156	454
			156	453
			155	452
		</ventral_body>
		<operculum type=matrix rownames=FALSE colnames=FALSE nrow=59 ncol=2 as.numeric=TRUE >
			358	483
			358	482
			359	481
			359	480
			359	479
			359	478
			360	477
			360	476
			360	475
			360	474
			360	473
			361	472
			361	471
			361	470
			361	469
			362	468
			362	467
			362	466
			362	465
			363	464
			363	463
			363	462
			363	461
			364	460
			364	459
			364	458
			364	457
			365	456
			365	455
			365	454
			365	453
			365	452
			366	451
			366	450
			366	449
			366	448
			367	447
			367	446
			367	445
			367	444
			367	443
			368	442
			368	441
			368	440
			368	439
			368	438
			369	437
			369	436
			369	435
			369	434
			369	433
			370	432
			370	431
			370	430
			370	429
			370	428
			371	427
			371	426
			371	425
		</operculum>
	</curves.pixel>
</shapes>

