<shapes type=list>
	<scaling type=logical names=FALSE length=1 as.numeric=FALSE >NA</scaling>
	<landmarks.pixel type=matrix rownames=TRUE colnames=FALSE nrow=17 ncol=2 as.numeric=TRUE >
		pectoral_dors	218	142
		pectoral_vent	224	194
		premax_post	39	168
		eye_ant	91	107
		eye_post	123	109
		upper_jaw	31	156
		dorsal_ant	368	104
		dorsal_post	401	123
		caud_pedunc_dors	475	150
		caud_scale_dors	491	139
		caud_scale_vent	492	211
		caud_pedunc_vent	477	202
		anal_post	424	210
		anal_ant	390	227
		lower_jaw	30	178
		operc_vent	196	179
		oper_dor	203	134
	</landmarks.pixel>
	<curves.control type=list>
		<head type=matrix rownames=FALSE colnames=FALSE nrow=13 ncol=2 as.numeric=TRUE >
			31	156
			41	144
			50	140
			64	132
			81	118
			90	114
			90	102
			99	84
			176	80
			242	77
			319	91
			353	101
			368	104
		</head>
		<dorsal type=matrix rownames=FALSE colnames=FALSE nrow=3 ncol=2 as.numeric=TRUE >
			368	104
			385	113
			401	123
		</dorsal>
		<caudal_dors_ant type=matrix rownames=FALSE colnames=FALSE nrow=5 ncol=2 as.numeric=TRUE >
			401	123
			424	134
			439	141
			460	148
			475	150
		</caudal_dors_ant>
		<caud_dors_post type=matrix rownames=FALSE colnames=FALSE nrow=3 ncol=2 as.numeric=TRUE >
			475	150
			482	144
			491	139
		</caud_dors_post>
		<caud_vent_post type=matrix rownames=FALSE colnames=FALSE nrow=3 ncol=2 as.numeric=TRUE >
			492	211
			484	206
			477	202
		</caud_vent_post>
		<caudal_vent_ant type=matrix rownames=FALSE colnames=FALSE nrow=5 ncol=2 as.numeric=TRUE >
			477	202
			465	202
			447	204
			434	206
			424	210
		</caudal_vent_ant>
		<anal type=matrix rownames=FALSE colnames=FALSE nrow=3 ncol=2 as.numeric=TRUE >
			424	210
			408	218
			390	227
		</anal>
		<ventral_body type=matrix rownames=FALSE colnames=FALSE nrow=13 ncol=2 as.numeric=TRUE >
			390	227
			359	251
			317	279
			249	292
			207	284
			166	268
			123	247
			91	231
			72	224
			54	211
			48	201
			32	190
			30	178
		</ventral_body>
		<operculum type=matrix rownames=FALSE colnames=FALSE nrow=5 ncol=2 as.numeric=TRUE >
			196	179
			188	167
			189	158
			193	144
			203	134
		</operculum>
	</curves.control>
	<curves.pixel type=list>
		<head type=matrix rownames=FALSE colnames=FALSE nrow=357 ncol=2 as.numeric=TRUE >
			31	156
			32	155
			32	154
			33	154
			34	153
			34	152
			35	152
			36	151
			36	150
			37	150
			37	149
			38	148
			39	148
			39	147
			40	147
			41	146
			42	145
			43	144
			44	143
			45	143
			46	142
			47	142
			48	141
			49	140
			50	140
			51	139
			52	139
			53	138
			54	138
			55	137
			56	137
			57	136
			58	135
			59	134
			60	134
			61	133
			62	132
			63	132
			64	131
			65	130
			66	129
			67	129
			68	128
			69	128
			69	127
			70	127
			71	126
			72	125
			73	124
			74	124
			75	123
			76	122
			77	122
			77	121
			78	120
			79	120
			80	119
			81	118
			82	118
			82	117
			83	117
			84	116
			85	116
			85	115
			86	114
			87	114
			87	113
			88	112
			88	111
			89	110
			89	109
			89	108
			90	107
			90	106
			90	105
			90	104
			90	103
			90	102
			91	101
			91	100
			92	99
			93	98
			94	97
			95	97
			96	96
			97	95
			98	94
			99	94
			100	93
			101	93
			102	92
			103	92
			104	92
			105	91
			106	91
			107	90
			108	90
			109	90
			110	89
			111	89
			112	88
			113	88
			114	88
			115	88
			116	87
			117	87
			118	87
			119	87
			120	87
			121	86
			122	86
			123	86
			124	86
			125	85
			126	85
			127	85
			128	85
			129	85
			130	85
			131	84
			132	84
			133	84
			134	84
			135	84
			136	84
			137	83
			138	83
			139	83
			140	83
			141	83
			142	83
			143	83
			144	83
			145	83
			146	82
			147	82
			148	82
			149	82
			150	82
			151	82
			152	82
			153	82
			154	82
			155	81
			156	81
			157	81
			158	81
			159	81
			160	81
			161	81
			162	81
			163	81
			164	81
			165	81
			166	81
			167	81
			168	80
			169	80
			170	80
			171	80
			172	80
			173	80
			174	80
			175	80
			176	80
			177	80
			178	80
			179	80
			180	80
			181	80
			182	80
			183	80
			184	80
			185	80
			186	80
			187	80
			188	80
			189	80
			190	80
			191	80
			192	80
			193	80
			194	79
			195	79
			196	79
			197	79
			198	79
			199	79
			200	79
			201	79
			202	79
			203	79
			204	79
			205	79
			206	80
			207	80
			208	80
			209	80
			210	80
			211	80
			212	80
			213	80
			214	80
			215	80
			216	80
			217	80
			218	80
			219	80
			220	80
			221	80
			222	80
			223	80
			224	80
			225	80
			226	80
			227	80
			228	80
			229	80
			230	80
			231	80
			232	80
			233	80
			234	81
			235	81
			236	81
			237	81
			238	81
			239	81
			240	81
			241	81
			242	81
			243	81
			244	81
			245	81
			246	81
			247	81
			248	82
			249	82
			250	82
			251	82
			252	82
			253	82
			254	82
			255	82
			256	82
			257	82
			258	82
			259	83
			260	83
			261	83
			262	83
			263	83
			264	83
			265	83
			266	83
			267	83
			268	83
			269	84
			270	84
			271	84
			272	84
			273	84
			274	84
			275	84
			276	84
			277	84
			278	85
			279	85
			280	85
			281	85
			282	85
			283	85
			284	85
			285	86
			286	86
			287	86
			288	86
			289	86
			290	86
			291	86
			292	87
			293	87
			294	87
			295	87
			296	87
			297	87
			298	88
			299	88
			300	88
			301	88
			302	88
			303	88
			304	88
			305	89
			306	89
			307	89
			308	89
			309	89
			310	89
			311	90
			312	90
			313	90
			314	90
			315	90
			316	90
			317	91
			318	91
			319	91
			320	91
			321	92
			322	92
			323	92
			324	93
			325	93
			326	93
			327	93
			328	94
			329	94
			330	94
			331	95
			332	95
			333	95
			334	95
			335	96
			336	96
			337	96
			338	97
			339	97
			340	97
			341	97
			342	98
			343	98
			344	98
			345	98
			346	99
			347	99
			348	99
			349	99
			350	100
			351	100
			352	100
			353	100
			354	101
			355	101
			356	101
			357	102
			358	102
			359	102
			360	102
			361	103
			362	103
			363	103
			364	103
			365	103
			366	104
			367	104
			368	104
		</head>
		<dorsal type=matrix rownames=FALSE colnames=FALSE nrow=39 ncol=2 as.numeric=TRUE >
			368	104
			369	104
			370	105
			371	105
			372	106
			373	107
			374	107
			375	108
			376	108
			377	109
			378	109
			379	110
			380	111
			381	111
			382	111
			382	112
			383	112
			384	113
			385	113
			385	114
			386	114
			387	114
			387	115
			388	115
			389	116
			390	116
			390	117
			391	117
			392	117
			393	118
			394	119
			395	119
			396	120
			397	120
			398	121
			399	121
			399	122
			400	123
			401	123
		</dorsal>
		<caudal_dors_ant type=matrix rownames=FALSE colnames=FALSE nrow=79 ncol=2 as.numeric=TRUE >
			401	123
			402	124
			403	124
			404	125
			405	125
			406	125
			406	126
			407	126
			408	126
			408	127
			409	127
			410	127
			411	128
			412	128
			413	129
			414	129
			415	129
			415	130
			416	130
			417	131
			418	131
			419	132
			420	132
			421	133
			422	133
			423	133
			424	134
			425	135
			426	135
			427	135
			428	136
			429	136
			430	137
			431	137
			432	138
			433	138
			434	139
			435	139
			436	140
			437	140
			438	141
			439	141
			440	141
			441	142
			442	142
			443	142
			444	143
			445	143
			446	143
			447	144
			448	144
			449	144
			450	144
			450	145
			451	145
			452	145
			453	145
			454	146
			455	146
			456	146
			457	146
			458	147
			459	147
			460	147
			461	147
			462	148
			463	148
			464	148
			465	148
			466	148
			467	149
			468	149
			469	149
			470	149
			471	149
			472	150
			473	150
			474	150
			475	150
		</caudal_dors_ant>
		<caud_dors_post type=matrix rownames=FALSE colnames=FALSE nrow=17 ncol=2 as.numeric=TRUE >
			475	150
			476	149
			477	148
			478	147
			479	147
			480	146
			481	145
			482	145
			483	144
			484	143
			485	143
			486	142
			487	141
			488	141
			489	140
			490	139
			491	139
		</caud_dors_post>
		<caud_vent_post type=matrix rownames=FALSE colnames=FALSE nrow=18 ncol=2 as.numeric=TRUE >
			492	211
			491	210
			490	210
			489	209
			488	209
			488	208
			487	208
			486	207
			485	207
			484	206
			483	206
			482	205
			481	205
			481	204
			480	204
			479	203
			478	203
			477	202
		</caud_vent_post>
		<caudal_vent_ant type=matrix rownames=FALSE colnames=FALSE nrow=55 ncol=2 as.numeric=TRUE >
			477	202
			476	202
			475	202
			474	202
			473	202
			472	202
			471	202
			470	202
			469	202
			468	202
			467	202
			466	202
			465	202
			464	202
			463	203
			462	203
			461	203
			460	203
			459	203
			458	203
			457	203
			456	203
			455	203
			454	203
			453	203
			452	204
			451	204
			450	204
			449	204
			448	204
			447	204
			446	204
			445	204
			444	205
			443	205
			442	205
			441	205
			440	205
			439	205
			439	206
			438	206
			437	206
			436	206
			435	206
			434	207
			433	207
			432	207
			431	208
			430	208
			429	208
			428	208
			427	209
			426	209
			425	210
			424	210
		</caudal_vent_ant>
		<anal type=matrix rownames=FALSE colnames=FALSE nrow=37 ncol=2 as.numeric=TRUE >
			424	210
			423	210
			422	211
			421	211
			421	212
			420	212
			419	213
			418	213
			417	213
			416	214
			415	214
			415	215
			414	215
			413	216
			412	216
			411	216
			410	217
			409	217
			408	218
			407	219
			406	219
			405	220
			404	220
			403	221
			402	221
			401	222
			400	222
			399	222
			398	223
			397	224
			396	224
			395	225
			394	225
			393	226
			392	226
			391	226
			390	227
		</anal>
		<ventral_body type=matrix rownames=FALSE colnames=FALSE nrow=393 ncol=2 as.numeric=TRUE >
			390	227
			389	228
			388	228
			387	229
			386	230
			385	231
			384	231
			384	232
			383	233
			382	233
			381	234
			380	235
			379	236
			378	236
			377	237
			376	238
			375	238
			374	239
			373	240
			372	241
			371	241
			370	242
			369	243
			368	244
			367	244
			366	245
			365	246
			364	247
			363	247
			362	248
			361	249
			360	250
			359	250
			358	251
			357	252
			356	253
			355	253
			354	253
			354	254
			353	254
			352	255
			351	256
			350	257
			349	257
			348	258
			347	258
			347	259
			346	259
			345	260
			344	261
			343	261
			342	262
			341	263
			340	263
			339	264
			338	265
			337	266
			336	266
			335	267
			334	268
			333	268
			332	269
			331	270
			330	270
			329	271
			328	272
			327	272
			326	273
			325	274
			324	274
			323	275
			322	276
			321	277
			320	277
			319	278
			318	278
			317	279
			316	279
			315	279
			314	279
			313	280
			312	280
			311	280
			310	280
			309	280
			308	281
			307	281
			306	281
			305	281
			304	281
			303	281
			302	282
			301	282
			300	282
			299	282
			298	282
			297	282
			297	283
			296	283
			295	283
			294	283
			293	283
			292	283
			291	283
			290	284
			289	284
			288	284
			287	284
			286	284
			285	284
			284	284
			283	284
			282	284
			281	285
			280	285
			279	285
			278	285
			277	285
			276	285
			275	285
			274	285
			273	285
			272	286
			271	286
			270	286
			269	286
			268	286
			267	286
			266	286
			265	286
			264	286
			263	286
			262	286
			261	286
			260	287
			259	287
			258	287
			257	287
			256	287
			255	287
			254	287
			253	287
			252	287
			251	287
			250	287
			249	287
			248	287
			247	287
			246	287
			245	287
			244	287
			243	287
			242	287
			241	287
			240	287
			239	287
			238	287
			237	287
			236	287
			235	287
			234	287
			233	287
			232	287
			231	287
			230	287
			229	287
			228	287
			227	287
			226	286
			225	286
			224	286
			223	286
			222	286
			221	286
			220	286
			219	286
			218	286
			217	286
			216	285
			215	285
			214	285
			213	285
			212	285
			211	285
			210	285
			209	284
			208	284
			207	284
			206	284
			206	283
			205	283
			204	283
			203	282
			202	282
			201	282
			201	281
			200	281
			199	281
			198	280
			197	280
			196	280
			196	279
			195	279
			194	279
			193	278
			192	278
			191	278
			191	277
			190	277
			189	277
			188	276
			187	276
			186	276
			186	275
			185	275
			184	275
			183	274
			182	274
			181	274
			180	273
			179	272
			178	272
			177	272
			176	271
			175	271
			174	270
			173	270
			172	269
			171	269
			170	269
			169	268
			168	268
			167	267
			166	267
			165	266
			164	266
			163	265
			162	265
			161	265
			160	264
			159	264
			158	263
			157	263
			156	262
			155	262
			154	262
			154	261
			153	261
			152	261
			151	260
			150	260
			149	259
			148	259
			147	259
			146	258
			145	257
			144	257
			143	257
			142	256
			141	256
			140	255
			139	255
			138	254
			137	254
			136	253
			135	253
			134	252
			133	252
			132	251
			131	251
			130	251
			129	250
			128	250
			127	249
			126	248
			125	248
			124	248
			124	247
			123	247
			122	247
			122	246
			121	246
			120	246
			119	245
			118	245
			118	244
			117	244
			116	243
			115	243
			114	242
			113	242
			112	242
			111	241
			110	241
			109	240
			108	240
			107	239
			106	239
			106	238
			105	238
			104	238
			103	237
			102	237
			101	236
			100	236
			99	236
			99	235
			98	235
			97	234
			96	234
			95	234
			95	233
			94	233
			93	233
			92	232
			91	232
			90	231
			89	231
			88	231
			87	230
			86	230
			85	229
			84	229
			83	228
			82	228
			81	227
			80	227
			79	227
			78	226
			77	226
			76	225
			75	225
			74	225
			73	224
			72	224
			71	223
			70	222
			69	222
			68	221
			67	220
			66	220
			65	219
			65	218
			64	218
			63	217
			62	216
			61	216
			61	215
			60	214
			59	214
			58	213
			57	212
			56	211
			55	210
			54	209
			54	208
			53	208
			52	207
			52	206
			51	206
			51	205
			50	204
			49	203
			48	202
			48	201
			47	200
			46	199
			45	199
			44	198
			43	197
			42	196
			41	195
			40	194
			39	194
			38	193
			38	192
			37	192
			37	191
			36	190
			35	190
			35	189
			35	188
			34	188
			34	187
			33	186
			32	185
			32	184
			31	183
			31	182
			31	181
			30	180
			30	179
			30	178
		</ventral_body>
		<operculum type=matrix rownames=FALSE colnames=FALSE nrow=50 ncol=2 as.numeric=TRUE >
			196	179
			195	178
			195	177
			194	176
			194	175
			193	174
			193	173
			192	173
			192	172
			191	171
			191	170
			191	169
			190	168
			190	167
			190	166
			189	165
			189	164
			189	163
			189	162
			189	161
			189	160
			189	159
			189	158
			189	157
			190	156
			190	155
			190	154
			191	153
			191	152
			191	151
			192	151
			192	150
			192	149
			193	148
			193	147
			194	146
			194	145
			195	145
			195	144
			196	143
			196	142
			197	141
			198	140
			199	139
			199	138
			200	137
			201	136
			202	136
			202	135
			203	134
		</operculum>
	</curves.pixel>
</shapes>

