<shapes type=list>
	<scaling type=logical names=FALSE length=1 as.numeric=FALSE >NA</scaling>
	<landmarks.pixel type=matrix rownames=TRUE colnames=FALSE nrow=17 ncol=2 as.numeric=TRUE >
		pectoral_dors	1528	880
		pectoral_vent	1599	979
		premax_post	970	1023
		eye_ant	1137	974
		eye_post	1318	956
		upper_jaw	919	1017
		dorsal_ant	1815	620
		dorsal_post	2294	822
		caud_pedunc_dors	2531	892
		caud_scale_dors	2578	877
		caud_scale_vent	2554	1114
		caud_pedunc_vent	2478	1093
		anal_post	2239	1126
		anal_ant	1862	1260
		lower_jaw	929	1041
		operc_vent	1543	1033
		oper_dor	1449	907
	</landmarks.pixel>
	<curves.control type=list>
		<head type=matrix rownames=FALSE colnames=FALSE nrow=7 ncol=2 as.numeric=TRUE >
			919	1017
			940	891
			1035	847
			1242	693
			1416	666
			1610	650
			1815	620
		</head>
		<dorsal type=matrix rownames=FALSE colnames=FALSE nrow=5 ncol=2 as.numeric=TRUE >
			1815	620
			1955	655
			2106	698
			2227	770
			2294	822
		</dorsal>
		<caudal_dors_ant type=matrix rownames=FALSE colnames=FALSE nrow=3 ncol=2 as.numeric=TRUE >
			2294	822
			2385	850
			2531	892
		</caudal_dors_ant>
		<caud_dors_post type=matrix rownames=FALSE colnames=FALSE nrow=3 ncol=2 as.numeric=TRUE >
			2531	892
			2558	883
			2578	877
		</caud_dors_post>
		<caud_vent_post type=matrix rownames=FALSE colnames=FALSE nrow=3 ncol=2 as.numeric=TRUE >
			2554	1114
			2520	1101
			2478	1093
		</caud_vent_post>
		<caudal_vent_ant type=matrix rownames=FALSE colnames=FALSE nrow=5 ncol=2 as.numeric=TRUE >
			2478	1093
			2391	1102
			2322	1115
			2275	1120
			2239	1126
		</caudal_vent_ant>
		<anal type=matrix rownames=FALSE colnames=FALSE nrow=5 ncol=2 as.numeric=TRUE >
			2239	1126
			2171	1163
			2086	1202
			1985	1234
			1862	1260
		</anal>
		<ventral_body type=matrix rownames=FALSE colnames=FALSE nrow=13 ncol=2 as.numeric=TRUE >
			1862	1260
			1828	1259
			1790	1242
			1751	1234
			1706	1215
			1596	1219
			1387	1214
			1240	1197
			1150	1173
			1071	1154
			1009	1126
			975	1106
			929	1041
		</ventral_body>
		<operculum type=matrix rownames=FALSE colnames=FALSE nrow=5 ncol=2 as.numeric=TRUE >
			1543	1033
			1505	1030
			1477	996
			1456	950
			1449	907
		</operculum>
	</curves.control>
	<curves.pixel type=list>
		<head type=matrix rownames=FALSE colnames=FALSE nrow=997 ncol=2 as.numeric=TRUE >
			919	1017
			919	1016
			919	1015
			920	1014
			920	1013
			920	1012
			920	1011
			920	1010
			920	1009
			921	1008
			921	1007
			921	1006
			921	1005
			921	1004
			922	1003
			922	1002
			922	1001
			922	1000
			923	999
			923	998
			923	997
			923	996
			923	995
			924	994
			924	993
			924	992
			924	991
			925	990
			925	989
			925	988
			925	987
			926	986
			926	985
			926	984
			926	983
			927	982
			927	981
			927	980
			927	979
			928	978
			928	977
			928	976
			929	976
			929	975
			929	974
			929	973
			930	972
			930	971
			930	970
			931	969
			931	968
			931	967
			932	966
			932	965
			933	964
			933	963
			933	962
			933	961
			934	961
			934	960
			934	959
			935	958
			935	957
			935	956
			936	955
			936	954
			936	953
			937	953
			937	952
			937	951
			938	950
			938	949
			939	948
			939	947
			940	946
			940	945
			940	944
			941	943
			941	942
			942	942
			942	941
			942	940
			943	939
			943	938
			944	937
			944	936
			945	935
			945	934
			946	933
			946	932
			947	931
			947	930
			948	929
			948	928
			949	927
			949	926
			950	925
			950	924
			951	923
			952	922
			952	921
			953	921
			953	920
			954	919
			954	918
			955	917
			956	916
			956	915
			957	914
			957	913
			958	912
			959	911
			960	910
			961	909
			961	908
			962	907
			963	906
			963	905
			964	904
			965	903
			966	902
			967	901
			967	900
			968	899
			969	898
			970	897
			971	896
			971	895
			972	894
			973	893
			974	892
			975	891
			975	890
			976	889
			977	888
			978	887
			979	886
			980	886
			981	885
			982	884
			982	883
			983	882
			984	881
			985	880
			986	880
			987	879
			988	878
			989	877
			990	876
			991	875
			992	875
			992	874
			993	873
			994	872
			995	871
			996	871
			997	870
			998	869
			999	868
			1000	868
			1001	867
			1002	866
			1003	865
			1004	865
			1005	864
			1006	863
			1007	863
			1008	862
			1009	861
			1010	861
			1011	860
			1012	860
			1012	859
			1013	859
			1014	858
			1015	858
			1016	857
			1017	856
			1018	856
			1019	856
			1019	855
			1020	855
			1021	854
			1022	854
			1023	853
			1024	852
			1025	852
			1026	851
			1027	851
			1028	850
			1029	850
			1030	849
			1031	849
			1032	848
			1033	848
			1034	847
			1035	847
			1036	846
			1037	846
			1038	845
			1038	844
			1039	844
			1040	843
			1041	843
			1042	842
			1043	841
			1044	840
			1045	840
			1046	839
			1047	838
			1048	837
			1049	837
			1050	836
			1051	835
			1052	835
			1053	834
			1054	833
			1055	833
			1056	832
			1056	831
			1057	831
			1058	830
			1059	829
			1060	829
			1061	828
			1062	827
			1063	827
			1064	826
			1065	825
			1066	825
			1067	824
			1068	823
			1069	823
			1070	822
			1071	821
			1072	821
			1073	820
			1073	819
			1074	819
			1075	818
			1076	817
			1077	817
			1078	816
			1079	815
			1080	815
			1081	814
			1082	813
			1083	813
			1084	812
			1085	811
			1086	811
			1087	810
			1088	810
			1088	809
			1089	808
			1090	808
			1091	807
			1092	806
			1093	806
			1094	805
			1095	805
			1096	804
			1097	803
			1098	803
			1099	802
			1100	801
			1101	801
			1102	800
			1103	799
			1104	799
			1105	798
			1106	797
			1107	796
			1108	796
			1109	795
			1110	795
			1111	794
			1112	793
			1113	793
			1114	792
			1115	791
			1116	791
			1117	790
			1118	789
			1119	789
			1120	788
			1121	788
			1122	787
			1123	786
			1124	786
			1125	785
			1126	785
			1127	784
			1128	783
			1129	783
			1130	782
			1131	781
			1132	781
			1133	780
			1134	779
			1135	779
			1136	778
			1137	778
			1137	777
			1138	777
			1139	776
			1140	776
			1141	775
			1142	775
			1142	774
			1143	774
			1144	773
			1145	773
			1146	772
			1147	771
			1148	771
			1149	770
			1150	770
			1151	769
			1152	768
			1153	768
			1154	767
			1155	767
			1156	766
			1157	766
			1158	765
			1159	764
			1160	764
			1161	763
			1162	763
			1163	762
			1164	762
			1165	761
			1166	760
			1167	760
			1168	759
			1169	759
			1170	758
			1171	758
			1172	757
			1173	757
			1174	756
			1175	755
			1176	755
			1177	754
			1178	754
			1179	753
			1180	752
			1181	752
			1182	751
			1183	751
			1184	750
			1185	750
			1186	749
			1187	749
			1188	748
			1189	748
			1190	747
			1191	746
			1192	746
			1193	745
			1194	745
			1195	744
			1196	744
			1197	743
			1198	743
			1199	742
			1200	742
			1201	741
			1202	741
			1203	740
			1204	739
			1205	739
			1206	738
			1207	738
			1208	737
			1209	737
			1210	736
			1211	736
			1212	735
			1213	735
			1214	734
			1215	734
			1216	733
			1217	733
			1218	732
			1219	732
			1220	731
			1221	731
			1222	730
			1223	730
			1224	729
			1225	729
			1226	729
			1227	728
			1228	728
			1229	727
			1230	727
			1231	726
			1232	726
			1233	725
			1234	725
			1235	724
			1236	724
			1237	723
			1238	723
			1239	722
			1240	722
			1241	722
			1242	721
			1243	721
			1244	720
			1245	720
			1245	719
			1246	719
			1247	718
			1248	718
			1249	718
			1250	717
			1251	717
			1252	716
			1253	716
			1254	715
			1255	715
			1256	714
			1257	714
			1258	714
			1259	713
			1260	713
			1261	712
			1262	712
			1263	712
			1264	711
			1265	711
			1266	710
			1267	710
			1268	709
			1269	709
			1270	709
			1271	708
			1272	708
			1273	707
			1274	707
			1275	707
			1276	706
			1277	705
			1278	705
			1279	705
			1280	705
			1280	704
			1281	704
			1282	704
			1283	703
			1284	703
			1285	702
			1286	702
			1287	702
			1288	701
			1289	701
			1290	700
			1291	700
			1292	700
			1293	699
			1294	699
			1295	699
			1296	698
			1297	698
			1298	697
			1299	697
			1300	697
			1301	696
			1302	696
			1303	696
			1304	695
			1305	695
			1306	695
			1307	694
			1308	694
			1309	693
			1310	693
			1311	693
			1312	692
			1313	692
			1314	692
			1315	691
			1316	691
			1317	691
			1318	690
			1319	690
			1320	690
			1321	689
			1322	689
			1323	689
			1324	688
			1325	688
			1326	688
			1327	688
			1328	687
			1329	687
			1330	687
			1330	686
			1331	686
			1332	686
			1333	685
			1334	685
			1335	685
			1336	684
			1337	684
			1338	684
			1339	684
			1340	683
			1341	683
			1342	683
			1343	682
			1344	682
			1345	682
			1346	682
			1347	681
			1348	681
			1349	681
			1350	681
			1351	680
			1352	680
			1353	680
			1354	679
			1355	679
			1356	679
			1357	679
			1357	678
			1358	678
			1359	678
			1360	678
			1361	677
			1362	677
			1363	677
			1364	677
			1365	676
			1366	676
			1367	676
			1368	676
			1369	675
			1370	675
			1371	675
			1372	675
			1373	675
			1374	674
			1375	674
			1376	674
			1377	674
			1378	673
			1379	673
			1380	673
			1381	673
			1382	672
			1383	672
			1384	672
			1385	672
			1386	672
			1387	671
			1388	671
			1389	671
			1390	671
			1391	670
			1392	670
			1393	670
			1394	670
			1395	670
			1396	669
			1397	669
			1398	669
			1399	669
			1400	669
			1401	669
			1402	668
			1403	668
			1404	668
			1405	668
			1406	668
			1407	668
			1408	667
			1409	667
			1410	667
			1411	667
			1412	667
			1413	666
			1414	666
			1415	666
			1416	666
			1417	666
			1418	666
			1419	666
			1420	666
			1421	666
			1422	666
			1423	665
			1424	665
			1425	665
			1426	665
			1427	665
			1428	665
			1429	665
			1430	665
			1431	665
			1432	665
			1433	665
			1434	664
			1435	664
			1436	664
			1437	664
			1438	664
			1439	664
			1440	664
			1441	664
			1442	664
			1443	664
			1444	664
			1445	664
			1446	663
			1447	663
			1448	663
			1449	663
			1450	663
			1451	663
			1452	663
			1453	663
			1454	663
			1455	663
			1456	663
			1457	662
			1458	662
			1459	662
			1460	662
			1461	662
			1462	662
			1463	662
			1464	662
			1465	662
			1466	662
			1467	662
			1468	661
			1469	661
			1470	661
			1471	661
			1472	661
			1473	661
			1474	661
			1475	661
			1476	661
			1477	661
			1478	661
			1479	660
			1480	660
			1481	660
			1482	660
			1483	660
			1484	660
			1485	660
			1486	660
			1487	660
			1488	660
			1489	659
			1490	659
			1491	659
			1492	659
			1493	659
			1494	659
			1495	659
			1496	659
			1497	659
			1498	659
			1499	659
			1500	659
			1500	658
			1501	658
			1502	658
			1503	658
			1504	658
			1505	658
			1506	658
			1507	658
			1508	658
			1509	658
			1510	657
			1511	657
			1512	657
			1513	657
			1514	657
			1515	657
			1516	657
			1517	657
			1518	657
			1519	657
			1520	656
			1521	656
			1522	656
			1523	656
			1524	656
			1525	656
			1526	656
			1527	656
			1528	656
			1529	656
			1530	655
			1531	655
			1532	655
			1533	655
			1534	655
			1535	655
			1536	655
			1537	655
			1538	655
			1539	655
			1540	654
			1541	654
			1542	654
			1543	654
			1544	654
			1545	654
			1546	654
			1547	654
			1548	654
			1549	654
			1549	653
			1550	653
			1551	653
			1552	653
			1553	653
			1554	653
			1555	653
			1556	653
			1557	653
			1558	653
			1559	652
			1560	652
			1561	652
			1562	652
			1563	652
			1564	652
			1565	652
			1566	652
			1567	652
			1568	651
			1569	651
			1570	651
			1571	651
			1572	651
			1573	651
			1574	651
			1575	651
			1576	651
			1577	650
			1578	650
			1579	650
			1580	650
			1581	650
			1582	650
			1583	650
			1584	650
			1585	650
			1586	650
			1587	649
			1588	649
			1589	649
			1590	649
			1591	649
			1592	649
			1593	649
			1594	649
			1595	649
			1596	648
			1597	648
			1598	648
			1599	648
			1600	648
			1601	648
			1602	648
			1603	648
			1604	648
			1605	647
			1606	647
			1607	647
			1608	647
			1609	647
			1610	647
			1611	647
			1612	647
			1613	647
			1614	646
			1615	646
			1616	646
			1617	646
			1618	646
			1619	646
			1620	646
			1621	646
			1622	645
			1623	645
			1624	645
			1625	645
			1626	645
			1627	645
			1628	645
			1629	645
			1630	644
			1631	644
			1632	644
			1633	644
			1634	644
			1635	644
			1636	644
			1637	644
			1638	643
			1639	643
			1640	643
			1641	643
			1642	643
			1643	643
			1644	643
			1645	643
			1646	643
			1647	642
			1648	642
			1649	642
			1650	642
			1651	642
			1652	642
			1653	642
			1654	642
			1655	641
			1656	641
			1657	641
			1658	641
			1659	641
			1660	641
			1661	641
			1662	641
			1663	641
			1663	640
			1664	640
			1665	640
			1666	640
			1667	640
			1668	640
			1669	640
			1670	640
			1671	640
			1672	639
			1673	639
			1674	639
			1675	639
			1676	639
			1677	639
			1678	639
			1679	639
			1679	638
			1680	638
			1681	638
			1682	638
			1683	638
			1684	638
			1685	638
			1686	638
			1687	638
			1688	637
			1689	637
			1690	637
			1691	637
			1692	637
			1693	637
			1694	637
			1695	636
			1696	636
			1697	636
			1698	636
			1699	636
			1700	636
			1701	636
			1702	636
			1703	635
			1704	635
			1705	635
			1706	635
			1707	635
			1708	635
			1709	635
			1710	635
			1711	634
			1712	634
			1713	634
			1714	634
			1715	634
			1716	634
			1717	634
			1718	634
			1719	633
			1720	633
			1721	633
			1722	633
			1723	633
			1724	633
			1725	633
			1726	632
			1727	632
			1728	632
			1729	632
			1730	632
			1731	632
			1732	632
			1733	631
			1734	631
			1735	631
			1736	631
			1737	631
			1738	631
			1739	631
			1740	631
			1741	630
			1742	630
			1743	630
			1744	630
			1745	630
			1746	630
			1747	630
			1748	629
			1749	629
			1750	629
			1751	629
			1752	629
			1753	629
			1754	629
			1755	628
			1756	628
			1757	628
			1758	628
			1759	628
			1760	628
			1761	628
			1762	627
			1763	627
			1764	627
			1765	627
			1766	627
			1767	627
			1768	627
			1769	627
			1770	626
			1771	626
			1772	626
			1773	626
			1774	626
			1775	626
			1776	626
			1777	626
			1777	625
			1778	625
			1779	625
			1780	625
			1781	625
			1782	625
			1783	625
			1784	625
			1784	624
			1785	624
			1786	624
			1787	624
			1788	624
			1789	624
			1790	624
			1791	624
			1791	623
			1792	623
			1793	623
			1794	623
			1795	623
			1796	623
			1797	623
			1798	623
			1798	622
			1799	622
			1800	622
			1801	622
			1802	622
			1803	622
			1804	622
			1805	622
			1805	621
			1806	621
			1807	621
			1808	621
			1809	621
			1810	621
			1811	621
			1812	621
			1812	620
			1813	620
			1814	620
			1815	620
		</head>
		<dorsal type=matrix rownames=FALSE colnames=FALSE nrow=505 ncol=2 as.numeric=TRUE >
			1815	620
			1816	620
			1817	621
			1818	621
			1819	621
			1820	621
			1821	622
			1822	622
			1823	622
			1824	622
			1825	623
			1826	623
			1827	623
			1828	623
			1829	623
			1829	624
			1830	624
			1831	624
			1832	624
			1833	625
			1834	625
			1835	625
			1836	625
			1837	626
			1838	626
			1839	626
			1840	626
			1841	626
			1842	627
			1843	627
			1844	627
			1845	628
			1846	628
			1847	628
			1848	628
			1849	629
			1850	629
			1851	629
			1852	629
			1853	629
			1853	630
			1854	630
			1855	630
			1856	630
			1857	630
			1857	631
			1858	631
			1859	631
			1860	631
			1861	632
			1862	632
			1863	632
			1864	632
			1865	633
			1866	633
			1867	633
			1868	633
			1869	634
			1870	634
			1871	634
			1872	634
			1873	635
			1874	635
			1875	635
			1876	635
			1877	636
			1878	636
			1879	636
			1880	636
			1881	637
			1882	637
			1883	637
			1884	638
			1885	638
			1886	638
			1887	638
			1888	639
			1889	639
			1890	639
			1891	639
			1892	640
			1893	640
			1894	640
			1895	640
			1896	641
			1897	641
			1898	641
			1899	642
			1900	642
			1901	642
			1902	642
			1903	643
			1904	643
			1905	643
			1906	643
			1907	644
			1908	644
			1909	644
			1910	644
			1911	645
			1912	645
			1913	645
			1914	646
			1915	646
			1916	646
			1917	646
			1918	646
			1919	647
			1920	647
			1921	647
			1922	647
			1922	648
			1923	648
			1924	648
			1925	648
			1926	649
			1927	649
			1928	649
			1929	649
			1930	650
			1931	650
			1932	650
			1933	650
			1934	651
			1935	651
			1936	651
			1937	651
			1938	652
			1939	652
			1940	652
			1941	653
			1942	653
			1943	653
			1944	653
			1945	654
			1946	654
			1947	654
			1948	654
			1949	655
			1950	655
			1951	655
			1952	656
			1953	656
			1954	656
			1955	656
			1956	657
			1957	657
			1958	657
			1959	657
			1960	658
			1961	658
			1962	658
			1963	658
			1964	659
			1965	659
			1966	659
			1967	659
			1968	660
			1969	660
			1970	660
			1971	661
			1972	661
			1973	661
			1974	661
			1975	662
			1976	662
			1977	662
			1978	662
			1978	663
			1979	663
			1980	663
			1981	663
			1982	664
			1983	664
			1984	664
			1985	664
			1986	665
			1987	665
			1988	665
			1989	665
			1990	666
			1991	666
			1992	666
			1993	666
			1994	667
			1995	667
			1996	667
			1997	668
			1998	668
			1999	668
			2000	668
			2001	669
			2002	669
			2003	669
			2004	670
			2005	670
			2006	670
			2007	670
			2008	671
			2009	671
			2010	671
			2011	671
			2012	672
			2013	672
			2014	672
			2015	673
			2016	673
			2017	673
			2018	673
			2019	674
			2020	674
			2021	674
			2022	675
			2023	675
			2024	675
			2025	675
			2026	676
			2027	676
			2028	676
			2029	677
			2030	677
			2031	677
			2032	677
			2033	678
			2034	678
			2035	678
			2036	678
			2037	679
			2038	679
			2039	679
			2040	680
			2041	680
			2042	680
			2043	680
			2044	680
			2044	681
			2045	681
			2046	681
			2047	681
			2048	682
			2049	682
			2050	682
			2051	683
			2052	683
			2053	683
			2054	683
			2055	684
			2056	684
			2057	684
			2058	684
			2059	685
			2060	685
			2061	685
			2062	685
			2062	686
			2063	686
			2064	686
			2065	686
			2066	687
			2067	687
			2068	687
			2069	687
			2070	688
			2071	688
			2072	688
			2073	689
			2074	689
			2075	689
			2076	690
			2077	690
			2078	690
			2079	690
			2080	691
			2081	691
			2082	691
			2083	692
			2084	692
			2085	692
			2086	692
			2087	693
			2088	693
			2089	693
			2090	694
			2091	694
			2092	694
			2093	694
			2094	695
			2095	695
			2096	695
			2097	695
			2098	696
			2099	696
			2100	696
			2101	697
			2102	697
			2103	697
			2104	697
			2105	698
			2106	698
			2107	698
			2107	699
			2108	699
			2109	700
			2110	700
			2110	701
			2111	701
			2112	702
			2113	702
			2114	703
			2115	703
			2116	704
			2117	704
			2118	705
			2119	706
			2120	706
			2120	707
			2121	707
			2122	708
			2123	708
			2124	709
			2125	709
			2126	710
			2127	710
			2128	711
			2129	712
			2130	713
			2131	713
			2132	714
			2133	715
			2134	715
			2135	715
			2135	716
			2136	716
			2137	716
			2137	717
			2138	717
			2138	718
			2139	718
			2140	718
			2140	719
			2141	719
			2142	719
			2142	720
			2143	720
			2143	721
			2144	721
			2145	721
			2145	722
			2146	722
			2147	723
			2148	724
			2149	724
			2150	725
			2151	725
			2152	726
			2153	727
			2154	727
			2155	728
			2156	728
			2157	729
			2158	730
			2159	730
			2160	731
			2161	732
			2162	732
			2163	733
			2164	734
			2165	734
			2166	735
			2167	735
			2168	736
			2169	737
			2170	737
			2171	738
			2172	739
			2173	739
			2174	740
			2175	740
			2176	741
			2177	742
			2178	742
			2179	743
			2180	743
			2181	744
			2182	745
			2183	745
			2184	746
			2185	747
			2186	747
			2187	748
			2188	748
			2189	749
			2190	750
			2191	750
			2192	751
			2193	751
			2194	752
			2195	753
			2196	754
			2197	755
			2198	755
			2199	755
			2199	756
			2200	756
			2201	757
			2202	758
			2203	758
			2204	759
			2205	759
			2206	760
			2207	760
			2207	761
			2208	761
			2209	762
			2210	763
			2211	764
			2212	764
			2213	765
			2214	765
			2215	766
			2216	767
			2217	767
			2218	768
			2219	768
			2219	769
			2220	770
			2221	770
			2222	771
			2223	771
			2224	772
			2225	773
			2226	773
			2227	774
			2228	775
			2229	776
			2230	776
			2231	777
			2232	777
			2233	778
			2234	779
			2235	780
			2236	780
			2237	781
			2238	781
			2239	782
			2240	783
			2241	783
			2242	784
			2243	785
			2244	785
			2244	786
			2245	786
			2246	787
			2247	788
			2248	788
			2249	789
			2250	790
			2251	791
			2252	791
			2253	792
			2254	793
			2255	793
			2256	794
			2257	795
			2258	796
			2259	796
			2260	797
			2261	798
			2262	798
			2263	799
			2264	800
			2265	800
			2266	801
			2267	802
			2268	802
			2269	803
			2270	804
			2271	804
			2271	805
			2272	806
			2273	806
			2274	807
			2275	808
			2276	808
			2277	809
			2278	810
			2279	810
			2280	811
			2280	812
			2281	812
			2282	813
			2283	814
			2284	814
			2285	815
			2286	816
			2287	816
			2287	817
			2288	818
			2289	818
			2290	819
			2291	819
			2292	820
			2292	821
			2293	821
			2294	822
		</dorsal>
		<caudal_dors_ant type=matrix rownames=FALSE colnames=FALSE nrow=243 ncol=2 as.numeric=TRUE >
			2294	822
			2295	822
			2296	823
			2297	823
			2298	823
			2299	824
			2300	824
			2301	824
			2302	824
			2303	825
			2304	825
			2305	826
			2306	826
			2307	826
			2308	826
			2309	827
			2310	827
			2311	827
			2312	827
			2313	828
			2314	828
			2315	828
			2316	829
			2317	829
			2318	829
			2319	830
			2320	830
			2321	830
			2322	831
			2323	831
			2324	831
			2325	832
			2326	832
			2327	832
			2328	832
			2329	833
			2330	833
			2331	833
			2332	834
			2333	834
			2334	834
			2335	835
			2336	835
			2337	835
			2338	836
			2339	836
			2340	836
			2341	836
			2342	837
			2343	837
			2344	837
			2345	837
			2345	838
			2346	838
			2347	838
			2348	838
			2348	839
			2349	839
			2350	839
			2351	839
			2352	840
			2353	840
			2354	840
			2355	841
			2356	841
			2357	841
			2358	841
			2359	842
			2360	842
			2361	842
			2362	842
			2363	843
			2364	843
			2365	843
			2365	844
			2366	844
			2367	844
			2368	844
			2369	845
			2370	845
			2371	845
			2372	846
			2373	846
			2374	846
			2375	847
			2376	847
			2377	847
			2378	847
			2379	848
			2380	848
			2381	848
			2382	849
			2383	849
			2384	849
			2385	849
			2386	850
			2387	850
			2388	850
			2389	851
			2390	851
			2391	851
			2392	852
			2393	852
			2394	852
			2395	852
			2396	853
			2397	853
			2398	853
			2399	854
			2400	854
			2401	854
			2402	855
			2403	855
			2404	855
			2405	855
			2406	856
			2407	856
			2408	856
			2409	856
			2409	857
			2410	857
			2411	857
			2412	857
			2413	858
			2414	858
			2415	858
			2416	859
			2417	859
			2418	859
			2419	859
			2420	860
			2421	860
			2422	860
			2423	861
			2424	861
			2425	861
			2426	862
			2427	862
			2428	862
			2429	862
			2430	863
			2431	863
			2432	863
			2433	864
			2434	864
			2435	864
			2436	864
			2437	865
			2438	865
			2439	865
			2440	866
			2441	866
			2442	866
			2443	867
			2444	867
			2445	867
			2446	867
			2447	868
			2448	868
			2449	868
			2450	869
			2451	869
			2452	869
			2453	869
			2454	870
			2455	870
			2456	870
			2457	871
			2458	871
			2459	871
			2460	872
			2461	872
			2462	872
			2463	872
			2464	873
			2465	873
			2466	873
			2467	873
			2467	874
			2468	874
			2469	874
			2470	874
			2471	875
			2472	875
			2473	875
			2474	875
			2475	876
			2476	876
			2477	876
			2478	877
			2479	877
			2480	877
			2481	877
			2482	878
			2483	878
			2484	879
			2485	879
			2486	879
			2487	879
			2488	880
			2489	880
			2490	880
			2491	880
			2492	881
			2493	881
			2494	881
			2495	882
			2496	882
			2497	882
			2498	883
			2499	883
			2500	883
			2501	883
			2502	884
			2503	884
			2504	884
			2505	884
			2506	885
			2507	885
			2508	885
			2509	886
			2510	886
			2511	886
			2512	886
			2513	887
			2514	887
			2515	887
			2516	888
			2517	888
			2518	888
			2519	889
			2520	889
			2521	889
			2522	889
			2523	890
			2524	890
			2525	890
			2526	891
			2527	891
			2528	891
			2529	891
			2530	892
			2531	892
		</caudal_dors_ant>
		<caud_dors_post type=matrix rownames=FALSE colnames=FALSE nrow=49 ncol=2 as.numeric=TRUE >
			2531	892
			2532	892
			2533	891
			2534	891
			2535	891
			2536	890
			2537	890
			2538	890
			2539	889
			2540	889
			2541	889
			2542	888
			2543	888
			2544	888
			2545	887
			2546	887
			2547	887
			2548	886
			2549	886
			2550	886
			2551	885
			2552	885
			2553	885
			2554	884
			2555	884
			2556	884
			2557	883
			2558	883
			2559	883
			2560	882
			2561	882
			2562	882
			2563	882
			2564	881
			2565	881
			2566	881
			2567	880
			2568	880
			2569	880
			2570	880
			2570	879
			2571	879
			2572	879
			2573	878
			2574	878
			2575	878
			2576	878
			2577	877
			2578	877
		</caud_dors_post>
		<caud_vent_post type=matrix rownames=FALSE colnames=FALSE nrow=78 ncol=2 as.numeric=TRUE >
			2554	1114
			2553	1114
			2552	1113
			2551	1113
			2550	1112
			2549	1112
			2548	1112
			2547	1111
			2546	1111
			2545	1111
			2544	1110
			2543	1110
			2542	1110
			2541	1109
			2540	1109
			2539	1109
			2538	1108
			2537	1108
			2536	1108
			2535	1107
			2534	1107
			2533	1107
			2532	1106
			2531	1106
			2530	1106
			2529	1106
			2528	1105
			2527	1105
			2526	1105
			2526	1104
			2525	1104
			2524	1104
			2523	1104
			2522	1103
			2521	1103
			2520	1103
			2519	1102
			2518	1102
			2517	1102
			2516	1102
			2515	1101
			2514	1101
			2513	1101
			2512	1101
			2511	1100
			2510	1100
			2509	1100
			2508	1100
			2507	1099
			2506	1099
			2505	1099
			2504	1099
			2503	1098
			2502	1098
			2501	1098
			2500	1098
			2499	1097
			2498	1097
			2497	1097
			2496	1097
			2495	1097
			2494	1096
			2493	1096
			2492	1096
			2491	1096
			2490	1095
			2489	1095
			2488	1095
			2487	1095
			2486	1095
			2485	1094
			2484	1094
			2483	1094
			2482	1094
			2481	1094
			2480	1093
			2479	1093
			2478	1093
		</caud_vent_post>
		<caudal_vent_ant type=matrix rownames=FALSE colnames=FALSE nrow=243 ncol=2 as.numeric=TRUE >
			2478	1093
			2477	1093
			2476	1093
			2475	1093
			2474	1093
			2473	1094
			2472	1094
			2471	1094
			2470	1094
			2469	1094
			2468	1094
			2467	1094
			2466	1094
			2465	1094
			2464	1095
			2463	1095
			2462	1095
			2461	1095
			2460	1095
			2459	1095
			2458	1095
			2457	1095
			2456	1095
			2455	1095
			2455	1096
			2454	1096
			2453	1096
			2452	1096
			2451	1096
			2450	1096
			2449	1096
			2448	1096
			2447	1096
			2446	1097
			2445	1097
			2444	1097
			2443	1097
			2442	1097
			2441	1097
			2440	1097
			2439	1097
			2438	1098
			2437	1098
			2436	1098
			2435	1098
			2434	1098
			2433	1098
			2432	1098
			2431	1098
			2430	1098
			2429	1099
			2428	1099
			2427	1099
			2426	1099
			2425	1099
			2424	1099
			2423	1099
			2422	1099
			2421	1100
			2420	1100
			2419	1100
			2418	1100
			2417	1100
			2416	1100
			2415	1100
			2414	1101
			2413	1101
			2412	1101
			2411	1101
			2410	1101
			2409	1101
			2408	1101
			2407	1101
			2406	1102
			2405	1102
			2404	1102
			2403	1102
			2402	1102
			2401	1102
			2400	1102
			2399	1103
			2398	1103
			2397	1103
			2396	1103
			2395	1103
			2394	1103
			2393	1103
			2392	1104
			2391	1104
			2390	1104
			2389	1104
			2388	1104
			2387	1104
			2386	1104
			2385	1104
			2385	1105
			2384	1105
			2383	1105
			2382	1105
			2381	1105
			2380	1105
			2379	1105
			2378	1106
			2377	1106
			2376	1106
			2375	1106
			2374	1106
			2373	1106
			2372	1106
			2371	1107
			2370	1107
			2369	1107
			2368	1107
			2367	1107
			2366	1107
			2365	1108
			2364	1108
			2363	1108
			2362	1108
			2361	1108
			2360	1108
			2359	1108
			2359	1109
			2358	1109
			2357	1109
			2356	1109
			2355	1109
			2354	1109
			2353	1110
			2352	1110
			2351	1110
			2350	1110
			2349	1110
			2348	1110
			2347	1111
			2346	1111
			2345	1111
			2344	1111
			2343	1111
			2342	1111
			2341	1112
			2340	1112
			2339	1112
			2338	1112
			2337	1112
			2336	1112
			2335	1113
			2334	1113
			2333	1113
			2332	1113
			2331	1113
			2330	1114
			2329	1114
			2328	1114
			2327	1114
			2326	1114
			2325	1115
			2324	1115
			2323	1115
			2322	1115
			2321	1115
			2320	1115
			2319	1115
			2318	1115
			2317	1116
			2316	1116
			2315	1116
			2314	1116
			2313	1116
			2312	1116
			2311	1116
			2310	1116
			2309	1116
			2308	1117
			2307	1117
			2306	1117
			2305	1117
			2304	1117
			2303	1117
			2302	1117
			2301	1117
			2300	1117
			2299	1118
			2298	1118
			2297	1118
			2296	1118
			2295	1118
			2294	1118
			2293	1118
			2292	1118
			2291	1119
			2290	1119
			2289	1119
			2288	1119
			2287	1119
			2286	1119
			2285	1119
			2284	1119
			2283	1120
			2282	1120
			2281	1120
			2280	1120
			2279	1120
			2278	1120
			2277	1120
			2276	1121
			2275	1121
			2274	1121
			2273	1121
			2272	1121
			2271	1121
			2270	1121
			2269	1121
			2268	1122
			2267	1122
			2266	1122
			2265	1122
			2264	1122
			2263	1122
			2262	1122
			2261	1123
			2260	1123
			2259	1123
			2258	1123
			2257	1123
			2256	1123
			2255	1124
			2254	1124
			2253	1124
			2252	1124
			2251	1124
			2250	1124
			2249	1124
			2248	1125
			2247	1125
			2246	1125
			2245	1125
			2244	1125
			2243	1125
			2242	1126
			2241	1126
			2240	1126
			2239	1126
		</caudal_vent_ant>
		<anal type=matrix rownames=FALSE colnames=FALSE nrow=388 ncol=2 as.numeric=TRUE >
			2239	1126
			2238	1126
			2238	1127
			2237	1127
			2236	1127
			2236	1128
			2235	1128
			2234	1129
			2233	1129
			2232	1130
			2231	1130
			2230	1131
			2229	1131
			2228	1132
			2227	1132
			2227	1133
			2226	1133
			2225	1134
			2224	1134
			2223	1134
			2222	1135
			2221	1136
			2220	1136
			2219	1137
			2218	1137
			2217	1138
			2216	1138
			2215	1139
			2214	1140
			2213	1140
			2212	1141
			2211	1141
			2210	1142
			2209	1142
			2208	1143
			2207	1143
			2206	1144
			2205	1144
			2204	1145
			2203	1145
			2202	1146
			2201	1146
			2200	1147
			2199	1147
			2198	1148
			2197	1148
			2196	1149
			2195	1149
			2194	1150
			2193	1150
			2192	1151
			2191	1151
			2190	1152
			2189	1152
			2188	1153
			2187	1153
			2186	1154
			2185	1154
			2184	1155
			2183	1155
			2182	1156
			2181	1156
			2180	1157
			2179	1157
			2178	1158
			2177	1158
			2176	1159
			2175	1159
			2174	1160
			2173	1160
			2172	1161
			2171	1161
			2170	1162
			2169	1162
			2168	1163
			2167	1163
			2166	1164
			2165	1164
			2164	1165
			2163	1165
			2162	1166
			2161	1166
			2160	1167
			2159	1167
			2158	1168
			2157	1168
			2156	1169
			2155	1169
			2154	1170
			2153	1170
			2152	1171
			2151	1171
			2150	1172
			2149	1172
			2148	1173
			2147	1173
			2146	1174
			2145	1174
			2144	1174
			2143	1175
			2142	1175
			2141	1176
			2140	1176
			2139	1177
			2138	1177
			2137	1178
			2136	1178
			2135	1179
			2134	1179
			2133	1180
			2132	1180
			2131	1181
			2130	1181
			2129	1182
			2128	1182
			2127	1183
			2126	1183
			2125	1184
			2124	1184
			2123	1185
			2122	1185
			2121	1186
			2120	1186
			2119	1187
			2118	1187
			2117	1188
			2116	1188
			2115	1188
			2115	1189
			2114	1189
			2113	1189
			2113	1190
			2112	1190
			2111	1190
			2110	1191
			2109	1191
			2108	1192
			2107	1192
			2106	1193
			2105	1193
			2104	1194
			2103	1194
			2102	1195
			2101	1195
			2100	1195
			2099	1196
			2098	1196
			2097	1197
			2096	1197
			2095	1198
			2094	1198
			2093	1199
			2092	1199
			2091	1200
			2090	1200
			2089	1201
			2088	1201
			2087	1201
			2086	1202
			2085	1202
			2084	1202
			2083	1203
			2082	1203
			2081	1204
			2080	1204
			2079	1204
			2078	1205
			2077	1205
			2076	1205
			2075	1205
			2074	1206
			2073	1206
			2072	1206
			2072	1207
			2071	1207
			2070	1207
			2069	1207
			2068	1208
			2067	1208
			2066	1208
			2065	1209
			2064	1209
			2063	1209
			2062	1210
			2061	1210
			2060	1210
			2059	1210
			2058	1211
			2057	1211
			2056	1211
			2055	1211
			2055	1212
			2054	1212
			2053	1212
			2052	1212
			2051	1213
			2050	1213
			2049	1213
			2048	1214
			2047	1214
			2046	1214
			2045	1214
			2044	1215
			2043	1215
			2042	1215
			2041	1216
			2040	1216
			2039	1216
			2038	1217
			2037	1217
			2036	1217
			2035	1217
			2034	1218
			2033	1218
			2032	1218
			2031	1218
			2030	1219
			2029	1219
			2028	1219
			2027	1220
			2026	1220
			2025	1220
			2024	1220
			2023	1221
			2022	1221
			2021	1221
			2020	1222
			2019	1222
			2018	1222
			2017	1222
			2016	1223
			2015	1223
			2014	1223
			2013	1224
			2012	1224
			2011	1224
			2010	1224
			2009	1225
			2008	1225
			2007	1225
			2006	1225
			2005	1226
			2004	1226
			2003	1226
			2002	1227
			2001	1227
			2000	1227
			1999	1227
			1998	1228
			1997	1228
			1996	1228
			1995	1229
			1994	1229
			1993	1229
			1992	1229
			1991	1230
			1990	1230
			1989	1230
			1988	1230
			1987	1231
			1986	1231
			1985	1231
			1984	1231
			1983	1232
			1982	1232
			1981	1232
			1980	1232
			1979	1233
			1978	1233
			1977	1233
			1976	1233
			1975	1234
			1974	1234
			1973	1234
			1972	1235
			1971	1235
			1970	1235
			1969	1235
			1968	1235
			1968	1236
			1967	1236
			1966	1236
			1965	1236
			1964	1237
			1963	1237
			1962	1237
			1961	1237
			1960	1238
			1959	1238
			1958	1238
			1957	1238
			1956	1238
			1955	1239
			1954	1239
			1953	1239
			1952	1239
			1951	1240
			1950	1240
			1949	1240
			1948	1240
			1947	1241
			1946	1241
			1945	1241
			1944	1241
			1944	1242
			1943	1242
			1942	1242
			1941	1242
			1940	1242
			1939	1243
			1938	1243
			1937	1243
			1936	1243
			1935	1243
			1935	1244
			1934	1244
			1933	1244
			1932	1244
			1931	1244
			1930	1245
			1929	1245
			1928	1245
			1927	1246
			1926	1246
			1925	1246
			1924	1246
			1923	1246
			1922	1247
			1921	1247
			1920	1247
			1919	1247
			1918	1248
			1917	1248
			1916	1248
			1915	1248
			1914	1249
			1913	1249
			1912	1249
			1911	1249
			1910	1250
			1909	1250
			1908	1250
			1907	1250
			1906	1250
			1905	1251
			1904	1251
			1903	1251
			1902	1251
			1901	1252
			1900	1252
			1899	1252
			1898	1252
			1897	1252
			1896	1253
			1895	1253
			1894	1253
			1893	1253
			1892	1253
			1891	1254
			1890	1254
			1889	1254
			1888	1254
			1887	1255
			1886	1255
			1885	1255
			1884	1255
			1883	1256
			1882	1256
			1881	1256
			1880	1256
			1879	1256
			1878	1257
			1877	1257
			1876	1257
			1875	1257
			1874	1257
			1873	1258
			1872	1258
			1871	1258
			1870	1258
			1869	1259
			1868	1259
			1867	1259
			1866	1259
			1865	1259
			1864	1260
			1863	1260
			1862	1260
		</anal>
		<ventral_body type=matrix rownames=FALSE colnames=FALSE nrow=966 ncol=2 as.numeric=TRUE >
			1862	1260
			1861	1260
			1860	1260
			1859	1260
			1858	1260
			1857	1260
			1856	1260
			1855	1260
			1854	1260
			1853	1259
			1852	1259
			1851	1259
			1850	1259
			1849	1259
			1848	1259
			1847	1259
			1846	1259
			1845	1258
			1844	1258
			1843	1258
			1842	1258
			1841	1258
			1840	1258
			1839	1258
			1838	1257
			1837	1257
			1836	1257
			1835	1257
			1834	1257
			1833	1256
			1832	1256
			1831	1256
			1830	1256
			1829	1256
			1828	1255
			1827	1255
			1826	1255
			1825	1254
			1824	1254
			1823	1254
			1822	1254
			1821	1253
			1820	1253
			1819	1253
			1818	1253
			1817	1252
			1816	1252
			1815	1252
			1814	1251
			1813	1251
			1812	1251
			1811	1250
			1810	1250
			1809	1250
			1808	1249
			1807	1249
			1806	1249
			1805	1248
			1804	1248
			1803	1248
			1802	1247
			1801	1247
			1800	1246
			1799	1246
			1798	1246
			1797	1245
			1796	1245
			1795	1244
			1794	1244
			1793	1243
			1792	1243
			1791	1243
			1791	1242
			1790	1242
			1789	1242
			1788	1242
			1787	1241
			1786	1241
			1785	1241
			1784	1241
			1783	1240
			1782	1240
			1781	1240
			1780	1240
			1779	1240
			1778	1239
			1777	1239
			1776	1239
			1775	1239
			1774	1238
			1773	1238
			1772	1238
			1771	1237
			1770	1237
			1769	1237
			1768	1237
			1767	1236
			1766	1236
			1765	1236
			1764	1236
			1763	1235
			1762	1235
			1761	1235
			1760	1235
			1759	1234
			1758	1234
			1757	1234
			1756	1233
			1755	1233
			1754	1233
			1753	1232
			1752	1232
			1751	1232
			1750	1232
			1749	1231
			1748	1231
			1747	1230
			1746	1230
			1745	1230
			1744	1230
			1744	1229
			1743	1229
			1742	1229
			1741	1228
			1740	1228
			1739	1228
			1738	1227
			1737	1227
			1736	1227
			1735	1226
			1734	1226
			1733	1225
			1732	1225
			1731	1225
			1730	1224
			1729	1224
			1728	1224
			1727	1223
			1726	1223
			1725	1223
			1724	1222
			1723	1222
			1722	1221
			1721	1221
			1720	1221
			1719	1220
			1718	1220
			1717	1220
			1716	1219
			1715	1219
			1714	1218
			1713	1218
			1712	1218
			1712	1217
			1711	1217
			1710	1217
			1710	1216
			1709	1216
			1708	1216
			1707	1215
			1706	1215
			1705	1215
			1704	1215
			1703	1215
			1702	1215
			1701	1215
			1700	1215
			1699	1215
			1698	1215
			1697	1215
			1696	1215
			1695	1215
			1694	1215
			1693	1215
			1692	1215
			1691	1215
			1690	1216
			1689	1216
			1688	1216
			1687	1216
			1686	1216
			1685	1216
			1684	1216
			1683	1216
			1682	1216
			1681	1216
			1680	1216
			1679	1216
			1678	1216
			1677	1216
			1676	1216
			1675	1216
			1674	1216
			1673	1216
			1672	1216
			1671	1216
			1670	1216
			1669	1216
			1668	1216
			1667	1216
			1666	1216
			1665	1216
			1664	1216
			1663	1216
			1662	1216
			1661	1216
			1660	1216
			1659	1216
			1658	1216
			1657	1216
			1656	1216
			1655	1216
			1654	1216
			1653	1216
			1652	1216
			1651	1216
			1650	1216
			1649	1216
			1648	1216
			1647	1216
			1646	1216
			1645	1216
			1644	1216
			1643	1216
			1642	1216
			1641	1216
			1640	1216
			1639	1217
			1638	1217
			1637	1217
			1636	1217
			1635	1217
			1634	1217
			1633	1217
			1632	1217
			1631	1217
			1630	1217
			1629	1217
			1628	1217
			1627	1217
			1626	1217
			1625	1217
			1624	1217
			1623	1217
			1622	1217
			1621	1217
			1620	1217
			1619	1217
			1618	1217
			1617	1217
			1616	1217
			1615	1217
			1614	1217
			1613	1217
			1612	1217
			1611	1217
			1610	1217
			1609	1217
			1608	1217
			1607	1217
			1606	1217
			1605	1217
			1604	1217
			1603	1217
			1602	1217
			1601	1217
			1600	1217
			1599	1217
			1598	1217
			1597	1217
			1596	1217
			1595	1217
			1594	1217
			1593	1217
			1592	1217
			1591	1217
			1590	1217
			1589	1217
			1588	1217
			1587	1217
			1586	1217
			1585	1217
			1584	1217
			1583	1217
			1582	1217
			1581	1217
			1580	1217
			1579	1217
			1578	1217
			1577	1217
			1576	1217
			1575	1217
			1574	1217
			1573	1217
			1572	1217
			1571	1217
			1570	1217
			1569	1217
			1568	1217
			1567	1217
			1566	1217
			1565	1217
			1564	1217
			1563	1217
			1562	1217
			1561	1217
			1560	1217
			1559	1217
			1558	1217
			1557	1217
			1556	1217
			1555	1217
			1554	1217
			1553	1217
			1552	1217
			1551	1217
			1550	1217
			1549	1217
			1548	1217
			1547	1217
			1546	1217
			1545	1217
			1544	1217
			1543	1217
			1542	1217
			1541	1217
			1540	1217
			1539	1217
			1538	1217
			1537	1217
			1536	1217
			1535	1217
			1534	1217
			1533	1217
			1532	1217
			1531	1216
			1530	1216
			1529	1216
			1528	1216
			1527	1216
			1526	1216
			1525	1216
			1524	1216
			1523	1216
			1522	1216
			1521	1216
			1520	1216
			1519	1216
			1518	1216
			1517	1216
			1516	1216
			1515	1216
			1514	1216
			1513	1216
			1512	1216
			1511	1216
			1510	1216
			1509	1216
			1508	1216
			1507	1216
			1506	1216
			1505	1216
			1504	1216
			1503	1216
			1502	1216
			1501	1216
			1500	1216
			1499	1216
			1498	1216
			1497	1216
			1496	1216
			1495	1216
			1494	1216
			1493	1216
			1492	1216
			1491	1216
			1490	1216
			1489	1216
			1488	1216
			1487	1216
			1486	1216
			1485	1216
			1484	1216
			1483	1216
			1482	1216
			1481	1216
			1480	1216
			1479	1216
			1478	1216
			1477	1216
			1476	1216
			1475	1216
			1474	1216
			1473	1216
			1472	1216
			1471	1216
			1470	1216
			1469	1216
			1468	1216
			1467	1216
			1466	1216
			1465	1216
			1464	1216
			1463	1216
			1462	1216
			1461	1216
			1460	1216
			1459	1216
			1458	1215
			1457	1215
			1456	1215
			1455	1215
			1454	1215
			1453	1215
			1452	1215
			1451	1215
			1450	1215
			1449	1215
			1448	1215
			1447	1215
			1446	1215
			1445	1215
			1444	1215
			1443	1215
			1442	1215
			1441	1215
			1440	1215
			1439	1215
			1438	1215
			1437	1215
			1436	1215
			1435	1215
			1434	1215
			1433	1215
			1432	1215
			1431	1215
			1430	1215
			1429	1215
			1428	1215
			1427	1215
			1426	1215
			1425	1215
			1424	1215
			1423	1215
			1422	1215
			1421	1215
			1420	1215
			1419	1215
			1418	1215
			1417	1215
			1416	1215
			1415	1215
			1414	1215
			1413	1215
			1412	1215
			1411	1215
			1410	1215
			1409	1215
			1409	1214
			1408	1214
			1407	1214
			1406	1214
			1405	1214
			1404	1214
			1403	1214
			1402	1214
			1401	1214
			1400	1214
			1399	1214
			1398	1214
			1397	1214
			1396	1214
			1395	1214
			1394	1214
			1393	1214
			1392	1214
			1391	1214
			1390	1214
			1389	1214
			1388	1214
			1387	1214
			1386	1214
			1385	1214
			1384	1214
			1383	1214
			1382	1213
			1381	1213
			1380	1213
			1379	1213
			1378	1213
			1377	1213
			1376	1213
			1375	1213
			1374	1212
			1373	1212
			1372	1212
			1371	1212
			1370	1212
			1369	1212
			1368	1212
			1367	1212
			1366	1212
			1365	1211
			1364	1211
			1363	1211
			1362	1211
			1361	1211
			1360	1211
			1359	1211
			1358	1210
			1357	1210
			1356	1210
			1355	1210
			1354	1210
			1353	1210
			1352	1210
			1351	1210
			1350	1209
			1349	1209
			1348	1209
			1347	1209
			1346	1209
			1345	1209
			1344	1209
			1343	1209
			1342	1208
			1341	1208
			1340	1208
			1339	1208
			1338	1208
			1337	1208
			1336	1208
			1335	1208
			1334	1207
			1333	1207
			1332	1207
			1331	1207
			1330	1207
			1329	1207
			1328	1207
			1327	1206
			1326	1206
			1325	1206
			1324	1206
			1323	1206
			1322	1206
			1321	1206
			1320	1205
			1319	1205
			1318	1205
			1317	1205
			1316	1205
			1315	1205
			1314	1205
			1313	1205
			1312	1204
			1311	1204
			1310	1204
			1309	1204
			1308	1204
			1307	1204
			1306	1203
			1305	1203
			1304	1203
			1303	1203
			1302	1203
			1301	1203
			1300	1203
			1299	1202
			1298	1202
			1297	1202
			1296	1202
			1295	1202
			1294	1202
			1293	1202
			1292	1201
			1291	1201
			1290	1201
			1289	1201
			1288	1201
			1287	1201
			1286	1201
			1285	1200
			1284	1200
			1283	1200
			1282	1200
			1281	1200
			1280	1200
			1279	1199
			1278	1199
			1277	1199
			1276	1199
			1275	1199
			1274	1199
			1273	1198
			1272	1198
			1271	1198
			1270	1198
			1269	1198
			1268	1198
			1267	1197
			1266	1197
			1265	1197
			1264	1197
			1263	1197
			1262	1197
			1261	1196
			1260	1196
			1259	1196
			1258	1196
			1257	1196
			1256	1195
			1255	1195
			1254	1195
			1253	1195
			1252	1195
			1251	1195
			1250	1194
			1249	1194
			1248	1194
			1247	1194
			1246	1194
			1245	1194
			1244	1193
			1243	1193
			1242	1193
			1241	1193
			1240	1193
			1239	1193
			1238	1192
			1237	1192
			1236	1192
			1235	1192
			1234	1192
			1233	1191
			1232	1191
			1231	1191
			1230	1191
			1229	1191
			1228	1190
			1227	1190
			1226	1190
			1225	1190
			1224	1190
			1223	1190
			1222	1189
			1221	1189
			1220	1189
			1219	1189
			1218	1189
			1218	1188
			1217	1188
			1216	1188
			1215	1188
			1214	1188
			1213	1188
			1212	1187
			1211	1187
			1210	1187
			1209	1187
			1208	1187
			1207	1186
			1206	1186
			1205	1186
			1204	1186
			1203	1186
			1202	1185
			1201	1185
			1200	1185
			1199	1185
			1198	1184
			1197	1184
			1196	1184
			1195	1184
			1194	1184
			1193	1183
			1192	1183
			1191	1183
			1190	1183
			1189	1182
			1188	1182
			1187	1182
			1186	1182
			1185	1182
			1184	1181
			1183	1181
			1182	1181
			1181	1181
			1180	1180
			1179	1180
			1178	1180
			1177	1180
			1176	1179
			1175	1179
			1174	1179
			1173	1179
			1172	1179
			1171	1178
			1170	1178
			1169	1178
			1168	1178
			1168	1177
			1167	1177
			1166	1177
			1165	1177
			1164	1177
			1163	1176
			1162	1176
			1161	1176
			1160	1176
			1159	1175
			1158	1175
			1157	1175
			1156	1174
			1155	1174
			1154	1174
			1153	1174
			1152	1173
			1151	1173
			1150	1173
			1149	1173
			1148	1173
			1147	1172
			1146	1172
			1145	1172
			1144	1172
			1144	1171
			1143	1171
			1142	1171
			1141	1171
			1140	1171
			1139	1170
			1138	1170
			1137	1170
			1136	1170
			1135	1169
			1134	1169
			1133	1169
			1132	1168
			1131	1168
			1130	1168
			1129	1168
			1128	1167
			1127	1167
			1126	1167
			1125	1167
			1124	1166
			1123	1166
			1122	1166
			1121	1166
			1120	1165
			1119	1165
			1118	1165
			1117	1165
			1117	1164
			1116	1164
			1115	1164
			1114	1164
			1113	1163
			1112	1163
			1111	1163
			1110	1163
			1109	1162
			1108	1162
			1107	1162
			1106	1161
			1105	1161
			1104	1161
			1103	1161
			1103	1160
			1102	1160
			1101	1160
			1100	1160
			1099	1159
			1098	1159
			1097	1159
			1096	1158
			1095	1158
			1094	1158
			1093	1157
			1092	1157
			1091	1157
			1090	1157
			1089	1156
			1088	1156
			1087	1156
			1087	1155
			1086	1155
			1085	1155
			1084	1155
			1083	1154
			1082	1154
			1081	1154
			1080	1153
			1079	1153
			1078	1153
			1077	1152
			1076	1152
			1075	1152
			1074	1151
			1073	1151
			1072	1151
			1071	1150
			1070	1150
			1069	1150
			1068	1149
			1067	1149
			1066	1149
			1065	1148
			1064	1148
			1063	1148
			1063	1147
			1062	1147
			1061	1147
			1060	1146
			1059	1146
			1058	1146
			1057	1145
			1056	1145
			1055	1145
			1054	1144
			1053	1144
			1052	1143
			1051	1143
			1050	1143
			1049	1143
			1049	1142
			1048	1142
			1047	1142
			1046	1141
			1045	1141
			1044	1140
			1043	1140
			1042	1140
			1041	1140
			1041	1139
			1040	1139
			1039	1139
			1039	1138
			1038	1138
			1037	1138
			1036	1138
			1036	1137
			1035	1137
			1034	1137
			1033	1136
			1032	1136
			1031	1135
			1030	1135
			1029	1135
			1028	1134
			1027	1134
			1026	1133
			1025	1133
			1024	1132
			1023	1132
			1022	1132
			1021	1131
			1020	1131
			1019	1130
			1018	1130
			1017	1129
			1016	1129
			1015	1129
			1014	1128
			1013	1128
			1012	1127
			1011	1127
			1010	1127
			1010	1126
			1009	1126
			1008	1126
			1007	1125
			1006	1124
			1005	1123
			1004	1123
			1003	1122
			1002	1121
			1001	1121
			1000	1120
			999	1119
			998	1119
			997	1118
			996	1117
			995	1116
			994	1115
			993	1115
			992	1114
			991	1113
			990	1112
			989	1111
			988	1110
			987	1109
			986	1108
			985	1107
			984	1106
			983	1105
			982	1104
			981	1104
			980	1103
			980	1102
			979	1102
			978	1101
			977	1100
			976	1099
			975	1098
			974	1097
			973	1096
			972	1095
			972	1094
			971	1094
			970	1093
			969	1092
			968	1091
			968	1090
			967	1089
			966	1088
			965	1087
			964	1086
			964	1085
			963	1084
			962	1084
			961	1083
			960	1082
			959	1081
			959	1080
			958	1079
			957	1078
			956	1077
			955	1076
			954	1075
			954	1074
			953	1073
			952	1072
			951	1071
			951	1070
			950	1069
			949	1068
			948	1067
			947	1066
			947	1065
			946	1064
			945	1063
			944	1062
			944	1061
			943	1060
			942	1059
			941	1058
			941	1057
			940	1056
			939	1055
			938	1054
			937	1053
			937	1052
			936	1051
			935	1050
			935	1049
			934	1048
			933	1047
			932	1046
			932	1045
			931	1044
			931	1043
			930	1042
			929	1042
			929	1041
		</ventral_body>
		<operculum type=matrix rownames=FALSE colnames=FALSE nrow=164 ncol=2 as.numeric=TRUE >
			1543	1033
			1542	1033
			1541	1033
			1540	1033
			1539	1033
			1538	1032
			1537	1032
			1536	1032
			1535	1032
			1534	1032
			1533	1032
			1532	1031
			1531	1031
			1530	1031
			1529	1031
			1528	1031
			1527	1030
			1526	1030
			1525	1030
			1524	1029
			1523	1029
			1522	1029
			1521	1028
			1520	1028
			1519	1028
			1519	1027
			1518	1027
			1517	1027
			1516	1026
			1515	1026
			1514	1026
			1514	1025
			1513	1025
			1512	1025
			1511	1024
			1510	1024
			1510	1023
			1509	1023
			1508	1022
			1507	1022
			1506	1022
			1506	1021
			1505	1021
			1504	1020
			1503	1020
			1502	1019
			1501	1018
			1500	1018
			1499	1017
			1498	1016
			1497	1016
			1496	1015
			1495	1014
			1494	1013
			1493	1012
			1492	1011
			1491	1010
			1490	1009
			1489	1009
			1488	1008
			1488	1007
			1487	1007
			1486	1006
			1485	1005
			1484	1004
			1483	1003
			1482	1002
			1482	1001
			1481	1001
			1480	1000
			1480	999
			1479	998
			1478	997
			1477	997
			1477	996
			1476	995
			1476	994
			1476	993
			1475	992
			1475	991
			1474	990
			1474	989
			1473	988
			1473	987
			1472	986
			1472	985
			1472	984
			1471	983
			1471	982
			1470	981
			1470	980
			1470	979
			1469	978
			1469	977
			1468	976
			1468	975
			1468	974
			1467	973
			1467	972
			1467	971
			1466	970
			1466	969
			1465	968
			1465	967
			1465	966
			1464	965
			1464	964
			1464	963
			1463	962
			1463	961
			1463	960
			1462	959
			1462	958
			1462	957
			1461	956
			1461	955
			1461	954
			1460	953
			1460	952
			1459	951
			1459	950
			1459	949
			1459	948
			1458	947
			1458	946
			1458	945
			1457	944
			1457	943
			1457	942
			1457	941
			1456	940
			1456	939
			1456	938
			1455	937
			1455	936
			1455	935
			1455	934
			1454	933
			1454	932
			1454	931
			1454	930
			1453	929
			1453	928
			1453	927
			1453	926
			1453	925
			1452	924
			1452	923
			1452	922
			1452	921
			1451	920
			1451	919
			1451	918
			1451	917
			1451	916
			1450	915
			1450	914
			1450	913
			1450	912
			1450	911
			1450	910
			1449	909
			1449	908
			1449	907
		</operculum>
	</curves.pixel>
</shapes>

