<shapes type=list>
	<scaling type=logical names=FALSE length=1 as.numeric=FALSE >NA</scaling>
	<landmarks.pixel type=matrix rownames=TRUE colnames=FALSE nrow=17 ncol=2 as.numeric=TRUE >
		pectoral_dors	160	189
		pectoral_vent	164	212
		premax_post	47	183
		eye_ant	124	123
		eye_post	152	118
		upper_jaw	35	176
		dorsal_ant	262	92
		dorsal_post	381	174
		caud_pedunc_dors	407	182
		caud_scale_dors	430	168
		caud_scale_vent	425	232
		caud_pedunc_vent	403	213
		anal_post	383	218
		anal_ant	275	274
		lower_jaw	33	195
		operc_vent	155	186
		oper_dor	167	154
	</landmarks.pixel>
	<curves.control type=list>
		<head type=matrix rownames=FALSE colnames=FALSE nrow=11 ncol=2 as.numeric=TRUE >
			35	176
			49	165
			63	156
			90	134
			118	114
			156	92
			197	89
			230	90
			246	92
			254	93
			262	92
		</head>
		<dorsal type=matrix rownames=FALSE colnames=FALSE nrow=5 ncol=2 as.numeric=TRUE >
			262	92
			293	97
			324	117
			351	139
			381	174
		</dorsal>
		<caudal_dors_ant type=matrix rownames=FALSE colnames=FALSE nrow=3 ncol=2 as.numeric=TRUE >
			381	174
			395	179
			407	182
		</caudal_dors_ant>
		<caud_dors_post type=matrix rownames=FALSE colnames=FALSE nrow=3 ncol=2 as.numeric=TRUE >
			407	182
			420	174
			430	168
		</caud_dors_post>
		<caud_vent_post type=matrix rownames=FALSE colnames=FALSE nrow=3 ncol=2 as.numeric=TRUE >
			425	232
			415	222
			403	213
		</caud_vent_post>
		<caudal_vent_ant type=matrix rownames=FALSE colnames=FALSE nrow=3 ncol=2 as.numeric=TRUE >
			403	213
			394	215
			383	218
		</caudal_vent_ant>
		<anal type=matrix rownames=FALSE colnames=FALSE nrow=5 ncol=2 as.numeric=TRUE >
			383	218
			372	229
			348	248
			320	271
			275	274
		</anal>
		<ventral_body type=matrix rownames=FALSE colnames=FALSE nrow=13 ncol=2 as.numeric=TRUE >
			275	274
			262	282
			245	295
			238	303
			220	300
			183	292
			135	273
			100	253
			77	237
			64	224
			51	215
			44	209
			33	195
		</ventral_body>
		<operculum type=matrix rownames=FALSE colnames=FALSE nrow=5 ncol=2 as.numeric=TRUE >
			155	186
			163	183
			164	174
			166	164
			167	154
		</operculum>
	</curves.control>
	<curves.pixel type=list>
		<head type=matrix rownames=FALSE colnames=FALSE nrow=237 ncol=2 as.numeric=TRUE >
			35	176
			36	176
			36	175
			37	175
			37	174
			38	174
			38	173
			39	173
			40	172
			41	171
			42	170
			43	170
			44	169
			45	168
			46	168
			46	167
			47	167
			48	166
			49	165
			50	164
			51	164
			52	163
			53	163
			54	162
			55	161
			56	161
			57	160
			58	159
			59	159
			60	158
			61	157
			62	157
			63	156
			64	155
			65	154
			66	153
			67	153
			68	152
			69	151
			70	150
			71	150
			71	149
			72	149
			73	148
			74	147
			75	146
			76	145
			77	145
			78	144
			79	143
			80	143
			80	142
			81	142
			82	141
			83	140
			84	140
			84	139
			85	138
			86	138
			87	137
			88	137
			88	136
			89	135
			90	135
			91	134
			92	133
			93	132
			94	131
			95	131
			96	130
			97	129
			98	128
			99	128
			100	127
			101	126
			102	126
			103	125
			104	124
			105	123
			106	123
			107	122
			108	121
			109	120
			110	120
			111	119
			112	118
			113	118
			114	117
			115	116
			116	115
			117	115
			118	114
			119	113
			120	113
			121	112
			122	112
			123	111
			124	111
			125	110
			126	110
			127	109
			128	109
			129	108
			130	108
			131	107
			132	107
			133	106
			134	106
			135	105
			136	105
			137	104
			138	104
			139	103
			140	103
			141	103
			142	102
			143	102
			144	101
			145	101
			146	101
			147	100
			148	100
			149	99
			150	99
			151	99
			152	98
			153	98
			154	98
			155	97
			156	97
			157	97
			158	96
			159	96
			160	96
			161	95
			162	95
			163	95
			164	95
			165	94
			166	94
			167	94
			168	94
			169	93
			170	93
			171	93
			172	93
			173	92
			174	92
			175	92
			176	92
			177	92
			178	91
			179	91
			180	91
			181	91
			182	91
			183	91
			184	90
			185	90
			186	90
			187	90
			188	90
			189	90
			190	90
			191	90
			192	89
			193	89
			194	89
			195	89
			196	89
			197	89
			198	89
			199	89
			200	89
			201	89
			202	89
			203	89
			204	89
			205	89
			206	89
			207	89
			208	89
			209	89
			210	89
			211	89
			212	90
			213	90
			214	90
			215	90
			216	90
			217	90
			218	90
			219	90
			220	90
			221	90
			222	90
			223	90
			224	90
			225	90
			226	90
			227	90
			228	90
			229	90
			230	91
			231	91
			232	91
			233	91
			234	91
			235	91
			236	91
			237	91
			238	91
			239	91
			240	91
			241	91
			242	91
			242	92
			243	92
			244	92
			245	92
			246	92
			247	92
			248	92
			249	92
			250	92
			251	92
			252	92
			253	92
			254	92
			255	92
			256	92
			257	92
			258	92
			259	92
			260	92
			261	92
			262	92
		</head>
		<dorsal type=matrix rownames=FALSE colnames=FALSE nrow=133 ncol=2 as.numeric=TRUE >
			262	92
			263	92
			264	92
			265	92
			265	93
			266	93
			267	93
			268	93
			269	93
			270	93
			270	94
			271	94
			272	94
			273	94
			274	94
			275	95
			276	95
			277	95
			278	96
			279	96
			280	96
			281	97
			282	97
			283	97
			284	98
			285	98
			286	98
			287	99
			288	99
			289	99
			290	100
			291	100
			292	100
			293	101
			294	101
			295	102
			296	102
			297	103
			298	103
			299	103
			300	104
			301	104
			302	105
			303	105
			304	106
			305	106
			306	107
			307	107
			308	108
			309	108
			310	109
			311	110
			312	110
			313	111
			314	111
			315	112
			316	112
			317	113
			318	114
			319	114
			320	115
			321	115
			322	116
			323	117
			324	117
			325	118
			326	119
			327	120
			328	120
			329	121
			330	122
			331	123
			332	124
			333	125
			334	126
			335	126
			335	127
			336	127
			337	128
			338	129
			339	130
			340	131
			341	132
			342	132
			342	133
			343	134
			344	135
			345	135
			346	136
			346	137
			347	138
			348	138
			349	139
			349	140
			350	141
			351	142
			352	142
			353	143
			353	144
			354	145
			355	146
			356	146
			357	147
			358	148
			358	149
			359	150
			360	151
			361	151
			362	152
			362	153
			363	154
			364	155
			365	156
			366	157
			366	158
			367	158
			368	159
			369	160
			370	161
			371	162
			371	163
			372	164
			373	165
			374	166
			375	167
			376	168
			376	169
			377	170
			378	171
			379	172
			380	173
			381	173
			381	174
		</dorsal>
		<caudal_dors_ant type=matrix rownames=FALSE colnames=FALSE nrow=27 ncol=2 as.numeric=TRUE >
			381	174
			382	174
			383	175
			384	175
			385	175
			386	176
			387	176
			388	176
			389	177
			390	177
			391	177
			392	178
			393	178
			394	178
			395	179
			396	179
			397	179
			398	179
			399	180
			400	180
			401	181
			402	181
			403	181
			404	181
			405	182
			406	182
			407	182
		</caudal_dors_ant>
		<caud_dors_post type=matrix rownames=FALSE colnames=FALSE nrow=26 ncol=2 as.numeric=TRUE >
			407	182
			408	181
			409	181
			410	180
			411	180
			412	179
			413	179
			414	178
			414	177
			415	177
			416	176
			417	176
			418	175
			419	175
			420	174
			421	174
			421	173
			422	173
			423	172
			424	172
			425	171
			426	170
			427	170
			428	169
			429	169
			430	168
		</caud_dors_post>
		<caud_vent_post type=matrix rownames=FALSE colnames=FALSE nrow=24 ncol=2 as.numeric=TRUE >
			425	232
			424	231
			423	230
			422	229
			421	228
			420	227
			419	226
			418	225
			417	225
			416	224
			415	223
			414	222
			414	221
			413	221
			412	220
			411	219
			410	218
			409	218
			408	217
			407	216
			406	215
			405	215
			404	214
			403	213
		</caud_vent_post>
		<caudal_vent_ant type=matrix rownames=FALSE colnames=FALSE nrow=21 ncol=2 as.numeric=TRUE >
			403	213
			402	213
			401	213
			400	214
			399	214
			398	214
			397	214
			396	215
			395	215
			394	215
			393	215
			392	216
			391	216
			390	216
			389	217
			388	217
			387	217
			386	217
			385	217
			384	218
			383	218
		</caudal_vent_ant>
		<anal type=matrix rownames=FALSE colnames=FALSE nrow=113 ncol=2 as.numeric=TRUE >
			383	218
			382	219
			381	220
			380	221
			379	222
			378	223
			377	224
			376	225
			375	226
			374	226
			373	227
			373	228
			372	228
			371	229
			370	230
			369	231
			368	232
			367	233
			366	233
			365	234
			364	235
			363	236
			362	237
			361	238
			360	238
			359	239
			358	240
			357	241
			356	242
			355	243
			354	243
			353	244
			352	245
			351	245
			350	246
			349	247
			348	248
			347	249
			346	249
			345	250
			344	251
			343	252
			342	253
			341	253
			341	254
			340	254
			339	255
			338	255
			337	256
			336	256
			335	257
			334	258
			333	258
			332	259
			331	259
			330	260
			329	260
			329	261
			328	261
			327	262
			326	262
			325	262
			324	263
			323	263
			322	264
			321	264
			320	265
			319	265
			318	265
			317	266
			316	266
			315	266
			314	267
			313	267
			312	267
			311	268
			310	268
			309	268
			308	269
			307	269
			306	269
			305	269
			304	270
			303	270
			302	270
			301	270
			300	270
			299	271
			298	271
			297	271
			296	271
			295	272
			294	272
			293	272
			292	272
			291	272
			290	272
			289	273
			288	273
			287	273
			286	273
			285	273
			284	273
			283	273
			282	273
			281	273
			281	274
			280	274
			279	274
			278	274
			277	274
			276	274
			275	274
		</anal>
		<ventral_body type=matrix rownames=FALSE colnames=FALSE nrow=254 ncol=2 as.numeric=TRUE >
			275	274
			274	274
			274	275
			273	275
			272	276
			271	276
			270	277
			269	278
			268	278
			267	279
			266	280
			265	281
			264	281
			263	282
			262	282
			261	283
			260	284
			259	284
			259	285
			258	286
			257	286
			256	287
			255	288
			254	288
			253	289
			252	290
			251	291
			250	291
			249	292
			248	293
			247	294
			246	294
			245	295
			244	296
			243	297
			242	297
			241	298
			240	299
			239	299
			238	300
			237	300
			236	300
			235	300
			234	300
			233	301
			232	301
			231	301
			230	301
			229	301
			228	301
			227	301
			226	301
			225	301
			224	300
			223	300
			222	300
			221	300
			220	300
			219	300
			218	299
			217	299
			216	299
			215	299
			214	299
			213	298
			212	298
			211	298
			210	298
			209	297
			208	297
			207	297
			206	297
			205	296
			204	296
			203	296
			202	296
			201	295
			200	295
			199	295
			198	294
			197	294
			196	294
			195	294
			194	293
			193	293
			192	293
			191	293
			190	292
			189	292
			188	292
			187	291
			186	291
			185	291
			184	290
			183	290
			182	290
			181	290
			180	289
			179	289
			178	288
			177	288
			176	288
			175	287
			174	287
			173	287
			172	286
			171	286
			170	286
			169	286
			168	285
			167	285
			166	284
			165	284
			164	284
			163	284
			163	283
			162	283
			161	283
			160	283
			160	282
			159	282
			158	282
			157	281
			156	281
			155	281
			154	280
			153	280
			152	280
			151	279
			150	279
			149	278
			148	278
			147	278
			146	277
			145	277
			144	277
			143	276
			142	276
			141	275
			140	275
			139	275
			138	274
			137	274
			136	273
			135	273
			134	273
			134	272
			133	272
			132	271
			131	271
			130	270
			129	269
			128	269
			127	268
			126	268
			125	267
			124	267
			123	266
			122	265
			121	265
			120	264
			119	264
			118	263
			117	262
			116	262
			115	261
			114	261
			113	260
			112	260
			111	259
			110	258
			109	258
			108	257
			107	257
			106	256
			105	255
			104	254
			103	254
			102	253
			101	253
			100	252
			99	251
			98	251
			97	250
			96	250
			95	249
			94	248
			93	248
			92	247
			91	247
			91	246
			90	246
			89	245
			88	244
			87	244
			86	243
			85	242
			84	242
			83	241
			82	240
			81	240
			80	239
			79	239
			78	238
			78	237
			77	237
			76	236
			75	235
			74	234
			73	233
			72	232
			71	232
			70	231
			69	230
			68	229
			67	228
			66	227
			65	226
			64	225
			63	225
			62	224
			61	223
			60	222
			59	221
			58	221
			57	220
			57	219
			56	218
			55	218
			54	217
			53	216
			52	215
			51	215
			50	214
			49	213
			48	212
			47	211
			46	210
			45	209
			44	209
			44	208
			43	207
			42	206
			41	205
			40	204
			39	203
			38	202
			38	201
			37	200
			36	199
			35	198
			35	197
			34	196
			33	195
		</ventral_body>
		<operculum type=matrix rownames=FALSE colnames=FALSE nrow=36 ncol=2 as.numeric=TRUE >
			155	186
			156	186
			157	185
			158	184
			159	184
			160	183
			160	182
			161	182
			162	181
			162	180
			163	179
			163	178
			163	177
			164	176
			164	175
			164	174
			164	173
			164	172
			165	171
			165	170
			165	169
			165	168
			165	167
			165	166
			166	165
			166	164
			166	163
			166	162
			166	161
			166	160
			166	159
			167	158
			167	157
			167	156
			167	155
			167	154
		</operculum>
	</curves.pixel>
</shapes>

