<shapes type=list>
	<scaling type=logical names=FALSE length=1 as.numeric=FALSE >NA</scaling>
	<landmarks.pixel type=matrix rownames=TRUE colnames=FALSE nrow=17 ncol=2 as.numeric=TRUE >
		pectoral_dors	561	623
		pectoral_vent	592	714
		premax_post	111	613
		eye_ant	313	405
		eye_post	473	403
		upper_jaw	50	575
		dorsal_ant	912	259
		dorsal_post	1221	486
		caud_pedunc_dors	1269	504
		caud_scale_dors	1343	475
		caud_scale_vent	1359	663
		caud_pedunc_vent	1277	640
		anal_post	1225	658
		anal_ant	964	879
		lower_jaw	52	616
		operc_vent	530	647
		oper_dor	576	511
	</landmarks.pixel>
	<curves.control type=list>
		<head type=matrix rownames=FALSE colnames=FALSE nrow=15 ncol=2 as.numeric=TRUE >
			50	575
			77	543
			106	496
			155	468
			219	415
			302	343
			409	282
			520	249
			572	234
			643	250
			741	254
			835	255
			868	262
			891	260
			912	259
		</head>
		<dorsal type=matrix rownames=FALSE colnames=FALSE nrow=5 ncol=2 as.numeric=TRUE >
			912	259
			987	284
			1097	353
			1172	430
			1221	486
		</dorsal>
		<caudal_dors_ant type=matrix rownames=FALSE colnames=FALSE nrow=3 ncol=2 as.numeric=TRUE >
			1221	486
			1243	507
			1269	504
		</caudal_dors_ant>
		<caud_dors_post type=matrix rownames=FALSE colnames=FALSE nrow=3 ncol=2 as.numeric=TRUE >
			1269	504
			1303	484
			1343	475
		</caud_dors_post>
		<caud_vent_post type=matrix rownames=FALSE colnames=FALSE nrow=3 ncol=2 as.numeric=TRUE >
			1359	663
			1315	654
			1277	640
		</caud_vent_post>
		<caudal_vent_ant type=matrix rownames=FALSE colnames=FALSE nrow=3 ncol=2 as.numeric=TRUE >
			1277	640
			1249	645
			1225	658
		</caudal_vent_ant>
		<anal type=matrix rownames=FALSE colnames=FALSE nrow=5 ncol=2 as.numeric=TRUE >
			1225	658
			1175	727
			1103	795
			1029	845
			964	879
		</anal>
		<ventral_body type=matrix rownames=FALSE colnames=FALSE nrow=15 ncol=2 as.numeric=TRUE >
			964	879
			918	908
			858	952
			828	992
			720	977
			570	933
			375	876
			299	848
			247	819
			181	762
			143	731
			104	720
			81	686
			67	650
			52	616
		</ventral_body>
		<operculum type=matrix rownames=FALSE colnames=FALSE nrow=5 ncol=2 as.numeric=TRUE >
			530	647
			532	601
			538	567
			556	527
			576	511
		</operculum>
	</curves.control>
	<curves.pixel type=list>
		<head type=matrix rownames=FALSE colnames=FALSE nrow=904 ncol=2 as.numeric=TRUE >
			50	575
			51	574
			52	573
			52	572
			53	571
			54	570
			55	569
			55	568
			56	567
			57	567
			58	566
			59	565
			59	564
			60	563
			61	562
			62	561
			62	560
			63	559
			64	558
			65	557
			65	556
			66	555
			67	554
			68	553
			69	552
			69	551
			70	550
			70	549
			71	548
			72	547
			73	546
			73	545
			74	544
			75	543
			75	542
			76	541
			77	540
			78	539
			78	538
			79	537
			80	536
			80	535
			81	534
			82	533
			82	532
			83	531
			84	530
			84	529
			85	528
			86	527
			87	526
			87	525
			88	524
			89	523
			89	522
			90	521
			91	520
			91	519
			92	518
			93	517
			94	516
			94	515
			95	514
			95	513
			96	513
			96	512
			96	511
			97	511
			97	510
			98	509
			99	508
			99	507
			100	506
			100	505
			101	504
			101	503
			102	503
			102	502
			103	501
			103	500
			104	499
			105	498
			106	497
			106	496
			107	495
			108	495
			109	494
			110	493
			111	493
			112	493
			112	492
			113	492
			114	492
			114	491
			115	491
			116	490
			117	490
			118	489
			119	488
			120	488
			121	487
			122	487
			123	486
			124	485
			125	484
			126	484
			127	483
			128	483
			129	482
			130	481
			131	481
			132	480
			133	479
			134	479
			135	478
			136	478
			137	477
			138	476
			139	476
			140	475
			141	474
			142	474
			143	473
			144	472
			145	472
			146	471
			147	470
			148	469
			149	469
			150	468
			151	467
			152	467
			153	466
			154	465
			155	464
			156	464
			157	463
			158	462
			159	461
			160	461
			161	460
			162	459
			163	458
			164	458
			165	457
			166	456
			167	456
			168	455
			169	454
			170	453
			171	453
			172	452
			173	452
			173	451
			174	450
			175	450
			176	449
			177	449
			177	448
			178	448
			179	447
			180	446
			181	445
			182	444
			183	444
			184	443
			185	442
			186	441
			187	441
			188	440
			189	439
			190	438
			191	438
			192	437
			193	436
			194	435
			195	435
			196	434
			197	433
			198	432
			199	432
			200	431
			201	430
			201	429
			202	428
			203	428
			204	427
			205	426
			206	425
			207	424
			208	424
			209	423
			210	422
			211	421
			212	420
			213	420
			214	419
			215	418
			216	417
			217	416
			218	416
			219	415
			220	414
			221	413
			222	412
			223	411
			224	411
			225	410
			226	409
			227	408
			228	407
			229	407
			230	406
			231	405
			232	404
			233	403
			234	402
			235	402
			236	401
			237	400
			238	399
			239	398
			240	398
			241	397
			242	396
			243	395
			244	394
			245	394
			246	393
			247	392
			248	391
			249	390
			250	390
			251	389
			252	388
			253	387
			254	386
			255	386
			256	385
			257	384
			258	383
			259	382
			260	382
			261	381
			262	380
			263	379
			264	378
			265	378
			266	377
			267	376
			268	375
			269	374
			270	374
			271	373
			272	372
			273	371
			274	370
			275	370
			276	369
			277	368
			278	367
			279	367
			280	366
			281	365
			282	364
			283	363
			284	363
			285	362
			286	362
			286	361
			287	361
			288	360
			289	359
			290	358
			291	358
			292	357
			293	356
			294	356
			295	355
			296	354
			297	354
			298	353
			299	352
			300	352
			301	351
			302	350
			303	350
			304	349
			304	348
			305	348
			306	347
			307	346
			308	346
			309	345
			310	344
			311	344
			312	343
			313	342
			314	342
			315	341
			316	340
			317	340
			318	339
			319	338
			320	338
			321	337
			321	336
			322	336
			323	335
			324	334
			325	334
			326	333
			327	333
			328	332
			329	331
			330	331
			331	330
			332	329
			333	329
			334	328
			335	327
			336	327
			337	326
			338	325
			339	325
			340	324
			341	324
			342	323
			343	322
			344	322
			345	321
			346	320
			347	320
			348	319
			349	318
			350	318
			351	317
			352	317
			353	316
			354	315
			355	315
			356	314
			357	313
			358	313
			359	312
			360	311
			361	311
			362	310
			363	310
			364	309
			365	308
			366	308
			367	307
			368	306
			369	306
			370	305
			371	305
			372	304
			373	303
			374	303
			375	302
			376	301
			377	301
			378	300
			379	300
			380	299
			381	298
			382	298
			383	297
			384	297
			385	296
			386	295
			387	295
			388	294
			389	293
			390	293
			391	292
			392	292
			393	291
			394	291
			395	290
			396	290
			397	289
			398	288
			399	288
			400	287
			401	287
			402	286
			403	285
			404	285
			405	284
			406	284
			407	283
			408	283
			408	282
			409	282
			410	282
			411	281
			412	281
			413	281
			414	280
			415	280
			416	280
			417	280
			418	279
			419	279
			420	279
			421	279
			422	278
			423	278
			424	278
			425	277
			426	277
			427	277
			428	276
			429	276
			430	276
			431	275
			432	275
			433	275
			434	275
			435	274
			436	274
			437	274
			438	273
			439	273
			440	273
			441	272
			442	272
			443	272
			444	272
			444	271
			445	271
			446	271
			447	271
			448	270
			449	270
			450	270
			451	270
			451	269
			452	269
			453	269
			454	269
			455	268
			456	268
			457	268
			458	268
			459	267
			460	267
			461	266
			462	266
			463	266
			464	266
			465	265
			466	265
			467	265
			468	264
			469	264
			470	264
			471	264
			472	263
			473	263
			474	263
			475	262
			476	262
			477	262
			478	262
			478	261
			479	261
			480	261
			481	261
			482	260
			483	260
			484	260
			485	259
			486	259
			487	259
			488	259
			489	258
			490	258
			491	258
			492	257
			493	257
			494	257
			495	256
			496	256
			497	256
			498	256
			499	255
			500	255
			501	255
			502	254
			503	254
			504	254
			505	254
			506	253
			507	253
			508	253
			509	252
			510	252
			511	252
			512	251
			513	251
			514	251
			515	251
			516	250
			517	250
			518	250
			519	249
			520	249
			521	249
			522	249
			523	248
			524	248
			525	248
			526	247
			527	247
			528	247
			529	246
			530	246
			531	246
			532	246
			533	245
			534	245
			535	245
			536	245
			536	244
			537	244
			538	244
			539	244
			540	243
			541	243
			542	243
			543	242
			544	242
			545	242
			546	241
			547	241
			548	241
			549	241
			550	240
			551	240
			552	240
			553	240
			554	239
			555	239
			556	239
			557	238
			558	238
			559	238
			560	237
			561	237
			562	237
			563	237
			564	236
			565	236
			566	236
			567	236
			567	235
			568	235
			569	235
			570	235
			571	234
			572	234
			573	234
			574	235
			575	235
			576	235
			577	235
			578	235
			579	236
			580	236
			581	236
			582	236
			583	236
			584	237
			585	237
			586	237
			587	237
			588	237
			589	238
			590	238
			591	238
			592	238
			593	238
			594	239
			595	239
			596	239
			597	239
			598	239
			599	239
			600	240
			601	240
			602	240
			603	240
			604	240
			605	241
			606	241
			607	241
			608	241
			609	241
			610	241
			611	242
			612	242
			613	242
			614	242
			615	242
			616	242
			617	243
			618	243
			619	243
			620	243
			621	243
			622	243
			623	243
			624	244
			625	244
			626	244
			627	244
			628	244
			629	244
			630	244
			631	245
			632	245
			633	245
			634	245
			635	245
			636	245
			637	245
			638	246
			639	246
			640	246
			641	246
			642	246
			643	246
			644	246
			645	246
			646	247
			647	247
			648	247
			649	247
			650	247
			651	247
			652	247
			653	247
			654	248
			655	248
			656	248
			657	248
			658	248
			659	248
			660	248
			661	248
			662	248
			663	249
			664	249
			665	249
			666	249
			667	249
			668	249
			669	249
			670	249
			671	249
			672	249
			673	250
			674	250
			675	250
			676	250
			677	250
			678	250
			679	250
			680	250
			681	250
			682	250
			683	250
			684	250
			685	251
			686	251
			687	251
			688	251
			689	251
			690	251
			691	251
			692	251
			693	251
			694	251
			695	251
			696	251
			697	252
			698	252
			699	252
			700	252
			701	252
			702	252
			703	252
			704	252
			705	252
			706	252
			707	252
			708	252
			709	252
			710	252
			711	252
			712	253
			713	253
			714	253
			715	253
			716	253
			717	253
			718	253
			719	253
			720	253
			721	253
			722	253
			723	253
			724	253
			725	253
			726	253
			727	253
			728	253
			729	253
			730	254
			731	254
			732	254
			733	254
			734	254
			735	254
			736	254
			737	254
			738	254
			739	254
			740	254
			741	254
			742	254
			743	254
			744	254
			745	254
			746	254
			747	254
			748	254
			749	254
			750	254
			751	254
			752	254
			753	254
			754	254
			755	254
			756	254
			757	254
			758	254
			759	254
			760	254
			761	254
			762	254
			763	254
			764	254
			765	254
			766	254
			767	254
			768	254
			769	254
			770	254
			771	255
			772	255
			773	255
			774	255
			775	255
			776	255
			777	255
			778	255
			779	255
			780	255
			781	255
			782	255
			783	255
			784	255
			785	255
			786	255
			787	255
			788	255
			789	255
			790	255
			791	255
			792	255
			793	255
			794	255
			795	255
			796	255
			797	255
			798	255
			799	255
			800	255
			801	256
			802	256
			803	256
			804	256
			805	256
			806	256
			807	256
			808	256
			809	256
			810	256
			811	256
			812	256
			813	256
			814	256
			815	256
			816	256
			817	256
			818	256
			819	256
			820	257
			821	257
			822	257
			823	257
			824	257
			825	257
			826	257
			827	257
			828	257
			829	257
			830	257
			831	257
			832	257
			833	257
			834	258
			835	258
			836	258
			837	258
			838	258
			839	258
			840	258
			841	258
			842	258
			843	258
			844	259
			845	259
			846	259
			847	259
			848	259
			849	259
			850	259
			851	259
			852	259
			853	260
			854	260
			855	260
			856	260
			857	260
			858	260
			859	260
			860	261
			861	261
			862	261
			863	261
			864	261
			865	261
			866	262
			867	262
			868	262
			869	262
			870	262
			871	262
			872	262
			873	262
			874	261
			875	261
			876	261
			877	261
			878	261
			879	261
			880	261
			881	261
			882	261
			883	261
			884	261
			885	261
			886	261
			887	261
			888	260
			889	260
			890	260
			891	260
			892	260
			893	260
			894	260
			895	260
			896	260
			897	260
			898	260
			899	260
			900	260
			901	260
			902	260
			903	259
			904	259
			905	259
			906	259
			907	259
			908	259
			909	259
			910	259
			911	259
			912	259
		</head>
		<dorsal type=matrix rownames=FALSE colnames=FALSE nrow=350 ncol=2 as.numeric=TRUE >
			912	259
			913	259
			914	260
			915	260
			916	260
			917	261
			918	261
			919	261
			920	262
			921	262
			922	262
			923	263
			924	263
			925	263
			926	264
			927	264
			928	265
			929	265
			930	265
			930	266
			931	266
			932	266
			933	267
			934	267
			935	268
			936	268
			937	268
			938	269
			939	269
			940	269
			940	270
			941	270
			942	270
			943	271
			944	271
			945	271
			946	272
			947	272
			948	273
			949	273
			950	274
			951	274
			952	274
			952	275
			953	275
			954	275
			955	276
			956	276
			957	277
			958	277
			959	277
			959	278
			960	278
			961	278
			962	279
			963	279
			964	280
			965	280
			966	281
			967	281
			968	282
			969	282
			970	282
			971	283
			972	283
			973	284
			974	284
			975	285
			976	285
			977	286
			978	286
			979	287
			980	287
			981	287
			982	288
			983	288
			984	289
			985	289
			986	290
			987	290
			988	291
			989	291
			990	292
			991	292
			992	293
			993	293
			994	294
			995	294
			996	295
			997	295
			998	296
			999	297
			1000	297
			1001	298
			1002	298
			1003	299
			1004	299
			1005	300
			1006	300
			1007	301
			1008	301
			1009	302
			1010	302
			1011	303
			1012	304
			1013	304
			1014	305
			1015	305
			1016	306
			1017	306
			1018	307
			1019	307
			1020	308
			1021	308
			1022	309
			1023	309
			1024	310
			1025	310
			1026	311
			1027	312
			1028	312
			1029	313
			1030	313
			1031	314
			1032	314
			1033	315
			1034	316
			1035	316
			1036	316
			1036	317
			1037	317
			1038	318
			1039	318
			1040	319
			1041	320
			1042	320
			1043	321
			1044	321
			1045	321
			1045	322
			1046	322
			1047	323
			1048	323
			1049	324
			1050	324
			1050	325
			1051	325
			1052	326
			1053	326
			1054	327
			1055	327
			1056	328
			1057	329
			1058	329
			1059	330
			1060	331
			1061	331
			1062	332
			1063	332
			1064	333
			1065	333
			1066	334
			1067	335
			1068	335
			1069	336
			1070	337
			1071	337
			1072	337
			1072	338
			1073	338
			1074	339
			1075	339
			1075	340
			1076	340
			1077	341
			1078	341
			1079	342
			1080	343
			1081	343
			1082	344
			1083	344
			1084	345
			1085	345
			1086	346
			1087	347
			1088	347
			1089	348
			1090	349
			1091	350
			1092	350
			1093	351
			1094	351
			1095	352
			1096	353
			1097	353
			1098	354
			1098	355
			1099	355
			1100	356
			1100	357
			1101	357
			1102	358
			1102	359
			1103	359
			1104	360
			1104	361
			1105	361
			1106	362
			1106	363
			1107	363
			1108	364
			1108	365
			1109	365
			1110	366
			1110	367
			1111	367
			1112	368
			1112	369
			1113	369
			1113	370
			1114	371
			1115	371
			1115	372
			1116	373
			1117	373
			1117	374
			1118	375
			1119	375
			1119	376
			1120	377
			1121	378
			1122	379
			1123	380
			1124	381
			1125	381
			1125	382
			1126	383
			1127	384
			1127	385
			1128	385
			1129	386
			1130	387
			1130	388
			1131	388
			1132	389
			1133	390
			1133	391
			1134	391
			1135	392
			1136	393
			1136	394
			1137	394
			1138	395
			1138	396
			1139	397
			1140	397
			1141	398
			1141	399
			1142	400
			1143	400
			1143	401
			1144	402
			1145	403
			1146	404
			1147	405
			1148	406
			1149	407
			1150	408
			1150	409
			1151	409
			1152	410
			1153	411
			1154	412
			1154	413
			1155	414
			1156	415
			1157	416
			1158	416
			1159	417
			1159	418
			1160	419
			1161	420
			1162	421
			1163	422
			1164	423
			1165	424
			1166	425
			1167	426
			1168	427
			1169	428
			1170	429
			1171	430
			1172	431
			1173	432
			1174	433
			1174	434
			1175	435
			1176	436
			1177	437
			1178	438
			1179	439
			1180	440
			1181	441
			1182	442
			1183	443
			1183	444
			1184	445
			1185	446
			1186	447
			1187	448
			1188	449
			1189	450
			1190	451
			1191	452
			1191	453
			1192	454
			1193	455
			1194	456
			1195	457
			1196	458
			1197	459
			1198	460
			1199	461
			1200	462
			1201	463
			1202	464
			1202	465
			1203	466
			1204	467
			1205	468
			1206	469
			1207	470
			1208	471
			1209	472
			1209	473
			1210	474
			1211	475
			1212	476
			1213	476
			1213	477
			1214	478
			1215	479
			1216	480
			1217	481
			1217	482
			1218	483
			1219	484
			1220	485
			1221	485
			1221	486
		</dorsal>
		<caudal_dors_ant type=matrix rownames=FALSE colnames=FALSE nrow=51 ncol=2 as.numeric=TRUE >
			1221	486
			1222	487
			1223	488
			1224	488
			1224	489
			1225	490
			1226	490
			1227	491
			1228	492
			1229	492
			1229	493
			1230	494
			1231	494
			1232	495
			1233	495
			1234	496
			1235	496
			1236	497
			1237	498
			1238	499
			1239	499
			1240	500
			1241	500
			1242	500
			1243	501
			1244	501
			1245	501
			1246	502
			1247	502
			1248	502
			1249	503
			1250	503
			1251	503
			1252	503
			1253	503
			1254	504
			1255	504
			1256	504
			1257	504
			1258	504
			1259	504
			1260	504
			1261	504
			1262	504
			1263	504
			1264	504
			1265	504
			1266	504
			1267	504
			1268	504
			1269	504
		</caudal_dors_ant>
		<caud_dors_post type=matrix rownames=FALSE colnames=FALSE nrow=76 ncol=2 as.numeric=TRUE >
			1269	504
			1270	504
			1271	503
			1272	503
			1272	502
			1273	502
			1274	501
			1275	501
			1276	500
			1277	500
			1278	499
			1279	498
			1280	498
			1281	497
			1282	497
			1283	496
			1284	496
			1285	495
			1286	495
			1287	494
			1288	494
			1289	493
			1290	493
			1291	493
			1292	492
			1293	492
			1294	491
			1295	491
			1296	490
			1297	490
			1298	490
			1299	489
			1300	488
			1301	488
			1302	488
			1303	487
			1304	487
			1305	487
			1306	486
			1307	486
			1308	485
			1309	485
			1310	485
			1311	484
			1312	484
			1313	483
			1314	483
			1315	483
			1316	482
			1317	482
			1318	482
			1319	482
			1320	481
			1321	481
			1322	481
			1323	480
			1324	480
			1325	480
			1326	479
			1327	479
			1328	479
			1329	479
			1330	478
			1331	478
			1332	478
			1333	478
			1334	477
			1335	477
			1336	477
			1337	476
			1338	476
			1339	476
			1340	476
			1341	475
			1342	475
			1343	475
		</caud_dors_post>
		<caud_vent_post type=matrix rownames=FALSE colnames=FALSE nrow=84 ncol=2 as.numeric=TRUE >
			1359	663
			1358	663
			1357	663
			1356	662
			1355	662
			1354	662
			1353	662
			1352	661
			1351	661
			1350	661
			1349	661
			1348	661
			1347	660
			1346	660
			1345	660
			1344	660
			1343	659
			1342	659
			1341	659
			1340	659
			1339	659
			1338	658
			1337	658
			1336	658
			1335	658
			1334	657
			1333	657
			1332	657
			1331	657
			1330	656
			1329	656
			1328	656
			1327	656
			1326	655
			1325	655
			1324	655
			1323	655
			1322	654
			1321	654
			1320	654
			1319	653
			1318	653
			1317	653
			1316	653
			1315	652
			1314	652
			1313	652
			1312	652
			1311	651
			1310	651
			1309	651
			1308	650
			1307	650
			1306	650
			1305	649
			1304	649
			1303	649
			1302	648
			1301	648
			1300	648
			1299	648
			1299	647
			1298	647
			1297	647
			1296	647
			1295	646
			1294	646
			1293	646
			1292	645
			1291	645
			1290	645
			1289	644
			1288	644
			1287	644
			1286	643
			1285	643
			1284	643
			1283	642
			1282	642
			1281	642
			1280	641
			1279	641
			1278	640
			1277	640
		</caud_vent_post>
		<caudal_vent_ant type=matrix rownames=FALSE colnames=FALSE nrow=56 ncol=2 as.numeric=TRUE >
			1277	640
			1276	640
			1275	640
			1274	641
			1273	641
			1272	641
			1271	641
			1270	641
			1269	642
			1268	642
			1267	642
			1266	642
			1265	643
			1264	643
			1263	643
			1262	643
			1261	644
			1260	644
			1259	644
			1258	644
			1257	645
			1256	645
			1255	645
			1254	646
			1253	646
			1252	646
			1251	647
			1250	647
			1249	647
			1249	648
			1248	648
			1247	648
			1246	648
			1245	649
			1244	649
			1243	650
			1242	650
			1241	650
			1241	651
			1240	651
			1239	651
			1238	652
			1237	652
			1236	653
			1235	653
			1234	653
			1233	654
			1232	654
			1231	655
			1230	655
			1229	656
			1228	656
			1228	657
			1227	657
			1226	658
			1225	658
		</caudal_vent_ant>
		<anal type=matrix rownames=FALSE colnames=FALSE nrow=299 ncol=2 as.numeric=TRUE >
			1225	658
			1224	659
			1224	660
			1223	660
			1223	661
			1222	662
			1222	663
			1221	664
			1220	664
			1220	665
			1219	666
			1219	667
			1218	668
			1217	668
			1217	669
			1216	670
			1216	671
			1215	672
			1214	672
			1214	673
			1213	674
			1213	675
			1212	676
			1211	676
			1211	677
			1210	678
			1209	679
			1209	680
			1208	680
			1208	681
			1207	682
			1206	683
			1205	684
			1204	685
			1204	686
			1203	687
			1202	688
			1201	689
			1201	690
			1200	691
			1199	692
			1198	693
			1198	694
			1197	695
			1196	696
			1195	697
			1194	698
			1194	699
			1193	700
			1192	700
			1191	701
			1190	702
			1190	703
			1189	704
			1188	705
			1187	706
			1186	707
			1186	708
			1185	709
			1184	710
			1183	711
			1182	712
			1182	713
			1181	714
			1180	715
			1179	716
			1178	717
			1178	718
			1177	719
			1176	720
			1175	720
			1174	721
			1173	722
			1173	723
			1172	724
			1171	725
			1170	726
			1169	727
			1168	728
			1167	729
			1167	730
			1166	731
			1165	732
			1164	733
			1163	734
			1162	735
			1161	736
			1161	737
			1160	738
			1159	738
			1158	739
			1157	740
			1156	741
			1155	742
			1154	743
			1154	744
			1153	745
			1152	746
			1151	747
			1150	748
			1149	749
			1148	750
			1147	751
			1146	752
			1146	753
			1145	754
			1144	755
			1143	756
			1142	756
			1141	757
			1140	758
			1139	759
			1138	760
			1137	761
			1136	762
			1135	763
			1135	764
			1134	765
			1133	766
			1132	767
			1131	768
			1130	769
			1129	770
			1128	771
			1127	772
			1126	773
			1125	774
			1124	774
			1123	775
			1122	776
			1121	777
			1120	778
			1119	779
			1118	780
			1117	781
			1117	782
			1116	783
			1115	784
			1114	785
			1113	786
			1112	787
			1111	788
			1110	789
			1109	790
			1108	791
			1107	791
			1106	792
			1105	793
			1104	794
			1103	795
			1102	796
			1101	797
			1100	797
			1099	798
			1098	799
			1097	799
			1096	800
			1095	801
			1094	801
			1093	802
			1092	803
			1091	803
			1090	804
			1089	804
			1088	805
			1087	806
			1086	806
			1085	807
			1084	807
			1084	808
			1083	808
			1082	809
			1081	810
			1080	810
			1079	811
			1078	811
			1077	812
			1076	813
			1075	814
			1074	814
			1073	815
			1072	816
			1071	816
			1070	817
			1069	818
			1068	818
			1067	819
			1066	819
			1066	820
			1065	820
			1064	820
			1064	821
			1063	821
			1063	822
			1062	822
			1061	822
			1061	823
			1060	823
			1059	824
			1058	824
			1057	825
			1056	826
			1055	827
			1054	827
			1053	828
			1052	828
			1051	829
			1050	829
			1049	830
			1048	831
			1047	831
			1047	832
			1046	832
			1045	833
			1044	833
			1043	834
			1042	834
			1041	835
			1040	835
			1040	836
			1039	836
			1038	837
			1037	838
			1036	838
			1035	839
			1034	839
			1033	840
			1032	841
			1031	841
			1030	842
			1029	843
			1028	843
			1027	844
			1026	844
			1025	845
			1024	845
			1023	846
			1022	847
			1021	847
			1020	848
			1019	848
			1018	849
			1017	849
			1017	850
			1016	850
			1015	851
			1014	851
			1013	852
			1012	852
			1011	853
			1010	853
			1009	854
			1008	855
			1007	856
			1006	856
			1005	857
			1004	857
			1003	858
			1002	858
			1001	859
			1000	859
			999	860
			998	861
			997	861
			996	861
			996	862
			995	862
			994	863
			993	863
			993	864
			992	864
			991	864
			990	865
			989	866
			988	866
			987	867
			986	867
			985	868
			984	868
			983	869
			982	870
			981	870
			980	871
			979	871
			978	872
			977	872
			976	873
			975	873
			974	874
			973	874
			972	875
			971	875
			970	876
			969	876
			968	877
			967	877
			966	878
			965	879
			964	879
		</anal>
		<ventral_body type=matrix rownames=FALSE colnames=FALSE nrow=1003 ncol=2 as.numeric=TRUE >
			964	879
			963	879
			963	880
			962	880
			962	881
			961	881
			960	881
			960	882
			959	882
			958	883
			957	884
			956	884
			955	885
			954	885
			954	886
			953	886
			952	887
			951	887
			951	888
			950	888
			949	889
			948	889
			948	890
			947	890
			946	891
			945	891
			945	892
			944	892
			943	893
			942	893
			941	894
			940	895
			939	895
			938	896
			937	896
			936	897
			935	898
			934	898
			933	899
			932	900
			931	900
			930	901
			929	902
			928	902
			927	903
			927	904
			926	904
			925	905
			924	906
			923	906
			922	907
			921	908
			920	908
			919	909
			918	910
			917	910
			916	911
			915	912
			914	912
			913	913
			912	914
			911	914
			910	915
			909	916
			908	917
			907	917
			906	918
			905	919
			904	919
			903	920
			902	920
			901	921
			900	922
			899	923
			898	923
			897	924
			896	925
			895	925
			894	926
			893	927
			892	927
			891	928
			890	929
			889	929
			888	930
			888	931
			887	931
			886	932
			885	933
			884	933
			883	934
			882	935
			881	935
			880	936
			879	937
			878	937
			877	938
			876	939
			875	939
			874	940
			873	941
			872	942
			871	943
			870	943
			870	944
			869	944
			868	945
			867	945
			867	946
			866	946
			865	947
			864	948
			863	949
			862	949
			861	950
			860	951
			859	951
			858	952
			857	953
			856	954
			856	955
			855	956
			854	957
			853	958
			852	959
			851	960
			850	960
			850	961
			849	961
			848	962
			847	963
			846	964
			845	965
			844	965
			843	966
			842	966
			841	967
			840	968
			839	968
			838	969
			837	969
			836	970
			835	970
			834	971
			833	971
			832	972
			831	972
			830	972
			829	973
			828	973
			827	973
			826	974
			825	974
			824	975
			823	975
			822	975
			821	975
			820	976
			819	976
			818	976
			817	977
			816	977
			815	977
			814	977
			813	977
			812	977
			812	978
			811	978
			810	978
			809	978
			808	978
			807	978
			806	979
			805	979
			804	979
			803	979
			802	979
			801	979
			800	980
			799	980
			798	980
			797	980
			796	980
			795	980
			794	980
			793	980
			792	980
			791	980
			790	981
			789	981
			788	981
			787	981
			786	981
			785	981
			784	981
			783	981
			782	981
			781	981
			780	981
			779	981
			778	981
			777	981
			776	981
			775	981
			774	981
			773	981
			772	981
			771	981
			770	981
			769	981
			768	981
			767	981
			766	981
			765	981
			764	981
			763	981
			762	981
			761	981
			760	981
			759	981
			758	981
			757	981
			756	981
			755	981
			754	980
			753	980
			752	980
			751	980
			750	980
			749	980
			748	980
			747	980
			746	980
			745	980
			744	980
			743	980
			742	980
			741	979
			740	979
			739	979
			738	979
			737	979
			736	979
			735	979
			734	979
			733	979
			732	979
			731	978
			730	978
			729	978
			728	978
			727	978
			726	978
			725	978
			724	978
			723	977
			722	977
			721	977
			720	977
			719	977
			718	976
			717	976
			716	976
			715	975
			714	975
			713	975
			712	975
			711	974
			710	974
			709	974
			708	973
			707	973
			706	973
			705	973
			705	972
			704	972
			703	972
			702	972
			701	972
			701	971
			700	971
			699	971
			698	971
			698	970
			697	970
			696	970
			695	970
			694	970
			694	969
			693	969
			692	969
			691	969
			691	968
			690	968
			689	968
			688	968
			687	967
			686	967
			685	967
			684	966
			683	966
			682	966
			681	966
			680	965
			679	965
			678	965
			677	964
			676	964
			675	964
			674	964
			673	963
			672	963
			671	963
			670	962
			669	962
			668	962
			667	961
			666	961
			665	961
			664	961
			663	960
			662	960
			661	960
			660	959
			659	959
			658	959
			657	958
			656	958
			655	958
			654	958
			653	957
			652	957
			651	957
			650	956
			649	956
			648	956
			647	955
			646	955
			645	955
			644	955
			643	954
			642	954
			641	954
			640	954
			639	953
			638	953
			637	953
			636	952
			635	952
			634	952
			633	952
			633	951
			632	951
			631	951
			630	951
			629	950
			628	950
			627	950
			626	950
			625	949
			624	949
			623	948
			622	948
			621	948
			620	948
			619	947
			618	947
			617	947
			616	946
			615	946
			614	946
			613	946
			612	945
			611	945
			610	945
			609	944
			608	944
			607	944
			606	944
			605	943
			604	943
			603	943
			602	943
			601	942
			600	942
			599	942
			598	941
			597	941
			596	941
			595	940
			594	940
			593	940
			592	939
			591	939
			590	939
			589	939
			588	938
			587	938
			586	938
			585	937
			584	937
			583	937
			582	937
			581	936
			580	936
			579	936
			578	935
			577	935
			576	935
			575	934
			574	934
			573	934
			572	934
			571	933
			570	933
			569	933
			568	932
			567	932
			566	932
			565	932
			564	931
			563	931
			562	931
			561	930
			560	930
			559	930
			558	929
			557	929
			556	929
			555	929
			554	928
			553	928
			552	928
			551	927
			550	927
			549	927
			548	926
			547	926
			546	926
			545	926
			544	925
			543	925
			542	925
			541	925
			540	924
			539	924
			538	924
			537	923
			536	923
			535	923
			534	923
			533	922
			532	922
			531	922
			530	921
			529	921
			528	921
			527	920
			526	920
			525	920
			524	919
			523	919
			522	919
			521	919
			520	918
			519	918
			518	918
			517	918
			516	917
			515	917
			514	917
			513	916
			512	916
			511	916
			510	916
			510	915
			509	915
			508	915
			507	915
			506	914
			505	914
			504	914
			503	913
			502	913
			501	913
			500	913
			499	912
			498	912
			497	912
			496	911
			495	911
			494	911
			493	911
			492	910
			491	910
			490	910
			489	909
			488	909
			487	909
			486	909
			485	908
			484	908
			483	907
			482	907
			481	907
			480	907
			479	906
			478	906
			477	906
			476	905
			475	905
			474	905
			473	905
			472	904
			471	904
			470	904
			469	903
			468	903
			467	903
			466	903
			465	902
			464	902
			463	902
			462	901
			461	901
			460	901
			459	900
			458	900
			457	900
			456	900
			455	899
			454	899
			453	899
			452	898
			451	898
			450	898
			449	898
			448	897
			447	897
			446	897
			445	896
			444	896
			443	896
			442	896
			441	895
			440	895
			439	895
			438	894
			437	894
			436	894
			435	894
			434	893
			433	893
			432	893
			431	893
			431	892
			430	892
			429	892
			428	891
			427	891
			426	891
			425	891
			424	890
			423	890
			422	890
			421	889
			420	889
			419	889
			418	889
			418	888
			417	888
			416	888
			415	888
			414	887
			413	887
			412	887
			411	887
			411	886
			410	886
			409	886
			408	886
			407	885
			406	885
			405	885
			404	884
			403	884
			402	884
			401	884
			400	883
			399	883
			398	883
			397	883
			396	882
			395	882
			394	882
			393	881
			392	881
			391	881
			390	880
			389	880
			388	880
			387	880
			386	879
			385	879
			384	879
			383	878
			382	878
			381	878
			380	877
			379	877
			378	877
			377	877
			376	876
			375	876
			374	876
			373	875
			372	875
			371	875
			370	874
			369	874
			368	873
			367	873
			366	873
			366	872
			365	872
			364	872
			363	871
			362	871
			361	871
			360	870
			359	870
			358	870
			357	869
			356	869
			355	868
			354	868
			353	867
			352	867
			351	867
			350	867
			349	866
			348	866
			347	865
			346	865
			345	865
			344	864
			343	864
			342	863
			341	863
			340	862
			339	862
			338	862
			337	861
			336	861
			335	861
			334	860
			333	860
			332	859
			331	859
			330	858
			329	858
			328	857
			327	857
			326	857
			325	856
			324	856
			323	856
			322	855
			321	855
			320	854
			319	854
			318	853
			317	853
			316	852
			315	852
			314	852
			313	851
			312	851
			311	850
			310	850
			309	849
			308	849
			307	849
			307	848
			306	848
			305	848
			304	847
			303	847
			302	846
			301	846
			300	846
			299	845
			298	845
			297	844
			296	844
			295	843
			294	843
			293	842
			292	842
			291	841
			290	841
			289	840
			288	840
			287	839
			286	839
			285	838
			284	838
			283	838
			282	837
			281	837
			280	836
			279	836
			278	835
			277	835
			276	834
			275	834
			274	833
			273	833
			272	832
			271	832
			271	831
			270	831
			269	831
			268	830
			267	830
			266	829
			265	829
			264	828
			263	828
			262	827
			261	827
			261	826
			260	826
			259	825
			258	825
			257	824
			256	824
			255	823
			254	823
			253	823
			253	822
			252	822
			251	821
			250	821
			249	820
			248	820
			247	819
			246	818
			245	817
			244	816
			243	816
			242	815
			241	814
			240	813
			239	812
			238	811
			237	811
			236	810
			235	809
			235	808
			234	808
			233	807
			232	806
			231	805
			230	804
			229	804
			228	803
			228	802
			227	801
			226	801
			225	800
			224	799
			223	799
			222	798
			222	797
			221	796
			220	796
			219	795
			218	794
			217	793
			216	793
			216	792
			215	791
			214	791
			213	790
			212	789
			211	788
			210	787
			209	786
			208	785
			207	785
			206	784
			205	783
			204	782
			203	781
			202	781
			201	780
			200	779
			199	778
			198	777
			197	776
			196	775
			195	775
			195	774
			194	774
			193	773
			193	772
			192	772
			191	771
			190	770
			189	769
			188	768
			187	768
			186	767
			185	766
			184	765
			183	764
			182	763
			181	763
			180	762
			179	761
			178	760
			177	759
			176	758
			175	757
			174	756
			173	756
			172	755
			171	754
			170	753
			169	752
			168	751
			167	751
			166	750
			165	749
			164	748
			163	747
			162	747
			161	746
			160	745
			159	744
			158	744
			157	743
			157	742
			156	741
			155	741
			154	740
			153	739
			152	739
			151	738
			150	737
			150	736
			149	736
			148	735
			147	734
			146	734
			145	733
			145	732
			144	732
			143	731
			142	731
			141	731
			141	730
			140	730
			139	730
			138	730
			137	729
			136	729
			135	728
			134	728
			133	728
			132	727
			131	727
			130	727
			129	726
			128	726
			128	725
			127	725
			126	725
			125	724
			124	724
			123	723
			122	723
			121	722
			120	722
			119	721
			118	721
			117	720
			116	719
			115	719
			114	718
			113	718
			112	717
			111	716
			110	716
			109	715
			108	714
			107	714
			106	713
			105	712
			104	711
			103	711
			103	710
			102	709
			101	709
			100	708
			99	707
			98	706
			97	705
			96	705
			96	704
			95	703
			94	702
			93	701
			92	700
			91	699
			90	698
			89	697
			89	696
			88	696
			88	695
			87	694
			86	693
			85	692
			85	691
			84	690
			83	690
			83	689
			82	688
			82	687
			81	686
			81	685
			80	684
			80	683
			80	682
			79	681
			79	680
			78	679
			78	678
			77	677
			77	676
			77	675
			76	674
			76	673
			75	672
			75	671
			75	670
			74	669
			74	668
			73	667
			73	666
			73	665
			72	664
			72	663
			71	662
			71	661
			71	660
			70	659
			70	658
			70	657
			69	656
			69	655
			68	654
			68	653
			67	652
			67	651
			66	650
			66	649
			66	648
			65	647
			65	646
			64	645
			64	644
			64	643
			63	642
			63	641
			62	640
			62	639
			61	638
			61	637
			61	636
			60	635
			60	634
			59	633
			59	632
			59	631
			58	630
			58	629
			57	628
			57	627
			57	626
			56	625
			56	624
			55	623
			54	622
			54	621
			54	620
			54	619
			53	619
			53	618
			53	617
			52	617
			52	616
		</ventral_body>
		<operculum type=matrix rownames=FALSE colnames=FALSE nrow=148 ncol=2 as.numeric=TRUE >
			530	647
			530	646
			530	645
			530	644
			530	643
			530	642
			530	641
			530	640
			530	639
			530	638
			530	637
			531	637
			531	636
			531	635
			531	634
			531	633
			531	632
			531	631
			531	630
			531	629
			531	628
			531	627
			531	626
			531	625
			531	624
			531	623
			531	622
			532	621
			532	620
			532	619
			532	618
			532	617
			532	616
			532	615
			532	614
			532	613
			532	612
			532	611
			532	610
			533	609
			533	608
			533	607
			533	606
			533	605
			533	604
			533	603
			533	602
			533	601
			533	600
			534	599
			534	598
			534	597
			534	596
			534	595
			534	594
			534	593
			534	592
			534	591
			535	590
			535	589
			535	588
			535	587
			535	586
			535	585
			535	584
			536	583
			536	582
			536	581
			536	580
			536	579
			536	578
			536	577
			536	576
			537	576
			537	575
			537	574
			537	573
			537	572
			537	571
			537	570
			538	569
			538	568
			538	567
			538	566
			539	565
			539	564
			540	563
			540	562
			541	561
			541	560
			542	559
			542	558
			543	557
			543	556
			544	555
			544	554
			545	553
			545	552
			546	551
			546	550
			547	550
			547	549
			548	548
			548	547
			548	546
			549	545
			549	544
			550	544
			550	543
			551	542
			551	541
			552	540
			552	539
			553	539
			553	538
			554	537
			554	536
			555	536
			555	535
			556	534
			556	533
			557	533
			557	532
			558	531
			559	530
			559	529
			560	528
			561	527
			562	526
			562	525
			563	524
			564	523
			565	522
			565	521
			566	521
			567	520
			568	519
			568	518
			569	517
			570	517
			570	516
			571	515
			572	515
			573	514
			573	513
			574	513
			575	512
			576	511
		</operculum>
	</curves.pixel>
</shapes>

