<shapes type=list>
	<scaling type=logical names=FALSE length=1 as.numeric=FALSE >NA</scaling>
	<landmarks.pixel type=matrix rownames=TRUE colnames=FALSE nrow=17 ncol=2 as.numeric=TRUE >
		pectoral_dors	259	230
		pectoral_vent	254	256
		premax_post	165	197
		eye_ant	217	169
		eye_post	260	177
		upper_jaw	161	187
		dorsal_ant	361	100
		dorsal_post	457	223
		caud_pedunc_dors	477	233
		caud_scale_dors	491	239
		caud_scale_vent	474	300
		caud_pedunc_vent	459	297
		anal_post	444	297
		anal_ant	327	357
		lower_jaw	156	199
		operc_vent	255	221
		oper_dor	264	202
	</landmarks.pixel>
	<curves.control type=list>
		<head type=matrix rownames=FALSE colnames=FALSE nrow=11 ncol=2 as.numeric=TRUE >
			161	187
			172	180
			185	171
			202	160
			213	143
			237	124
			253	113
			286	109
			312	108
			331	111
			361	100
		</head>
		<dorsal type=matrix rownames=FALSE colnames=FALSE nrow=7 ncol=2 as.numeric=TRUE >
			361	100
			384	99
			413	125
			439	154
			452	181
			460	204
			457	223
		</dorsal>
		<caudal_dors_ant type=matrix rownames=FALSE colnames=FALSE nrow=3 ncol=2 as.numeric=TRUE >
			457	223
			468	227
			477	233
		</caudal_dors_ant>
		<caud_dors_post type=matrix rownames=FALSE colnames=FALSE nrow=3 ncol=2 as.numeric=TRUE >
			477	233
			484	236
			491	239
		</caud_dors_post>
		<caud_vent_post type=matrix rownames=FALSE colnames=FALSE nrow=3 ncol=2 as.numeric=TRUE >
			474	300
			466	298
			459	297
		</caud_vent_post>
		<caudal_vent_ant type=matrix rownames=FALSE colnames=FALSE nrow=3 ncol=2 as.numeric=TRUE >
			459	297
			450	296
			444	297
		</caudal_vent_ant>
		<anal type=matrix rownames=FALSE colnames=FALSE nrow=5 ncol=2 as.numeric=TRUE >
			444	297
			435	324
			395	348
			359	367
			327	357
		</anal>
		<ventral_body type=matrix rownames=FALSE colnames=FALSE nrow=17 ncol=2 as.numeric=TRUE >
			327	357
			316	356
			311	356
			314	366
			315	378
			311	382
			296	382
			270	377
			258	369
			239	347
			213	313
			190	281
			178	260
			176	243
			171	230
			165	216
			156	199
		</ventral_body>
		<operculum type=matrix rownames=FALSE colnames=FALSE nrow=5 ncol=2 as.numeric=TRUE >
			255	221
			257	217
			259	213
			260	209
			264	202
		</operculum>
	</curves.control>
	<curves.pixel type=list>
		<head type=matrix rownames=FALSE colnames=FALSE nrow=212 ncol=2 as.numeric=TRUE >
			161	187
			162	186
			163	186
			164	185
			165	184
			166	184
			167	183
			168	183
			169	182
			170	181
			171	180
			172	180
			173	179
			174	178
			175	178
			176	177
			177	176
			178	176
			179	175
			180	174
			181	173
			182	173
			183	172
			184	172
			185	171
			186	171
			187	170
			188	169
			189	168
			190	168
			191	167
			192	166
			193	165
			194	165
			195	164
			196	163
			197	162
			198	161
			199	160
			200	159
			201	158
			202	157
			203	156
			204	155
			205	154
			206	153
			207	152
			207	151
			208	150
			209	149
			209	148
			210	148
			210	147
			211	146
			212	145
			212	144
			213	143
			214	142
			215	141
			216	141
			217	140
			218	139
			219	138
			220	138
			221	137
			222	136
			223	136
			223	135
			224	134
			225	134
			226	133
			227	132
			228	132
			229	131
			229	130
			230	130
			231	129
			232	128
			233	128
			233	127
			234	127
			235	126
			236	125
			237	125
			237	124
			238	124
			239	123
			240	123
			240	122
			241	121
			242	121
			243	120
			244	119
			245	118
			246	118
			247	117
			248	117
			249	116
			249	115
			250	115
			251	114
			252	114
			253	113
			254	113
			255	113
			256	113
			257	113
			258	112
			259	112
			260	112
			261	112
			262	112
			263	112
			264	112
			265	112
			266	112
			267	111
			268	111
			269	111
			270	111
			271	111
			272	111
			273	111
			274	111
			275	111
			276	111
			277	110
			278	110
			279	110
			280	110
			281	110
			282	110
			283	110
			284	110
			285	110
			286	110
			287	109
			288	109
			289	109
			290	109
			291	109
			292	109
			293	109
			294	109
			295	109
			296	109
			297	109
			298	109
			299	109
			300	109
			301	109
			302	108
			303	108
			304	108
			305	108
			306	108
			307	108
			308	108
			309	108
			310	108
			311	108
			312	108
			313	108
			314	108
			315	108
			316	108
			317	109
			318	109
			319	109
			320	109
			321	109
			322	109
			323	109
			324	109
			325	109
			326	108
			327	108
			328	108
			329	108
			330	108
			331	108
			332	108
			333	108
			334	107
			335	107
			336	107
			337	107
			338	107
			339	107
			340	106
			341	106
			342	106
			343	106
			344	105
			345	105
			346	105
			347	105
			347	104
			348	104
			349	104
			350	104
			351	103
			352	103
			353	103
			354	103
			355	102
			356	102
			357	101
			358	101
			359	101
			360	100
			361	100
		</head>
		<dorsal type=matrix rownames=FALSE colnames=FALSE nrow=158 ncol=2 as.numeric=TRUE >
			361	100
			362	100
			363	100
			364	100
			365	100
			366	100
			367	100
			368	100
			369	100
			370	101
			371	101
			372	101
			373	101
			374	102
			375	102
			376	102
			377	102
			378	103
			379	103
			380	103
			381	104
			382	104
			383	105
			384	105
			385	106
			386	106
			387	106
			388	107
			389	107
			390	108
			391	109
			392	109
			393	110
			394	110
			395	111
			396	112
			397	112
			398	113
			399	114
			400	114
			401	115
			402	116
			403	117
			404	117
			405	118
			406	119
			407	120
			408	121
			409	122
			410	122
			411	123
			412	124
			413	125
			414	126
			415	127
			416	128
			417	129
			418	130
			418	131
			419	132
			420	133
			421	134
			422	135
			422	136
			423	137
			424	138
			425	139
			426	140
			426	141
			427	142
			428	143
			429	144
			430	145
			431	146
			431	147
			432	148
			433	149
			433	150
			434	151
			435	152
			435	153
			436	153
			436	154
			437	155
			437	156
			438	156
			438	157
			439	158
			439	159
			440	159
			440	160
			441	161
			441	162
			442	162
			442	163
			443	164
			443	165
			444	165
			444	166
			444	167
			445	168
			446	169
			446	170
			447	171
			447	172
			448	173
			448	174
			449	175
			450	176
			450	177
			451	178
			451	179
			451	180
			452	180
			452	181
			452	182
			453	183
			453	184
			453	185
			454	186
			454	187
			454	188
			454	189
			455	190
			455	191
			455	192
			456	193
			456	194
			456	195
			456	196
			456	197
			457	198
			457	199
			457	200
			457	201
			457	202
			457	203
			457	204
			457	205
			458	206
			458	207
			458	208
			458	209
			458	210
			458	211
			458	212
			458	213
			458	214
			458	215
			458	216
			458	217
			458	218
			458	219
			457	219
			457	220
			457	221
			457	222
			457	223
		</dorsal>
		<caudal_dors_ant type=matrix rownames=FALSE colnames=FALSE nrow=21 ncol=2 as.numeric=TRUE >
			457	223
			458	223
			459	224
			460	224
			461	224
			462	225
			463	225
			464	226
			465	226
			466	227
			467	227
			468	228
			469	228
			470	229
			471	229
			472	230
			473	230
			474	231
			475	232
			476	232
			477	233
		</caudal_dors_ant>
		<caud_dors_post type=matrix rownames=FALSE colnames=FALSE nrow=16 ncol=2 as.numeric=TRUE >
			477	233
			478	233
			479	234
			480	234
			481	235
			482	235
			483	235
			483	236
			484	236
			485	237
			486	237
			487	237
			488	238
			489	238
			490	239
			491	239
		</caud_dors_post>
		<caud_vent_post type=matrix rownames=FALSE colnames=FALSE nrow=16 ncol=2 as.numeric=TRUE >
			474	300
			473	300
			472	299
			471	299
			470	299
			469	299
			468	299
			467	298
			466	298
			465	298
			464	298
			463	298
			462	297
			461	297
			460	297
			459	297
		</caud_vent_post>
		<caudal_vent_ant type=matrix rownames=FALSE colnames=FALSE nrow=16 ncol=2 as.numeric=TRUE >
			459	297
			458	297
			457	297
			456	297
			455	297
			454	297
			453	297
			452	297
			451	297
			450	297
			449	297
			448	297
			447	297
			446	297
			445	297
			444	297
		</caudal_vent_ant>
		<anal type=matrix rownames=FALSE colnames=FALSE nrow=132 ncol=2 as.numeric=TRUE >
			444	297
			444	298
			443	299
			443	300
			443	301
			442	302
			442	303
			441	304
			441	305
			440	305
			440	306
			439	307
			439	308
			438	309
			438	310
			437	311
			437	312
			436	312
			435	313
			435	314
			434	315
			434	316
			433	317
			432	318
			431	319
			430	320
			429	321
			428	322
			427	323
			426	324
			425	325
			424	326
			424	327
			423	327
			422	328
			422	329
			421	329
			420	330
			419	331
			418	332
			417	333
			416	334
			415	334
			414	335
			413	336
			412	337
			411	337
			410	338
			409	339
			408	339
			407	340
			406	341
			405	342
			404	342
			403	343
			402	344
			401	344
			400	345
			399	346
			398	346
			397	347
			396	347
			395	348
			394	348
			393	349
			392	350
			391	350
			390	350
			389	351
			388	351
			387	352
			386	352
			385	353
			384	353
			383	353
			383	354
			382	354
			381	354
			380	355
			379	355
			378	355
			377	356
			376	356
			375	357
			374	357
			373	357
			372	357
			371	358
			370	358
			369	358
			368	358
			367	359
			366	359
			365	359
			364	359
			363	359
			362	359
			361	360
			360	360
			359	360
			358	360
			357	360
			356	360
			355	360
			354	360
			353	360
			352	360
			351	360
			350	360
			349	360
			348	360
			347	360
			346	360
			345	360
			344	360
			343	360
			342	360
			341	360
			340	360
			339	360
			338	360
			337	359
			336	359
			335	359
			334	359
			333	359
			332	358
			331	358
			330	358
			329	358
			328	357
			327	357
		</anal>
		<ventral_body type=matrix rownames=FALSE colnames=FALSE nrow=280 ncol=2 as.numeric=TRUE >
			327	357
			326	357
			325	357
			324	357
			323	357
			322	357
			321	356
			320	356
			319	356
			318	356
			317	356
			316	356
			315	356
			314	356
			313	356
			312	356
			311	356
			311	357
			312	358
			312	359
			312	360
			312	361
			313	362
			313	363
			313	364
			313	365
			313	366
			314	367
			314	368
			314	369
			314	370
			314	371
			314	372
			314	373
			315	374
			315	375
			315	376
			315	377
			315	378
			314	378
			314	379
			313	379
			312	380
			311	380
			310	381
			309	381
			308	381
			307	381
			306	381
			305	382
			304	382
			303	382
			302	382
			301	382
			300	382
			299	382
			298	382
			297	382
			296	382
			295	382
			294	382
			293	381
			292	381
			291	381
			290	381
			289	380
			288	380
			287	380
			286	380
			285	380
			284	379
			283	379
			282	379
			281	379
			280	378
			279	378
			278	378
			277	377
			276	377
			275	377
			274	376
			273	376
			272	376
			271	375
			270	375
			269	375
			268	374
			267	374
			266	373
			265	373
			264	372
			263	372
			262	371
			261	371
			260	370
			259	370
			258	369
			257	368
			256	367
			256	366
			255	365
			254	364
			253	363
			252	362
			251	361
			250	360
			250	359
			249	358
			248	357
			247	356
			246	355
			245	354
			244	353
			244	352
			243	352
			243	351
			242	350
			241	349
			240	348
			240	347
			239	346
			238	345
			237	344
			236	343
			235	342
			235	341
			234	340
			233	339
			233	338
			232	338
			232	337
			231	336
			230	335
			229	334
			228	333
			228	332
			227	331
			226	330
			225	329
			224	328
			224	327
			223	326
			222	325
			221	324
			220	323
			220	322
			219	321
			218	320
			218	319
			217	319
			217	318
			216	317
			215	316
			214	315
			214	314
			213	313
			213	312
			212	312
			212	311
			211	310
			210	309
			209	308
			209	307
			208	306
			208	305
			207	305
			206	304
			206	303
			205	302
			205	301
			204	300
			203	300
			203	299
			202	298
			202	297
			201	296
			200	295
			200	294
			199	293
			198	292
			198	291
			197	290
			196	289
			196	288
			195	287
			195	286
			194	286
			193	285
			193	284
			192	283
			192	282
			191	281
			190	280
			190	279
			189	279
			189	278
			188	277
			188	276
			187	275
			187	274
			186	274
			186	273
			185	272
			185	271
			184	270
			183	269
			183	268
			182	267
			182	266
			181	265
			181	264
			180	264
			180	263
			179	262
			179	261
			178	260
			178	259
			178	258
			178	257
			177	256
			177	255
			177	254
			177	253
			177	252
			177	251
			177	250
			176	249
			176	248
			176	247
			176	246
			175	245
			175	244
			175	243
			175	242
			174	241
			174	240
			174	239
			174	238
			173	237
			173	236
			173	235
			172	234
			172	233
			172	232
			171	231
			171	230
			171	229
			170	228
			170	227
			169	226
			169	225
			169	224
			168	223
			168	222
			167	221
			167	220
			166	219
			166	218
			165	217
			165	216
			164	215
			164	214
			163	213
			163	212
			162	211
			161	210
			161	209
			161	208
			160	208
			160	207
			160	206
			159	206
			159	205
			159	204
			158	204
			158	203
			158	202
			157	201
			157	200
			156	199
		</ventral_body>
		<operculum type=matrix rownames=FALSE colnames=FALSE nrow=20 ncol=2 as.numeric=TRUE >
			255	221
			255	220
			256	219
			257	218
			257	217
			257	216
			258	215
			258	214
			259	213
			259	212
			259	211
			260	210
			260	209
			261	208
			261	207
			262	206
			262	205
			263	204
			263	203
			264	202
		</operculum>
	</curves.pixel>
</shapes>

