<shapes type=list>
	<scaling type=logical names=FALSE length=1 as.numeric=FALSE >NA</scaling>
	<landmarks.pixel type=matrix rownames=TRUE colnames=FALSE nrow=17 ncol=2 as.numeric=TRUE >
		pectoral_dors	202	130
		pectoral_vent	227	169
		premax_post	47	187
		eye_ant	130	102
		eye_post	168	98
		upper_jaw	45	181
		dorsal_ant	344	90
		dorsal_post	371	115
		caud_pedunc_dors	443	136
		caud_scale_dors	473	127
		caud_scale_vent	478	203
		caud_pedunc_vent	450	208
		anal_post	390	225
		anal_ant	356	247
		lower_jaw	44	193
		operc_vent	192	143
		oper_dor	202	116
	</landmarks.pixel>
	<curves.control type=list>
		<head type=matrix rownames=FALSE colnames=FALSE nrow=15 ncol=2 as.numeric=TRUE >
			45	181
			51	170
			70	155
			88	141
			94	128
			116	113
			132	94
			160	78
			197	68
			228	60
			269	68
			304	82
			328	89
			338	91
			344	90
		</head>
		<dorsal type=matrix rownames=FALSE colnames=FALSE nrow=3 ncol=2 as.numeric=TRUE >
			344	90
			357	103
			371	115
		</dorsal>
		<caudal_dors_ant type=matrix rownames=FALSE colnames=FALSE nrow=5 ncol=2 as.numeric=TRUE >
			371	115
			387	125
			405	131
			428	134
			443	136
		</caudal_dors_ant>
		<caud_dors_post type=matrix rownames=FALSE colnames=FALSE nrow=3 ncol=2 as.numeric=TRUE >
			443	136
			458	131
			473	127
		</caud_dors_post>
		<caud_vent_post type=matrix rownames=FALSE colnames=FALSE nrow=3 ncol=2 as.numeric=TRUE >
			478	203
			464	206
			450	208
		</caud_vent_post>
		<caudal_vent_ant type=matrix rownames=FALSE colnames=FALSE nrow=5 ncol=2 as.numeric=TRUE >
			450	208
			432	213
			408	217
			396	221
			390	225
		</caudal_vent_ant>
		<anal type=matrix rownames=FALSE colnames=FALSE nrow=5 ncol=2 as.numeric=TRUE >
			390	225
			379	229
			370	233
			362	241
			356	247
		</anal>
		<ventral_body type=matrix rownames=FALSE colnames=FALSE nrow=17 ncol=2 as.numeric=TRUE >
			356	247
			346	245
			327	248
			310	246
			269	253
			228	258
			202	252
			161	239
			135	231
			120	227
			103	227
			86	220
			73	216
			64	213
			54	207
			48	201
			44	193
		</ventral_body>
		<operculum type=matrix rownames=FALSE colnames=FALSE nrow=3 ncol=2 as.numeric=TRUE >
			192	143
			191	131
			202	116
		</operculum>
	</curves.control>
	<curves.pixel type=list>
		<head type=matrix rownames=FALSE colnames=FALSE nrow=323 ncol=2 as.numeric=TRUE >
			45	181
			46	180
			46	179
			47	178
			47	177
			48	176
			49	175
			49	174
			50	173
			51	172
			52	171
			53	170
			54	169
			55	168
			56	167
			57	166
			58	165
			59	164
			60	163
			61	163
			62	162
			62	161
			63	161
			64	160
			65	159
			66	158
			67	158
			67	157
			68	156
			69	156
			70	155
			71	154
			72	153
			73	153
			74	152
			74	151
			75	151
			76	150
			77	149
			78	148
			79	147
			80	147
			81	146
			82	145
			82	144
			83	143
			84	143
			85	142
			85	141
			86	140
			87	139
			88	138
			89	137
			89	136
			90	135
			91	134
			91	133
			92	132
			92	131
			93	130
			93	129
			94	129
			95	128
			96	127
			97	126
			98	125
			99	125
			100	124
			101	123
			102	122
			103	121
			104	120
			105	120
			106	119
			107	118
			108	118
			108	117
			109	117
			110	116
			111	115
			112	114
			113	113
			114	112
			115	111
			116	110
			117	110
			118	109
			119	108
			120	107
			121	106
			122	105
			123	104
			123	103
			124	103
			125	102
			126	101
			126	100
			127	99
			128	99
			129	98
			129	97
			130	96
			131	95
			132	95
			132	94
			133	93
			134	93
			135	93
			135	92
			136	92
			137	91
			138	91
			139	90
			140	90
			141	89
			142	89
			143	88
			144	88
			145	87
			146	87
			147	86
			148	86
			148	85
			149	85
			150	85
			151	84
			152	84
			153	83
			154	83
			155	82
			156	82
			157	82
			158	81
			159	81
			160	80
			161	80
			162	79
			163	79
			164	79
			165	78
			166	78
			167	77
			168	77
			169	77
			170	77
			171	76
			172	76
			173	76
			174	75
			175	75
			176	74
			177	74
			178	74
			179	73
			180	73
			181	73
			182	73
			183	72
			184	72
			185	72
			185	71
			186	71
			187	71
			188	70
			189	70
			190	70
			191	70
			192	69
			193	69
			194	69
			195	68
			196	68
			197	68
			198	68
			199	68
			200	67
			201	67
			202	67
			203	67
			204	66
			205	66
			206	66
			207	66
			208	66
			209	66
			210	65
			211	65
			212	65
			213	65
			214	65
			215	65
			216	65
			217	65
			218	65
			219	64
			220	64
			221	64
			222	64
			223	64
			224	64
			225	64
			226	64
			227	64
			228	64
			229	64
			230	64
			231	64
			232	64
			233	64
			234	64
			235	64
			236	64
			237	64
			238	64
			239	64
			240	64
			241	64
			242	64
			243	64
			244	65
			245	65
			246	65
			247	65
			248	65
			249	65
			250	65
			251	65
			252	65
			253	65
			254	66
			255	66
			256	66
			257	66
			258	66
			259	66
			260	66
			261	67
			262	67
			263	67
			264	67
			265	67
			266	67
			267	68
			268	68
			269	68
			270	68
			271	69
			272	69
			273	70
			274	70
			275	70
			276	71
			277	71
			278	72
			279	72
			280	72
			281	73
			282	73
			283	73
			284	74
			285	74
			286	75
			287	75
			288	75
			289	76
			290	76
			291	77
			292	77
			293	77
			294	78
			295	78
			296	78
			297	79
			298	79
			299	79
			299	80
			300	80
			301	80
			302	80
			302	81
			303	81
			304	81
			305	81
			305	82
			306	82
			307	82
			308	83
			309	83
			310	83
			311	84
			312	84
			313	84
			314	85
			315	85
			316	85
			317	86
			318	86
			319	86
			320	87
			321	87
			322	87
			323	87
			324	88
			325	88
			326	89
			327	89
			328	89
			329	89
			330	89
			331	90
			332	90
			333	90
			334	90
			335	90
			336	90
			337	90
			338	90
			339	90
			340	90
			341	90
			342	90
			343	90
			344	90
		</head>
		<dorsal type=matrix rownames=FALSE colnames=FALSE nrow=31 ncol=2 as.numeric=TRUE >
			344	90
			345	91
			346	92
			347	93
			348	94
			349	95
			350	95
			350	96
			351	97
			352	98
			353	99
			354	100
			355	100
			356	101
			357	102
			357	103
			358	104
			359	105
			360	105
			361	106
			362	107
			363	108
			364	109
			365	109
			365	110
			366	111
			367	112
			368	113
			369	113
			370	114
			371	115
		</dorsal>
		<caudal_dors_ant type=matrix rownames=FALSE colnames=FALSE nrow=73 ncol=2 as.numeric=TRUE >
			371	115
			372	116
			373	116
			374	117
			375	118
			376	118
			377	119
			378	119
			379	120
			380	120
			381	121
			382	121
			383	122
			384	122
			385	123
			386	123
			387	124
			388	124
			389	125
			390	125
			391	126
			392	126
			393	126
			394	127
			395	127
			396	128
			397	128
			398	128
			399	129
			400	129
			401	129
			402	130
			403	130
			404	131
			405	131
			406	131
			407	131
			408	131
			409	131
			410	132
			411	132
			412	132
			413	132
			414	132
			415	132
			416	132
			417	133
			418	133
			419	133
			420	133
			421	133
			422	133
			423	133
			424	133
			425	134
			426	134
			427	134
			428	134
			429	134
			430	134
			431	134
			432	135
			433	135
			434	135
			435	135
			436	135
			437	135
			438	135
			439	135
			440	136
			441	136
			442	136
			443	136
		</caudal_dors_ant>
		<caud_dors_post type=matrix rownames=FALSE colnames=FALSE nrow=32 ncol=2 as.numeric=TRUE >
			443	136
			444	136
			445	135
			446	135
			447	135
			448	134
			449	134
			450	134
			451	134
			452	133
			453	133
			454	133
			454	132
			455	132
			456	132
			457	131
			458	131
			459	131
			460	131
			461	130
			462	130
			463	130
			464	129
			465	129
			466	129
			467	129
			468	128
			469	128
			470	128
			471	128
			472	127
			473	127
		</caud_dors_post>
		<caud_vent_post type=matrix rownames=FALSE colnames=FALSE nrow=29 ncol=2 as.numeric=TRUE >
			478	203
			477	203
			476	203
			475	204
			474	204
			473	204
			472	204
			471	204
			470	205
			469	205
			468	205
			467	205
			466	205
			465	206
			464	206
			463	206
			462	206
			461	206
			460	206
			459	207
			458	207
			457	207
			456	207
			455	207
			454	207
			453	208
			452	208
			451	208
			450	208
		</caud_vent_post>
		<caudal_vent_ant type=matrix rownames=FALSE colnames=FALSE nrow=62 ncol=2 as.numeric=TRUE >
			450	208
			449	208
			448	209
			447	209
			446	209
			445	209
			444	210
			443	210
			442	210
			441	210
			440	211
			439	211
			438	211
			437	211
			436	212
			435	212
			434	212
			433	212
			432	212
			431	213
			430	213
			429	213
			428	213
			427	214
			426	214
			425	214
			424	214
			423	214
			422	215
			421	215
			420	215
			419	215
			418	215
			417	215
			416	216
			415	216
			414	216
			413	216
			412	216
			411	217
			410	217
			409	217
			408	217
			407	217
			406	218
			405	218
			404	218
			404	219
			403	219
			402	219
			401	219
			400	220
			399	220
			398	221
			397	221
			396	222
			395	222
			394	223
			393	223
			392	224
			391	224
			390	225
		</caudal_vent_ant>
		<anal type=matrix rownames=FALSE colnames=FALSE nrow=36 ncol=2 as.numeric=TRUE >
			390	225
			389	225
			388	226
			387	226
			386	227
			385	227
			384	227
			383	228
			382	228
			381	228
			380	229
			379	229
			378	230
			377	230
			376	230
			375	231
			374	231
			373	232
			372	232
			371	232
			371	233
			370	233
			369	234
			368	235
			367	236
			366	237
			365	238
			364	239
			363	240
			362	241
			361	242
			360	243
			359	244
			358	245
			357	246
			356	247
		</anal>
		<ventral_body type=matrix rownames=FALSE colnames=FALSE nrow=325 ncol=2 as.numeric=TRUE >
			356	247
			355	247
			354	247
			353	247
			352	246
			351	246
			350	246
			349	246
			348	246
			347	246
			346	246
			345	246
			344	246
			343	246
			342	246
			341	246
			340	246
			339	247
			338	247
			337	247
			336	247
			335	247
			334	247
			333	247
			332	247
			331	247
			330	248
			329	248
			328	248
			327	248
			326	248
			325	248
			324	248
			323	248
			322	248
			321	248
			320	248
			319	248
			318	248
			317	248
			316	248
			315	248
			314	248
			313	248
			312	248
			311	248
			310	248
			309	248
			308	248
			307	248
			306	248
			305	248
			304	248
			303	248
			302	248
			301	249
			300	249
			299	249
			298	249
			297	249
			296	249
			295	249
			294	249
			293	249
			292	250
			291	250
			290	250
			289	250
			288	250
			287	250
			286	250
			285	251
			284	251
			283	251
			282	251
			281	251
			280	251
			279	251
			278	252
			277	252
			276	252
			275	252
			274	252
			273	252
			272	253
			271	253
			270	253
			269	253
			268	253
			267	253
			266	253
			265	253
			264	254
			263	254
			262	254
			261	254
			260	254
			259	254
			258	254
			257	254
			256	254
			255	254
			254	254
			254	255
			253	255
			252	255
			251	255
			250	255
			249	255
			248	255
			247	255
			246	255
			245	255
			244	255
			243	255
			242	255
			241	255
			240	255
			239	255
			238	255
			237	255
			236	255
			235	255
			234	255
			233	255
			232	255
			231	255
			230	255
			229	255
			228	255
			227	255
			226	255
			225	255
			224	255
			223	255
			222	255
			221	255
			220	255
			219	255
			218	254
			217	254
			216	254
			215	254
			214	254
			213	254
			212	254
			211	254
			210	254
			209	253
			208	253
			207	253
			206	253
			205	253
			204	252
			203	252
			202	252
			201	252
			200	251
			199	251
			198	251
			197	250
			196	250
			195	250
			194	249
			193	249
			192	249
			191	248
			190	248
			189	248
			188	247
			187	247
			186	247
			185	246
			184	246
			183	246
			182	246
			181	245
			180	245
			179	245
			178	244
			177	244
			176	244
			175	243
			174	243
			173	243
			172	243
			171	242
			170	242
			169	242
			169	241
			168	241
			167	241
			166	241
			165	240
			164	240
			163	240
			162	240
			162	239
			161	239
			160	239
			159	238
			158	238
			157	238
			156	238
			156	237
			155	237
			154	237
			153	237
			152	236
			151	236
			150	236
			149	235
			148	235
			147	235
			146	234
			145	234
			144	234
			143	234
			143	233
			142	233
			141	233
			140	233
			139	232
			138	232
			137	232
			137	231
			136	231
			135	231
			134	231
			133	230
			132	230
			131	230
			130	230
			129	230
			128	229
			127	229
			126	229
			125	229
			124	229
			123	228
			122	228
			121	228
			120	228
			119	228
			118	228
			117	228
			116	228
			115	227
			114	227
			113	227
			112	227
			111	227
			110	227
			109	227
			108	227
			107	227
			106	227
			105	227
			104	227
			103	227
			102	227
			101	226
			100	226
			99	225
			98	225
			97	225
			96	224
			95	224
			94	223
			93	223
			92	223
			91	222
			90	222
			89	222
			88	221
			87	221
			86	220
			85	220
			84	220
			83	219
			82	219
			81	218
			80	218
			79	218
			78	217
			77	217
			76	217
			75	217
			74	216
			73	216
			72	216
			71	215
			70	215
			69	214
			68	214
			67	214
			66	213
			65	213
			64	212
			63	212
			62	211
			61	211
			60	210
			59	210
			58	209
			57	209
			56	208
			55	208
			54	207
			53	206
			52	205
			51	204
			50	203
			50	202
			49	201
			48	200
			47	199
			47	198
			46	197
			46	196
			45	196
			45	195
			45	194
			44	194
			44	193
		</ventral_body>
		<operculum type=matrix rownames=FALSE colnames=FALSE nrow=29 ncol=2 as.numeric=TRUE >
			192	143
			192	142
			192	141
			192	140
			192	139
			192	138
			192	137
			192	136
			193	135
			193	134
			193	133
			193	132
			194	131
			194	130
			194	129
			195	129
			195	128
			195	127
			196	126
			196	125
			197	124
			198	123
			198	122
			199	121
			199	120
			200	119
			201	118
			202	117
			202	116
		</operculum>
	</curves.pixel>
</shapes>

