<shapes type=list>
	<scaling type=logical names=FALSE length=1 as.numeric=FALSE >NA</scaling>
	<landmarks.pixel type=matrix rownames=TRUE colnames=FALSE nrow=17 ncol=2 as.numeric=TRUE >
		pectoral_dors	491	554
		pectoral_vent	507	627
		premax_post	72	483
		eye_ant	288	377
		eye_post	384	381
		upper_jaw	37	452
		dorsal_ant	955	254
		dorsal_post	1372	423
		caud_pedunc_dors	1534	477
		caud_scale_dors	1617	449
		caud_scale_vent	1627	653
		caud_pedunc_vent	1545	641
		anal_post	1382	692
		anal_ant	1004	797
		lower_jaw	33	477
		operc_vent	460	571
		oper_dor	497	472
	</landmarks.pixel>
	<curves.control type=list>
		<head type=matrix rownames=FALSE colnames=FALSE nrow=13 ncol=2 as.numeric=TRUE >
			37	452
			61	421
			89	405
			146	364
			257	309
			383	272
			513	245
			602	253
			690	253
			831	254
			880	262
			924	262
			955	254
		</head>
		<dorsal type=matrix rownames=FALSE colnames=FALSE nrow=5 ncol=2 as.numeric=TRUE >
			955	254
			1086	297
			1205	331
			1288	373
			1372	423
		</dorsal>
		<caudal_dors_ant type=matrix rownames=FALSE colnames=FALSE nrow=5 ncol=2 as.numeric=TRUE >
			1372	423
			1419	451
			1453	466
			1499	476
			1534	477
		</caudal_dors_ant>
		<caud_dors_post type=matrix rownames=FALSE colnames=FALSE nrow=5 ncol=2 as.numeric=TRUE >
			1534	477
			1561	467
			1583	455
			1599	449
			1617	449
		</caud_dors_post>
		<caud_vent_post type=matrix rownames=FALSE colnames=FALSE nrow=3 ncol=2 as.numeric=TRUE >
			1627	653
			1582	648
			1545	641
		</caud_vent_post>
		<caudal_vent_ant type=matrix rownames=FALSE colnames=FALSE nrow=3 ncol=2 as.numeric=TRUE >
			1545	641
			1462	655
			1382	692
		</caudal_vent_ant>
		<anal type=matrix rownames=FALSE colnames=FALSE nrow=5 ncol=2 as.numeric=TRUE >
			1382	692
			1274	733
			1200	766
			1091	789
			1004	797
		</anal>
		<ventral_body type=matrix rownames=FALSE colnames=FALSE nrow=15 ncol=2 as.numeric=TRUE >
			1004	797
			949	810
			829	820
			701	831
			540	807
			370	761
			272	723
			192	684
			148	657
			99	597
			77	579
			41	545
			33	516
			28	497
			33	477
		</ventral_body>
		<operculum type=matrix rownames=FALSE colnames=FALSE nrow=5 ncol=2 as.numeric=TRUE >
			460	571
			464	535
			467	516
			485	492
			497	472
		</operculum>
	</curves.control>
	<curves.pixel type=list>
		<head type=matrix rownames=FALSE colnames=FALSE nrow=943 ncol=2 as.numeric=TRUE >
			37	452
			38	451
			38	450
			39	450
			39	449
			40	448
			41	447
			42	446
			43	445
			44	444
			44	443
			45	442
			46	441
			47	440
			48	439
			49	438
			50	437
			51	436
			52	435
			53	434
			53	433
			54	432
			55	431
			56	430
			57	429
			58	428
			59	428
			60	427
			61	426
			62	425
			63	424
			64	423
			65	422
			66	421
			67	421
			67	420
			68	419
			69	419
			69	418
			70	418
			71	417
			72	417
			72	416
			73	416
			74	415
			75	414
			76	413
			77	413
			78	412
			79	411
			80	411
			81	410
			82	409
			83	408
			84	408
			85	407
			86	407
			87	406
			88	405
			89	405
			90	404
			91	403
			92	403
			93	402
			94	402
			95	401
			95	400
			96	400
			97	399
			98	399
			99	398
			100	397
			101	396
			102	396
			103	395
			104	394
			105	394
			106	393
			107	392
			108	392
			109	391
			110	391
			111	390
			112	389
			113	388
			114	388
			115	387
			116	387
			116	386
			117	386
			118	385
			119	385
			120	384
			121	383
			122	383
			123	382
			124	382
			125	381
			126	380
			127	380
			128	379
			129	378
			130	378
			131	377
			132	377
			133	376
			134	375
			135	375
			136	374
			137	373
			138	373
			139	372
			140	372
			141	371
			142	370
			143	370
			144	370
			145	369
			146	368
			147	368
			148	367
			149	367
			150	366
			151	365
			152	365
			153	364
			154	364
			155	363
			156	363
			157	362
			158	361
			159	361
			160	360
			161	360
			162	359
			163	359
			164	358
			165	357
			166	357
			167	356
			168	356
			169	355
			170	355
			171	354
			172	353
			173	353
			174	352
			175	352
			176	351
			177	350
			178	350
			179	350
			179	349
			180	349
			181	349
			181	348
			182	348
			183	348
			183	347
			184	347
			185	347
			185	346
			186	346
			187	345
			188	345
			189	344
			190	344
			191	343
			192	343
			192	342
			193	342
			194	341
			195	341
			196	341
			196	340
			197	340
			198	339
			199	339
			200	338
			201	338
			201	337
			202	337
			203	337
			204	336
			205	336
			206	335
			207	334
			208	334
			209	333
			210	333
			211	332
			212	332
			213	331
			214	331
			215	330
			216	330
			217	329
			218	329
			219	328
			220	328
			221	327
			222	327
			223	326
			224	326
			225	325
			226	325
			227	324
			228	324
			229	323
			230	323
			231	322
			232	322
			233	321
			234	321
			235	320
			236	320
			236	319
			237	319
			238	318
			239	318
			240	317
			241	317
			242	316
			243	316
			244	315
			245	315
			246	315
			247	314
			248	314
			249	313
			250	313
			251	312
			252	312
			253	311
			254	311
			255	310
			256	310
			257	309
			258	309
			259	308
			260	308
			261	308
			262	307
			263	307
			264	307
			265	307
			266	306
			267	306
			268	306
			269	305
			270	305
			271	305
			272	305
			273	304
			274	304
			275	304
			276	303
			277	303
			278	303
			279	303
			280	302
			281	302
			282	302
			283	302
			284	301
			285	301
			286	301
			287	300
			288	300
			289	300
			290	300
			291	299
			292	299
			293	299
			294	299
			295	298
			296	298
			297	297
			298	297
			299	297
			300	297
			301	296
			302	296
			303	296
			304	296
			305	295
			306	295
			307	295
			308	294
			309	294
			310	294
			311	294
			312	293
			313	293
			314	293
			315	292
			316	292
			317	292
			318	292
			319	291
			320	291
			321	291
			322	291
			323	290
			324	290
			325	290
			326	289
			327	289
			328	289
			329	289
			330	288
			331	288
			332	288
			333	288
			334	287
			335	287
			336	287
			337	287
			338	286
			339	286
			340	286
			341	286
			341	285
			342	285
			343	285
			344	285
			345	284
			346	284
			347	284
			348	284
			349	284
			349	283
			350	283
			351	283
			352	283
			353	282
			354	282
			355	282
			356	282
			357	281
			358	281
			359	281
			360	280
			361	280
			362	280
			363	280
			364	279
			365	279
			366	279
			367	279
			368	279
			369	278
			370	278
			371	278
			372	278
			373	277
			374	277
			375	277
			376	276
			377	276
			378	276
			379	276
			380	275
			381	275
			382	275
			383	275
			384	275
			384	274
			385	274
			386	274
			387	274
			388	273
			389	273
			390	273
			391	273
			392	272
			393	272
			394	272
			395	272
			396	272
			397	271
			398	271
			399	271
			400	271
			401	270
			402	270
			403	270
			404	270
			405	269
			406	269
			407	269
			408	269
			409	268
			410	268
			411	268
			412	268
			413	267
			414	267
			415	267
			416	267
			417	266
			418	266
			419	266
			420	266
			421	265
			422	265
			423	265
			424	265
			425	265
			426	264
			427	264
			428	264
			429	264
			430	263
			431	263
			432	263
			433	263
			434	262
			435	262
			436	262
			437	262
			438	262
			439	261
			440	261
			441	261
			442	261
			443	260
			444	260
			445	260
			446	260
			447	259
			448	259
			449	259
			450	259
			451	259
			452	258
			453	258
			454	258
			455	258
			456	257
			457	257
			458	257
			459	257
			460	257
			461	256
			462	256
			463	256
			464	256
			465	255
			466	255
			467	255
			468	255
			469	254
			470	254
			471	254
			472	254
			473	253
			474	253
			475	253
			476	253
			477	253
			478	253
			479	252
			480	252
			481	252
			482	252
			483	251
			484	251
			485	251
			486	251
			487	251
			487	250
			488	250
			489	250
			490	250
			491	250
			492	249
			493	249
			494	249
			495	249
			496	249
			497	248
			498	248
			499	248
			500	248
			501	248
			501	247
			502	247
			503	247
			504	247
			505	247
			506	246
			507	246
			508	246
			509	246
			510	246
			511	245
			512	245
			513	245
			514	245
			515	245
			516	245
			517	245
			518	245
			519	246
			520	246
			521	246
			522	246
			523	246
			524	246
			525	246
			526	246
			527	246
			528	246
			529	246
			530	246
			531	247
			532	247
			533	247
			534	247
			535	247
			536	247
			537	247
			538	247
			539	247
			540	247
			541	247
			542	247
			543	247
			544	248
			545	248
			546	248
			547	248
			548	248
			549	248
			550	248
			551	248
			552	248
			553	248
			554	248
			555	248
			556	248
			557	248
			558	249
			559	249
			560	249
			561	249
			562	249
			563	249
			564	249
			565	249
			566	249
			567	249
			568	249
			569	249
			570	249
			571	249
			572	249
			573	249
			574	250
			575	250
			576	250
			577	250
			578	250
			579	250
			580	250
			581	250
			582	250
			583	250
			584	250
			585	250
			586	250
			587	250
			588	250
			589	250
			590	250
			591	250
			591	251
			592	251
			593	251
			594	251
			595	251
			596	251
			597	251
			598	251
			599	251
			600	251
			601	251
			602	251
			603	251
			604	251
			605	251
			606	251
			607	251
			608	251
			609	251
			610	251
			611	251
			612	251
			613	251
			614	252
			615	252
			616	252
			617	252
			618	252
			619	252
			620	252
			621	252
			622	252
			623	252
			624	252
			625	252
			626	252
			627	252
			628	252
			629	252
			630	252
			631	252
			632	252
			633	252
			634	252
			635	252
			636	252
			637	252
			638	252
			639	252
			640	252
			641	252
			642	252
			643	252
			644	252
			645	252
			646	253
			647	253
			648	253
			649	253
			650	253
			651	253
			652	253
			653	253
			654	253
			655	253
			656	253
			657	253
			658	253
			659	253
			660	253
			661	253
			662	253
			663	253
			664	253
			665	253
			666	253
			667	253
			668	253
			669	253
			670	253
			671	253
			672	253
			673	253
			674	253
			675	253
			676	253
			677	253
			678	253
			679	253
			680	253
			681	253
			682	253
			683	253
			684	253
			685	253
			686	253
			687	253
			688	253
			689	253
			690	253
			691	253
			692	253
			693	253
			694	253
			695	253
			696	253
			697	253
			698	253
			699	253
			700	253
			701	253
			702	253
			703	253
			704	253
			705	253
			706	253
			707	253
			708	253
			709	253
			710	253
			711	253
			712	253
			713	253
			714	253
			715	253
			716	253
			717	253
			718	253
			719	253
			720	253
			721	253
			722	253
			723	253
			724	253
			725	253
			726	253
			727	253
			728	253
			729	253
			730	253
			731	253
			732	253
			733	253
			734	254
			735	254
			736	254
			737	254
			738	254
			739	254
			740	254
			741	254
			742	254
			743	254
			744	254
			745	254
			746	254
			747	254
			748	254
			749	254
			750	254
			751	254
			752	254
			753	254
			754	254
			755	254
			756	254
			757	254
			758	254
			759	254
			760	254
			761	254
			762	254
			763	254
			764	254
			765	254
			766	254
			767	254
			768	254
			769	254
			770	254
			771	254
			772	254
			773	254
			774	254
			775	254
			776	255
			777	255
			778	255
			779	255
			780	255
			781	255
			782	255
			783	255
			784	255
			785	255
			786	255
			787	255
			788	255
			789	255
			790	255
			791	255
			792	255
			793	255
			794	255
			795	255
			796	255
			797	255
			798	255
			799	255
			800	255
			801	255
			802	255
			803	256
			804	256
			805	256
			806	256
			807	256
			808	256
			809	256
			810	256
			811	256
			812	256
			813	256
			814	256
			815	256
			816	256
			817	256
			818	256
			819	256
			820	256
			821	256
			822	256
			823	257
			824	257
			825	257
			826	257
			827	257
			828	257
			829	257
			830	257
			831	257
			832	257
			833	257
			834	257
			835	257
			836	257
			837	257
			838	258
			839	258
			840	258
			841	258
			842	258
			843	258
			844	258
			845	258
			846	258
			847	258
			848	258
			849	258
			850	258
			851	259
			852	259
			853	259
			854	259
			855	259
			856	259
			857	259
			858	259
			859	259
			860	259
			861	259
			861	260
			862	260
			863	260
			864	260
			865	260
			866	260
			867	260
			868	260
			869	260
			870	261
			871	261
			872	261
			873	261
			874	261
			875	261
			876	261
			877	262
			878	262
			879	262
			880	262
			881	262
			882	262
			883	262
			884	262
			885	262
			886	262
			887	262
			888	262
			889	262
			890	262
			891	262
			892	262
			893	262
			894	262
			895	262
			896	262
			897	262
			898	262
			899	262
			900	262
			901	262
			902	261
			903	261
			904	261
			905	261
			906	261
			907	261
			908	261
			909	261
			910	261
			911	261
			912	261
			913	261
			914	261
			915	261
			916	260
			917	260
			918	260
			919	260
			920	260
			921	260
			922	260
			923	260
			924	260
			925	260
			926	259
			927	259
			928	259
			929	259
			930	259
			931	259
			932	259
			933	258
			934	258
			935	258
			936	258
			937	258
			938	258
			939	257
			940	257
			941	257
			942	257
			943	257
			944	256
			945	256
			946	256
			947	256
			948	256
			949	256
			950	255
			951	255
			952	255
			953	254
			954	254
			955	254
		</head>
		<dorsal type=matrix rownames=FALSE colnames=FALSE nrow=422 ncol=2 as.numeric=TRUE >
			955	254
			956	254
			957	255
			958	255
			959	255
			960	256
			961	256
			962	256
			963	257
			964	257
			965	257
			966	258
			967	258
			968	258
			969	259
			970	259
			971	259
			972	260
			973	260
			974	260
			975	261
			976	261
			977	261
			978	262
			979	262
			980	262
			981	263
			982	263
			983	263
			984	264
			985	264
			986	264
			987	264
			988	265
			989	265
			990	265
			991	266
			992	266
			993	266
			994	267
			995	267
			996	267
			997	268
			998	268
			999	268
			1000	269
			1001	269
			1002	269
			1003	270
			1004	270
			1005	270
			1006	271
			1007	271
			1008	271
			1009	271
			1010	272
			1011	272
			1012	272
			1013	273
			1014	273
			1015	273
			1016	274
			1017	274
			1018	274
			1019	275
			1020	275
			1021	275
			1022	276
			1023	276
			1024	276
			1025	276
			1026	277
			1027	277
			1028	278
			1029	278
			1030	278
			1031	278
			1032	279
			1033	279
			1034	279
			1035	280
			1036	280
			1037	280
			1037	281
			1038	281
			1039	281
			1040	281
			1041	282
			1042	282
			1043	282
			1044	283
			1045	283
			1046	283
			1047	284
			1048	284
			1049	284
			1050	285
			1051	285
			1052	285
			1053	286
			1054	286
			1055	286
			1056	286
			1057	287
			1058	287
			1059	287
			1060	288
			1061	288
			1062	288
			1063	289
			1064	289
			1065	289
			1066	290
			1067	290
			1068	290
			1069	291
			1070	291
			1071	291
			1072	291
			1073	292
			1074	292
			1075	292
			1076	293
			1077	293
			1078	293
			1079	294
			1080	294
			1081	294
			1082	295
			1083	295
			1084	295
			1085	295
			1086	296
			1087	296
			1088	296
			1089	297
			1090	297
			1091	297
			1092	298
			1093	298
			1094	298
			1095	298
			1096	299
			1097	299
			1098	299
			1099	300
			1100	300
			1101	300
			1102	301
			1103	301
			1104	301
			1105	301
			1106	302
			1107	302
			1108	302
			1109	303
			1110	303
			1111	303
			1112	304
			1113	304
			1114	304
			1115	304
			1116	305
			1117	305
			1118	305
			1119	306
			1120	306
			1121	306
			1122	306
			1122	307
			1123	307
			1124	307
			1125	308
			1126	308
			1127	308
			1128	309
			1129	309
			1130	309
			1131	309
			1132	310
			1133	310
			1134	310
			1135	311
			1136	311
			1137	311
			1138	311
			1139	312
			1140	312
			1141	312
			1142	313
			1143	313
			1144	313
			1145	313
			1146	314
			1147	314
			1148	314
			1149	315
			1150	315
			1151	315
			1152	315
			1153	316
			1154	316
			1155	317
			1156	317
			1157	317
			1158	317
			1159	318
			1160	318
			1161	318
			1162	319
			1163	319
			1164	319
			1165	319
			1166	320
			1167	320
			1168	320
			1169	321
			1170	321
			1171	321
			1172	322
			1173	322
			1174	322
			1175	322
			1176	323
			1177	323
			1178	323
			1179	324
			1180	324
			1181	324
			1182	324
			1183	325
			1184	325
			1185	325
			1186	326
			1187	326
			1188	326
			1189	326
			1190	327
			1191	327
			1192	327
			1193	328
			1194	328
			1195	328
			1196	328
			1197	329
			1198	329
			1199	329
			1200	330
			1201	330
			1202	330
			1203	330
			1204	331
			1205	331
			1206	332
			1207	332
			1208	332
			1209	333
			1210	334
			1211	334
			1212	335
			1213	335
			1214	336
			1215	336
			1216	337
			1217	337
			1218	338
			1219	338
			1220	339
			1221	339
			1222	340
			1223	340
			1224	341
			1225	341
			1226	342
			1227	342
			1228	343
			1229	343
			1230	344
			1231	344
			1232	345
			1233	345
			1234	346
			1235	346
			1236	347
			1237	347
			1238	348
			1239	348
			1240	349
			1241	349
			1242	350
			1243	350
			1244	351
			1245	351
			1246	352
			1247	353
			1248	353
			1249	354
			1250	354
			1251	355
			1252	355
			1253	356
			1254	356
			1254	357
			1255	357
			1256	358
			1257	358
			1258	359
			1259	359
			1260	360
			1261	360
			1262	361
			1263	361
			1264	362
			1265	363
			1266	363
			1267	364
			1268	364
			1269	365
			1270	365
			1271	366
			1272	366
			1273	367
			1274	367
			1275	368
			1276	368
			1277	369
			1278	369
			1279	370
			1280	371
			1281	371
			1282	372
			1283	372
			1284	373
			1285	373
			1286	374
			1287	374
			1288	375
			1289	375
			1290	376
			1291	377
			1292	377
			1293	378
			1294	378
			1295	379
			1296	379
			1297	380
			1298	380
			1299	381
			1300	381
			1301	382
			1302	383
			1303	383
			1304	384
			1305	384
			1306	385
			1307	385
			1308	386
			1309	386
			1310	387
			1311	388
			1312	388
			1313	389
			1314	389
			1315	390
			1316	390
			1317	391
			1318	391
			1319	392
			1320	393
			1321	393
			1322	394
			1323	394
			1324	395
			1325	395
			1326	396
			1327	397
			1328	397
			1329	398
			1330	398
			1331	399
			1332	399
			1333	400
			1334	400
			1335	401
			1336	402
			1337	402
			1337	403
			1338	403
			1339	404
			1340	404
			1341	405
			1342	406
			1343	406
			1344	407
			1345	407
			1346	408
			1347	409
			1348	409
			1349	410
			1350	410
			1351	411
			1352	411
			1353	412
			1354	413
			1355	413
			1356	414
			1357	414
			1358	415
			1359	415
			1360	416
			1361	417
			1362	417
			1363	418
			1364	418
			1365	419
			1366	420
			1367	420
			1368	421
			1369	421
			1370	422
			1371	423
			1372	423
		</dorsal>
		<caudal_dors_ant type=matrix rownames=FALSE colnames=FALSE nrow=175 ncol=2 as.numeric=TRUE >
			1372	423
			1373	424
			1374	424
			1375	425
			1376	426
			1377	426
			1378	427
			1379	427
			1380	428
			1381	428
			1381	429
			1382	429
			1383	429
			1383	430
			1384	430
			1385	430
			1385	431
			1386	431
			1387	432
			1388	433
			1389	433
			1390	434
			1391	434
			1392	434
			1392	435
			1393	435
			1394	436
			1395	436
			1395	437
			1396	437
			1397	437
			1398	438
			1399	439
			1400	439
			1401	440
			1402	440
			1403	441
			1404	441
			1405	442
			1406	443
			1407	443
			1408	444
			1409	444
			1410	445
			1411	445
			1412	446
			1413	446
			1414	447
			1415	447
			1416	448
			1417	448
			1418	449
			1419	449
			1420	450
			1421	450
			1422	451
			1423	451
			1424	452
			1425	452
			1426	453
			1427	453
			1427	454
			1428	454
			1429	455
			1430	455
			1431	456
			1432	456
			1433	457
			1434	457
			1435	457
			1436	458
			1437	459
			1438	459
			1439	460
			1440	460
			1441	460
			1441	461
			1442	461
			1443	461
			1443	462
			1444	462
			1445	462
			1446	463
			1447	464
			1448	464
			1449	464
			1450	464
			1450	465
			1451	465
			1452	465
			1452	466
			1453	466
			1454	466
			1455	466
			1456	467
			1457	467
			1458	467
			1459	467
			1460	467
			1461	468
			1462	468
			1463	468
			1464	468
			1465	469
			1466	469
			1467	469
			1468	469
			1469	469
			1470	470
			1471	470
			1472	470
			1473	470
			1474	470
			1475	470
			1476	471
			1477	471
			1478	471
			1479	471
			1480	471
			1481	471
			1481	472
			1482	472
			1483	472
			1484	472
			1485	472
			1486	472
			1487	472
			1488	473
			1489	473
			1490	473
			1491	473
			1492	473
			1493	473
			1494	474
			1495	474
			1496	474
			1497	474
			1498	474
			1499	474
			1500	474
			1501	474
			1502	474
			1502	475
			1503	475
			1504	475
			1505	475
			1506	475
			1507	475
			1508	475
			1509	475
			1510	475
			1511	475
			1512	476
			1513	476
			1514	476
			1515	476
			1516	476
			1517	476
			1518	476
			1519	476
			1520	476
			1521	476
			1522	476
			1523	476
			1524	477
			1525	477
			1526	477
			1527	477
			1528	477
			1529	477
			1530	477
			1531	477
			1532	477
			1533	477
			1534	477
		</caudal_dors_ant>
		<caud_dors_post type=matrix rownames=FALSE colnames=FALSE nrow=85 ncol=2 as.numeric=TRUE >
			1534	477
			1535	477
			1536	476
			1537	476
			1538	476
			1539	475
			1540	475
			1541	474
			1542	474
			1543	473
			1544	473
			1545	473
			1546	472
			1547	472
			1548	471
			1549	471
			1550	471
			1551	470
			1552	470
			1553	469
			1554	469
			1555	469
			1556	468
			1557	468
			1558	467
			1559	467
			1560	466
			1561	466
			1562	466
			1563	465
			1564	465
			1565	464
			1566	464
			1567	463
			1568	463
			1568	462
			1569	462
			1570	462
			1571	461
			1572	461
			1573	460
			1574	460
			1575	459
			1576	459
			1577	458
			1578	457
			1579	457
			1580	456
			1581	456
			1582	455
			1583	455
			1584	455
			1585	454
			1586	454
			1587	453
			1588	453
			1589	453
			1590	453
			1591	452
			1592	452
			1593	452
			1594	452
			1595	451
			1596	451
			1597	451
			1598	451
			1599	451
			1600	450
			1601	450
			1602	450
			1603	450
			1604	450
			1605	450
			1606	450
			1607	449
			1608	449
			1609	449
			1610	449
			1611	449
			1612	449
			1613	449
			1614	449
			1615	449
			1616	449
			1617	449
		</caud_dors_post>
		<caud_vent_post type=matrix rownames=FALSE colnames=FALSE nrow=85 ncol=2 as.numeric=TRUE >
			1627	653
			1626	653
			1625	653
			1624	653
			1623	653
			1622	652
			1621	652
			1620	652
			1619	652
			1618	652
			1617	652
			1616	652
			1615	652
			1614	652
			1614	651
			1613	651
			1612	651
			1611	651
			1610	651
			1609	651
			1608	651
			1607	651
			1606	651
			1605	650
			1604	650
			1603	650
			1602	650
			1601	650
			1600	650
			1599	650
			1598	649
			1597	649
			1596	649
			1595	649
			1594	649
			1593	649
			1592	649
			1591	649
			1590	648
			1589	648
			1588	648
			1587	648
			1586	648
			1585	648
			1584	648
			1584	647
			1583	647
			1582	647
			1581	647
			1580	647
			1579	647
			1578	647
			1577	646
			1576	646
			1575	646
			1574	646
			1573	646
			1572	646
			1571	646
			1570	645
			1569	645
			1568	645
			1567	645
			1566	645
			1565	644
			1564	644
			1563	644
			1562	644
			1561	644
			1560	644
			1559	643
			1558	643
			1557	643
			1556	643
			1555	643
			1554	643
			1553	643
			1552	642
			1551	642
			1550	642
			1549	642
			1548	641
			1547	641
			1546	641
			1545	641
		</caud_vent_post>
		<caudal_vent_ant type=matrix rownames=FALSE colnames=FALSE nrow=168 ncol=2 as.numeric=TRUE >
			1545	641
			1544	641
			1543	641
			1542	641
			1541	642
			1540	642
			1539	642
			1538	642
			1537	642
			1536	643
			1535	643
			1534	643
			1533	643
			1532	643
			1531	643
			1530	644
			1529	644
			1528	644
			1527	644
			1526	644
			1526	645
			1525	645
			1524	645
			1523	645
			1522	645
			1521	646
			1520	646
			1519	646
			1518	646
			1517	646
			1516	647
			1515	647
			1514	647
			1513	647
			1512	648
			1511	648
			1510	648
			1509	648
			1508	648
			1507	649
			1506	649
			1505	649
			1504	649
			1503	650
			1502	650
			1501	650
			1500	650
			1499	651
			1498	651
			1497	651
			1496	651
			1495	652
			1494	652
			1493	652
			1492	652
			1491	653
			1490	653
			1489	653
			1488	653
			1487	654
			1486	654
			1485	654
			1484	655
			1483	655
			1482	655
			1481	655
			1480	656
			1479	656
			1478	656
			1477	656
			1476	657
			1475	657
			1474	657
			1473	658
			1472	658
			1471	658
			1470	659
			1469	659
			1468	659
			1467	659
			1466	660
			1465	660
			1464	660
			1463	661
			1462	661
			1461	661
			1460	662
			1459	662
			1458	662
			1457	662
			1456	663
			1455	663
			1454	663
			1453	664
			1452	664
			1451	664
			1450	665
			1449	665
			1448	665
			1447	666
			1446	666
			1445	666
			1444	667
			1443	667
			1442	668
			1441	668
			1440	668
			1439	669
			1438	669
			1437	670
			1436	670
			1435	670
			1434	670
			1433	671
			1432	671
			1431	671
			1431	672
			1430	672
			1429	672
			1428	673
			1427	673
			1426	673
			1426	674
			1425	674
			1424	674
			1423	675
			1422	675
			1421	675
			1421	676
			1420	676
			1419	676
			1418	677
			1417	677
			1416	677
			1415	678
			1414	678
			1413	679
			1412	679
			1411	679
			1410	680
			1409	680
			1408	681
			1407	681
			1406	682
			1405	682
			1404	682
			1403	683
			1402	683
			1401	684
			1400	684
			1399	685
			1398	685
			1397	685
			1396	686
			1395	686
			1394	687
			1393	687
			1392	688
			1391	688
			1390	689
			1389	689
			1388	689
			1387	690
			1386	690
			1385	691
			1384	691
			1383	692
			1382	692
		</caudal_vent_ant>
		<anal type=matrix rownames=FALSE colnames=FALSE nrow=387 ncol=2 as.numeric=TRUE >
			1382	692
			1381	692
			1380	693
			1379	693
			1378	694
			1377	694
			1376	694
			1375	695
			1374	695
			1373	696
			1372	696
			1371	696
			1370	696
			1370	697
			1369	697
			1368	697
			1367	698
			1366	698
			1365	699
			1364	699
			1363	699
			1362	700
			1361	700
			1360	700
			1359	701
			1358	701
			1357	702
			1356	702
			1355	702
			1354	703
			1353	703
			1352	704
			1351	704
			1350	704
			1349	704
			1349	705
			1348	705
			1347	705
			1346	706
			1345	706
			1344	707
			1343	707
			1342	707
			1341	708
			1340	708
			1339	708
			1338	709
			1337	709
			1336	710
			1335	710
			1334	711
			1333	711
			1332	711
			1331	712
			1330	712
			1329	712
			1328	713
			1327	713
			1326	714
			1325	714
			1324	714
			1323	715
			1322	715
			1321	716
			1320	716
			1319	716
			1318	717
			1317	717
			1316	718
			1315	718
			1314	718
			1314	719
			1313	719
			1312	719
			1311	720
			1310	720
			1309	720
			1308	721
			1307	721
			1306	722
			1305	722
			1304	722
			1303	723
			1302	723
			1301	723
			1300	724
			1299	724
			1298	725
			1297	725
			1296	726
			1295	726
			1294	726
			1293	727
			1292	727
			1291	728
			1290	728
			1289	728
			1288	729
			1287	729
			1286	730
			1285	730
			1284	730
			1283	731
			1282	731
			1281	732
			1280	732
			1279	732
			1278	733
			1277	733
			1276	734
			1275	734
			1274	734
			1274	735
			1273	735
			1272	735
			1271	736
			1270	736
			1269	737
			1268	737
			1267	737
			1266	738
			1265	738
			1264	739
			1263	739
			1262	739
			1261	740
			1260	740
			1259	740
			1259	741
			1258	741
			1257	742
			1256	742
			1255	742
			1254	743
			1253	743
			1252	743
			1251	744
			1250	745
			1249	745
			1248	745
			1247	746
			1246	746
			1245	747
			1244	747
			1243	747
			1242	748
			1241	748
			1240	749
			1239	749
			1238	749
			1237	750
			1236	750
			1235	751
			1234	751
			1233	752
			1232	752
			1231	753
			1230	753
			1229	753
			1228	754
			1227	754
			1226	755
			1225	755
			1224	755
			1224	756
			1223	756
			1222	756
			1221	757
			1220	757
			1219	758
			1218	758
			1217	758
			1216	759
			1215	759
			1215	760
			1214	760
			1213	760
			1212	761
			1211	761
			1210	761
			1209	762
			1208	763
			1207	763
			1206	764
			1205	764
			1204	764
			1203	765
			1202	765
			1201	766
			1200	766
			1199	766
			1198	766
			1197	767
			1196	767
			1195	767
			1194	767
			1193	768
			1192	768
			1191	768
			1190	768
			1189	768
			1188	769
			1187	769
			1186	769
			1185	769
			1184	769
			1183	770
			1182	770
			1181	770
			1180	770
			1179	770
			1178	771
			1177	771
			1176	771
			1175	771
			1174	771
			1173	772
			1172	772
			1171	772
			1170	772
			1169	772
			1168	773
			1167	773
			1166	773
			1165	773
			1164	773
			1163	773
			1162	774
			1161	774
			1160	774
			1159	774
			1158	774
			1157	775
			1156	775
			1155	775
			1154	775
			1153	775
			1152	776
			1151	776
			1150	776
			1149	776
			1148	776
			1147	776
			1146	777
			1145	777
			1144	777
			1143	777
			1142	778
			1141	778
			1140	778
			1139	778
			1138	778
			1137	778
			1136	779
			1135	779
			1134	779
			1133	779
			1132	779
			1131	779
			1130	780
			1129	780
			1128	780
			1127	780
			1126	780
			1125	780
			1124	781
			1123	781
			1122	781
			1121	781
			1120	781
			1119	781
			1118	782
			1117	782
			1116	782
			1115	782
			1114	782
			1113	783
			1112	783
			1111	783
			1110	783
			1109	783
			1108	783
			1107	784
			1106	784
			1105	784
			1104	784
			1103	784
			1102	784
			1101	785
			1100	785
			1099	785
			1098	785
			1097	785
			1096	785
			1095	785
			1094	786
			1093	786
			1092	786
			1091	786
			1090	786
			1089	786
			1088	787
			1087	787
			1086	787
			1085	787
			1084	787
			1083	787
			1082	788
			1081	788
			1080	788
			1079	788
			1078	788
			1077	788
			1076	788
			1075	788
			1074	789
			1073	789
			1072	789
			1071	789
			1070	789
			1069	789
			1068	789
			1067	790
			1066	790
			1065	790
			1064	790
			1063	790
			1062	790
			1061	790
			1060	791
			1059	791
			1058	791
			1057	791
			1056	791
			1055	791
			1054	791
			1053	792
			1052	792
			1051	792
			1050	792
			1049	792
			1048	792
			1047	792
			1046	792
			1045	793
			1044	793
			1043	793
			1042	793
			1041	793
			1040	793
			1039	793
			1038	793
			1037	793
			1037	794
			1036	794
			1035	794
			1034	794
			1033	794
			1032	794
			1031	794
			1030	794
			1029	794
			1028	795
			1027	795
			1026	795
			1025	795
			1024	795
			1023	795
			1022	795
			1021	795
			1020	795
			1019	796
			1018	796
			1017	796
			1016	796
			1015	796
			1014	796
			1013	796
			1012	796
			1011	796
			1010	796
			1009	797
			1008	797
			1007	797
			1006	797
			1005	797
			1004	797
		</anal>
		<ventral_body type=matrix rownames=FALSE colnames=FALSE nrow=1072 ncol=2 as.numeric=TRUE >
			1004	797
			1003	797
			1002	797
			1001	798
			1000	798
			999	798
			998	798
			997	799
			996	799
			995	799
			994	799
			993	799
			992	800
			991	800
			990	800
			989	800
			988	800
			987	801
			986	801
			985	801
			984	801
			983	801
			982	802
			981	802
			980	802
			979	802
			978	802
			977	803
			976	803
			975	803
			974	803
			973	803
			972	803
			971	804
			970	804
			969	804
			968	804
			967	804
			966	804
			965	805
			964	805
			963	805
			962	805
			961	805
			960	805
			959	806
			958	806
			957	806
			956	806
			955	806
			954	806
			953	806
			952	807
			951	807
			950	807
			949	807
			948	807
			947	807
			946	807
			945	808
			944	808
			943	808
			942	808
			941	808
			940	808
			939	808
			938	809
			937	809
			936	809
			935	809
			934	809
			933	809
			932	809
			931	809
			930	810
			929	810
			928	810
			927	810
			926	810
			925	810
			924	810
			923	811
			922	811
			921	811
			920	811
			919	811
			918	811
			917	811
			916	811
			915	811
			914	812
			913	812
			912	812
			911	812
			910	812
			909	812
			908	812
			907	812
			906	813
			905	813
			904	813
			903	813
			902	813
			901	813
			900	813
			899	813
			898	813
			897	814
			896	814
			895	814
			894	814
			893	814
			892	814
			891	814
			890	814
			889	814
			888	814
			887	815
			886	815
			885	815
			884	815
			883	815
			882	815
			881	815
			880	815
			879	815
			878	815
			878	816
			877	816
			876	816
			875	816
			874	816
			873	816
			872	816
			871	816
			870	816
			869	816
			868	817
			867	817
			866	817
			865	817
			864	817
			863	817
			862	817
			861	817
			860	817
			859	817
			858	817
			857	818
			856	818
			855	818
			854	818
			853	818
			852	818
			851	818
			850	818
			849	818
			848	818
			847	818
			846	819
			845	819
			844	819
			843	819
			842	819
			841	819
			840	819
			839	819
			838	819
			837	819
			836	819
			835	819
			834	820
			833	820
			832	820
			831	820
			830	820
			829	820
			828	820
			827	820
			826	820
			825	820
			824	820
			823	820
			823	821
			822	821
			821	821
			820	821
			819	821
			818	821
			817	821
			816	821
			815	821
			814	821
			813	821
			812	821
			811	821
			810	821
			809	821
			808	822
			807	822
			806	822
			805	822
			804	822
			803	822
			802	822
			801	822
			800	822
			799	822
			798	822
			797	822
			796	822
			795	822
			794	822
			793	822
			792	822
			791	822
			790	823
			789	823
			788	823
			787	823
			786	823
			785	823
			784	823
			783	823
			782	823
			781	823
			780	823
			779	823
			778	823
			777	823
			776	823
			775	823
			774	823
			773	823
			772	823
			771	823
			770	823
			769	823
			768	823
			767	823
			766	823
			765	823
			764	823
			763	823
			762	823
			761	823
			760	823
			759	823
			758	823
			757	823
			756	823
			755	823
			754	823
			753	823
			752	823
			751	823
			750	823
			749	823
			748	823
			747	823
			746	823
			745	823
			744	823
			743	823
			742	823
			741	823
			740	823
			739	823
			738	823
			737	823
			736	823
			735	823
			734	823
			733	823
			732	823
			731	823
			730	823
			729	823
			728	823
			727	823
			726	823
			725	823
			724	823
			723	823
			722	823
			721	823
			720	823
			719	823
			718	823
			717	823
			716	823
			715	823
			714	823
			713	823
			712	823
			711	823
			710	823
			709	823
			708	823
			707	823
			706	823
			705	823
			704	823
			703	823
			702	823
			701	823
			700	823
			699	823
			698	822
			697	822
			696	822
			695	822
			694	822
			693	822
			692	822
			691	822
			690	822
			689	822
			688	822
			687	822
			686	822
			685	822
			684	822
			683	822
			682	822
			681	822
			680	822
			679	822
			678	822
			677	821
			676	821
			675	821
			674	821
			673	821
			672	821
			671	821
			670	821
			669	821
			668	821
			667	821
			666	821
			665	821
			664	821
			663	821
			662	821
			661	820
			660	820
			659	820
			658	820
			657	820
			656	820
			655	820
			654	820
			653	820
			652	820
			651	820
			650	820
			649	820
			648	819
			647	819
			646	819
			645	819
			644	819
			643	819
			642	819
			641	819
			640	819
			639	819
			638	819
			637	819
			636	818
			635	818
			634	818
			633	818
			632	818
			631	818
			630	818
			629	818
			628	818
			627	818
			626	818
			625	817
			624	817
			623	817
			622	817
			621	817
			620	817
			619	817
			618	817
			617	817
			616	817
			615	816
			614	816
			613	816
			612	816
			611	816
			610	816
			609	816
			608	816
			607	816
			606	816
			605	815
			604	815
			603	815
			602	815
			601	815
			600	815
			599	815
			598	815
			597	815
			596	814
			595	814
			594	814
			593	814
			592	814
			591	814
			590	814
			589	814
			588	813
			587	813
			586	813
			585	813
			584	813
			583	813
			582	813
			581	813
			580	812
			579	812
			578	812
			577	812
			576	812
			575	812
			574	812
			573	812
			572	811
			571	811
			570	811
			569	811
			568	811
			567	811
			566	811
			565	810
			564	810
			563	810
			562	810
			561	810
			560	810
			559	810
			558	810
			557	809
			556	809
			555	809
			554	809
			553	809
			552	809
			551	809
			550	808
			549	808
			548	808
			547	808
			546	808
			545	808
			544	808
			543	807
			542	807
			541	807
			540	807
			539	807
			538	806
			537	806
			536	806
			535	806
			534	805
			533	805
			532	805
			531	805
			530	804
			529	804
			528	804
			527	804
			526	803
			525	803
			524	803
			523	802
			522	802
			521	802
			520	802
			519	801
			518	801
			517	801
			516	800
			515	800
			514	800
			513	800
			512	799
			511	799
			510	799
			509	799
			508	798
			507	798
			506	798
			505	797
			504	797
			503	797
			502	797
			501	796
			500	796
			499	796
			498	795
			497	795
			496	795
			495	795
			494	794
			493	794
			492	794
			491	794
			490	793
			489	793
			488	793
			487	792
			486	792
			485	792
			484	792
			484	791
			483	791
			482	791
			481	791
			480	790
			479	790
			478	790
			477	789
			476	789
			475	789
			474	789
			473	788
			472	788
			471	788
			470	788
			469	787
			468	787
			467	787
			466	786
			465	786
			464	786
			463	785
			462	785
			461	785
			460	785
			459	784
			458	784
			457	784
			456	783
			455	783
			454	783
			453	783
			452	782
			451	782
			450	782
			449	782
			448	781
			447	781
			446	781
			446	780
			445	780
			444	780
			443	780
			442	779
			441	779
			440	779
			439	779
			438	778
			437	778
			436	778
			435	777
			434	777
			433	777
			432	776
			431	776
			430	776
			429	776
			428	775
			427	775
			426	775
			425	774
			424	774
			423	774
			422	773
			421	773
			420	773
			419	773
			418	772
			417	772
			416	772
			415	771
			414	771
			413	771
			412	770
			411	770
			410	770
			409	769
			408	769
			407	769
			406	769
			405	768
			404	768
			403	768
			402	767
			401	767
			400	767
			399	766
			398	766
			397	766
			396	766
			395	765
			394	765
			393	764
			392	764
			391	764
			390	764
			389	763
			388	763
			387	763
			386	762
			385	762
			384	762
			383	761
			382	761
			381	761
			380	761
			379	760
			378	760
			377	760
			377	759
			376	759
			375	759
			374	759
			373	758
			372	758
			371	758
			370	757
			369	757
			368	757
			367	756
			366	756
			365	756
			364	755
			363	755
			362	755
			361	754
			360	754
			359	754
			358	753
			357	753
			356	753
			355	752
			354	752
			353	752
			352	752
			351	751
			350	751
			349	750
			348	750
			347	750
			346	750
			346	749
			345	749
			344	749
			343	748
			342	748
			341	748
			340	747
			339	747
			338	747
			337	746
			336	746
			335	746
			334	745
			333	745
			332	745
			331	745
			331	744
			330	744
			329	744
			328	743
			327	743
			326	743
			325	742
			324	742
			323	742
			322	741
			321	741
			320	740
			319	740
			318	740
			317	740
			316	739
			315	739
			314	738
			313	738
			312	738
			311	737
			310	737
			309	737
			308	736
			307	736
			306	736
			305	735
			304	735
			303	735
			302	734
			301	734
			300	733
			299	733
			298	733
			297	732
			296	732
			295	732
			294	731
			293	731
			292	730
			291	730
			290	730
			289	729
			288	729
			287	729
			286	728
			285	728
			284	728
			283	727
			282	727
			281	727
			280	726
			279	726
			278	725
			277	725
			276	724
			275	724
			274	724
			273	723
			272	723
			271	722
			270	722
			269	721
			268	721
			267	721
			266	720
			265	720
			264	719
			263	719
			263	718
			262	718
			261	718
			260	717
			259	717
			258	716
			257	716
			256	715
			255	715
			254	714
			253	714
			252	713
			251	712
			250	712
			249	711
			248	711
			247	711
			247	710
			246	710
			245	710
			244	709
			243	709
			242	708
			241	707
			240	707
			239	707
			238	706
			237	706
			236	705
			235	705
			234	704
			233	704
			233	703
			232	703
			231	703
			230	702
			229	702
			228	701
			227	700
			226	700
			225	699
			224	699
			223	698
			222	698
			221	697
			220	697
			219	696
			218	696
			217	695
			216	695
			215	694
			214	694
			213	693
			212	693
			211	692
			210	692
			209	691
			208	691
			207	690
			206	689
			205	689
			204	689
			203	688
			202	687
			201	687
			200	686
			199	686
			198	686
			198	685
			197	685
			196	684
			195	684
			194	683
			193	683
			192	682
			191	682
			190	681
			189	681
			188	680
			187	679
			186	679
			185	678
			184	678
			183	677
			182	676
			181	676
			180	675
			179	675
			178	674
			177	674
			176	673
			175	673
			174	672
			173	672
			172	671
			171	670
			170	670
			169	669
			168	669
			167	668
			166	668
			165	667
			164	667
			163	666
			162	665
			161	665
			160	664
			159	663
			158	663
			157	662
			156	662
			155	661
			154	661
			153	660
			152	659
			151	659
			150	658
			149	658
			148	657
			147	656
			146	655
			145	654
			145	653
			144	652
			143	651
			142	650
			141	649
			140	648
			140	647
			139	647
			139	646
			138	645
			137	644
			136	643
			135	642
			135	641
			134	640
			134	639
			133	639
			132	638
			132	637
			131	637
			131	636
			130	635
			129	635
			129	634
			128	633
			128	632
			127	632
			126	631
			126	630
			125	630
			125	629
			124	628
			123	627
			122	626
			121	625
			120	624
			120	623
			119	622
			118	622
			118	621
			117	620
			116	619
			115	618
			114	617
			113	616
			112	615
			112	614
			111	613
			110	612
			109	612
			109	611
			108	610
			107	609
			107	608
			106	608
			105	607
			105	606
			104	605
			103	605
			103	604
			102	603
			101	603
			101	602
			100	601
			99	601
			99	600
			98	599
			97	599
			97	598
			96	597
			95	596
			94	595
			93	594
			92	593
			91	592
			91	591
			90	591
			89	590
			89	589
			88	589
			87	588
			86	587
			85	586
			84	585
			83	584
			82	583
			81	583
			81	582
			80	582
			79	581
			79	580
			78	580
			78	579
			77	579
			76	578
			75	577
			74	576
			73	575
			72	574
			71	573
			70	572
			69	571
			68	570
			67	569
			66	569
			66	568
			65	567
			64	566
			63	565
			62	564
			61	563
			61	562
			60	561
			59	560
			58	559
			57	558
			56	557
			55	556
			54	555
			54	554
			53	553
			52	552
			51	551
			51	550
			50	549
			50	548
			49	548
			48	547
			48	546
			47	545
			46	544
			46	543
			45	542
			45	541
			44	540
			43	539
			43	538
			42	538
			42	537
			41	536
			41	535
			40	534
			40	533
			39	532
			39	531
			39	530
			38	530
			38	529
			37	528
			37	527
			37	526
			36	525
			36	524
			35	523
			35	522
			34	521
			34	520
			34	519
			33	518
			33	517
			33	516
			33	515
			33	514
			32	514
			32	513
			32	512
			32	511
			32	510
			32	509
			31	508
			31	507
			31	506
			31	505
			31	504
			31	503
			31	502
			31	501
			31	500
			31	499
			31	498
			31	497
			31	496
			31	495
			31	494
			31	493
			31	492
			31	491
			31	490
			31	489
			31	488
			31	487
			31	486
			31	485
			31	484
			32	483
			32	482
			32	481
			32	480
			32	479
			33	478
			33	477
		</ventral_body>
		<operculum type=matrix rownames=FALSE colnames=FALSE nrow=105 ncol=2 as.numeric=TRUE >
			460	571
			460	570
			460	569
			460	568
			460	567
			461	566
			461	565
			461	564
			461	563
			461	562
			461	561
			461	560
			461	559
			462	558
			462	557
			462	556
			462	555
			462	554
			462	553
			462	552
			462	551
			462	550
			463	549
			463	548
			463	547
			463	546
			463	545
			463	544
			463	543
			463	542
			463	541
			464	540
			464	539
			464	538
			464	537
			464	536
			464	535
			464	534
			465	533
			465	532
			465	531
			465	530
			465	529
			465	528
			465	527
			465	526
			466	525
			466	524
			466	523
			466	522
			466	521
			466	520
			467	519
			467	518
			467	517
			467	516
			468	515
			468	514
			469	513
			470	512
			471	511
			472	510
			472	509
			473	508
			474	507
			474	506
			475	505
			476	504
			477	503
			477	502
			478	501
			478	500
			479	500
			479	499
			480	498
			480	497
			481	497
			481	496
			482	495
			483	494
			484	493
			484	492
			485	491
			485	490
			486	490
			486	489
			487	488
			488	487
			488	486
			489	485
			489	484
			490	484
			490	483
			491	482
			491	481
			492	480
			492	479
			493	479
			493	478
			494	477
			494	476
			495	475
			496	474
			497	473
			497	472
		</operculum>
	</curves.pixel>
</shapes>

