<shapes type=list>
	<scaling type=logical names=FALSE length=1 as.numeric=FALSE >NA</scaling>
	<landmarks.pixel type=matrix rownames=TRUE colnames=FALSE nrow=17 ncol=2 as.numeric=TRUE >
		pectoral_dors	463	540
		pectoral_vent	475	626
		premax_post	82	518
		eye_ant	363	337
		eye_post	494	331
		upper_jaw	60	486
		dorsal_ant	815	252
		dorsal_post	1227	485
		caud_pedunc_dors	1261	501
		caud_scale_dors	1330	502
		caud_scale_vent	1314	664
		caud_pedunc_vent	1246	645
		anal_post	1222	645
		anal_ant	873	810
		lower_jaw	45	517
		operc_vent	460	517
		oper_dor	501	467
	</landmarks.pixel>
	<curves.control type=list>
		<head type=matrix rownames=FALSE colnames=FALSE nrow=13 ncol=2 as.numeric=TRUE >
			60	486
			110	450
			165	419
			224	374
			300	303
			371	239
			420	207
			496	213
			575	212
			678	224
			738	237
			790	252
			815	252
		</head>
		<dorsal type=matrix rownames=FALSE colnames=FALSE nrow=5 ncol=2 as.numeric=TRUE >
			815	252
			953	288
			1060	347
			1159	417
			1227	485
		</dorsal>
		<caudal_dors_ant type=matrix rownames=FALSE colnames=FALSE nrow=3 ncol=2 as.numeric=TRUE >
			1227	485
			1241	496
			1261	501
		</caudal_dors_ant>
		<caud_dors_post type=matrix rownames=FALSE colnames=FALSE nrow=3 ncol=2 as.numeric=TRUE >
			1261	501
			1298	500
			1330	502
		</caud_dors_post>
		<caud_vent_post type=matrix rownames=FALSE colnames=FALSE nrow=3 ncol=2 as.numeric=TRUE >
			1314	664
			1277	654
			1246	645
		</caud_vent_post>
		<caudal_vent_ant type=matrix rownames=FALSE colnames=FALSE nrow=3 ncol=2 as.numeric=TRUE >
			1246	645
			1232	641
			1222	645
		</caudal_vent_ant>
		<anal type=matrix rownames=FALSE colnames=FALSE nrow=5 ncol=2 as.numeric=TRUE >
			1222	645
			1159	679
			1042	740
			948	778
			873	810
		</anal>
		<ventral_body type=matrix rownames=FALSE colnames=FALSE nrow=15 ncol=2 as.numeric=TRUE >
			873	810
			836	829
			784	880
			760	909
			736	931
			663	909
			467	832
			289	723
			214	664
			137	610
			100	592
			67	582
			54	558
			47	540
			45	517
		</ventral_body>
		<operculum type=matrix rownames=FALSE colnames=FALSE nrow=3 ncol=2 as.numeric=TRUE >
			460	517
			474	489
			501	467
		</operculum>
	</curves.control>
	<curves.pixel type=list>
		<head type=matrix rownames=FALSE colnames=FALSE nrow=804 ncol=2 as.numeric=TRUE >
			60	486
			61	485
			62	484
			63	484
			64	483
			65	483
			65	482
			66	481
			67	481
			68	480
			69	480
			70	479
			71	478
			72	477
			73	477
			74	476
			75	475
			76	474
			77	474
			78	473
			79	472
			80	472
			81	471
			82	471
			82	470
			83	470
			84	469
			85	469
			86	468
			87	467
			88	466
			89	466
			90	465
			91	464
			92	464
			93	463
			94	463
			95	462
			96	461
			97	460
			98	460
			99	459
			100	459
			100	458
			101	458
			102	457
			103	457
			104	456
			105	455
			106	455
			107	454
			108	454
			108	453
			109	453
			110	452
			111	452
			111	451
			112	451
			113	450
			114	450
			115	449
			116	448
			117	447
			118	447
			119	446
			120	446
			121	445
			122	445
			123	444
			124	443
			125	443
			126	442
			127	442
			128	441
			129	440
			130	440
			131	439
			132	439
			133	438
			134	437
			135	436
			136	436
			137	435
			138	435
			139	434
			140	433
			141	433
			142	432
			143	432
			144	431
			145	431
			145	430
			146	430
			147	429
			148	429
			149	428
			150	428
			151	427
			152	426
			153	426
			154	425
			155	425
			156	424
			157	423
			158	423
			159	422
			160	422
			161	421
			162	420
			163	420
			164	420
			164	419
			165	419
			166	419
			166	418
			167	418
			168	417
			168	416
			169	416
			170	415
			171	414
			172	413
			173	413
			174	412
			175	411
			176	411
			176	410
			177	410
			178	409
			179	408
			180	408
			181	407
			181	406
			182	406
			183	405
			184	404
			185	404
			186	403
			186	402
			187	402
			188	401
			189	400
			190	400
			191	399
			191	398
			192	398
			193	397
			194	396
			195	396
			196	395
			197	394
			197	393
			198	393
			199	392
			200	391
			201	391
			202	390
			203	389
			203	388
			204	388
			205	387
			206	386
			207	386
			208	385
			209	384
			210	383
			211	382
			212	381
			213	380
			214	379
			215	379
			216	378
			217	377
			218	376
			219	375
			220	375
			221	374
			221	373
			222	373
			223	372
			224	371
			225	371
			225	370
			226	369
			227	369
			228	368
			228	367
			229	367
			230	366
			231	365
			232	365
			232	364
			233	363
			234	363
			235	362
			236	361
			236	360
			237	360
			238	359
			239	358
			240	358
			240	357
			241	356
			242	356
			243	355
			244	354
			244	353
			245	353
			246	352
			247	351
			248	351
			249	350
			249	349
			250	348
			251	348
			252	347
			253	346
			253	345
			254	345
			255	344
			256	343
			257	343
			258	342
			258	341
			259	340
			260	340
			261	339
			262	338
			263	337
			264	336
			265	335
			266	334
			267	333
			268	332
			269	331
			270	330
			271	329
			272	328
			273	328
			274	327
			275	326
			276	325
			277	324
			278	324
			278	323
			279	322
			280	322
			280	321
			281	321
			281	320
			282	320
			283	319
			283	318
			284	318
			285	317
			286	316
			287	315
			288	314
			289	313
			290	312
			291	312
			291	311
			292	310
			293	310
			294	309
			294	308
			295	308
			296	307
			297	306
			297	305
			298	305
			299	304
			300	303
			301	302
			302	301
			303	300
			304	300
			305	299
			305	298
			306	297
			307	297
			308	296
			309	295
			310	294
			311	293
			312	292
			313	291
			314	290
			315	289
			316	288
			317	288
			318	287
			319	286
			320	285
			321	284
			322	283
			323	282
			324	282
			325	281
			326	280
			327	279
			328	278
			329	277
			330	277
			331	276
			332	275
			333	274
			334	273
			335	272
			336	272
			337	271
			338	270
			339	269
			339	268
			340	268
			341	267
			342	266
			343	265
			344	265
			345	264
			346	263
			347	262
			348	261
			349	261
			350	260
			351	259
			351	258
			352	258
			353	257
			354	256
			355	255
			356	255
			357	254
			358	253
			359	252
			360	252
			360	251
			361	250
			362	250
			363	249
			364	248
			365	248
			366	247
			367	246
			367	245
			368	245
			369	244
			370	243
			371	243
			372	242
			373	241
			374	240
			375	239
			376	238
			377	238
			378	237
			379	236
			380	235
			381	235
			382	234
			383	233
			384	232
			385	232
			386	231
			387	230
			388	229
			389	229
			390	228
			391	227
			392	227
			393	226
			394	225
			395	224
			396	224
			397	223
			398	222
			399	222
			400	221
			401	220
			402	219
			403	219
			404	218
			405	217
			406	216
			407	216
			408	215
			409	215
			409	214
			410	214
			411	213
			412	212
			413	212
			413	211
			414	211
			415	210
			416	210
			416	209
			417	209
			418	208
			419	208
			419	207
			420	207
			421	207
			422	207
			423	207
			424	207
			425	207
			426	207
			427	208
			428	208
			429	208
			430	208
			431	208
			432	208
			433	208
			434	208
			435	208
			436	208
			437	208
			438	208
			439	208
			440	208
			441	209
			442	209
			443	209
			444	209
			445	209
			446	209
			447	209
			448	209
			449	209
			450	209
			451	209
			452	209
			453	209
			454	209
			455	209
			456	209
			457	210
			458	210
			459	210
			460	210
			461	210
			462	210
			463	210
			464	210
			465	210
			466	210
			467	210
			468	210
			469	210
			470	210
			471	210
			472	210
			473	210
			474	210
			475	210
			476	210
			477	211
			478	211
			479	211
			480	211
			481	211
			482	211
			483	211
			484	211
			485	211
			486	211
			487	211
			488	211
			489	211
			490	211
			491	211
			492	211
			493	211
			494	211
			495	211
			496	211
			497	211
			498	211
			499	211
			500	211
			501	211
			502	211
			503	211
			504	211
			505	212
			506	212
			507	212
			508	212
			509	212
			510	212
			511	212
			512	212
			513	212
			514	212
			515	212
			516	212
			517	212
			518	212
			519	212
			520	212
			521	212
			522	212
			523	212
			524	212
			525	212
			526	212
			527	212
			528	212
			529	212
			530	212
			531	212
			532	212
			533	212
			534	212
			535	212
			536	212
			537	212
			538	212
			539	212
			540	212
			541	212
			542	212
			543	212
			544	212
			545	212
			546	212
			547	212
			548	212
			549	212
			550	212
			551	212
			552	212
			553	212
			554	212
			555	212
			556	212
			557	212
			558	212
			559	212
			560	212
			561	212
			562	212
			563	212
			564	212
			565	212
			566	212
			567	212
			568	212
			569	212
			570	212
			571	212
			572	212
			573	212
			574	212
			575	212
			576	212
			577	212
			578	212
			579	212
			580	213
			581	213
			582	213
			583	213
			584	213
			585	213
			586	213
			587	213
			588	214
			589	214
			590	214
			591	214
			592	214
			593	214
			594	214
			595	214
			596	214
			596	215
			597	215
			598	215
			599	215
			600	215
			601	215
			602	215
			603	215
			604	216
			605	216
			606	216
			607	216
			608	216
			609	216
			610	216
			611	216
			612	217
			613	217
			614	217
			615	217
			616	217
			617	217
			618	217
			619	217
			620	218
			621	218
			622	218
			623	218
			624	218
			625	218
			626	218
			627	219
			628	219
			629	219
			630	219
			631	219
			632	219
			633	219
			634	219
			635	220
			636	220
			637	220
			638	220
			639	220
			640	220
			641	220
			642	221
			643	221
			644	221
			645	221
			646	221
			647	221
			648	221
			649	222
			650	222
			651	222
			652	222
			653	222
			654	222
			655	222
			656	223
			657	223
			658	223
			659	223
			660	223
			661	223
			662	223
			663	224
			664	224
			665	224
			666	224
			667	224
			668	224
			669	224
			670	225
			671	225
			672	225
			673	225
			674	225
			675	225
			676	226
			677	226
			678	226
			679	226
			680	226
			681	226
			682	226
			682	227
			683	227
			684	227
			685	227
			686	227
			687	227
			688	228
			689	228
			690	228
			691	228
			692	228
			693	228
			694	229
			695	229
			696	229
			697	229
			698	229
			699	229
			700	230
			701	230
			702	230
			703	230
			704	230
			705	231
			706	231
			707	231
			708	231
			709	231
			710	231
			710	232
			711	232
			712	232
			713	232
			714	232
			715	232
			716	232
			716	233
			717	233
			718	233
			719	233
			720	233
			721	233
			721	234
			722	234
			723	234
			724	234
			725	234
			726	235
			727	235
			728	235
			729	235
			730	235
			731	236
			732	236
			733	236
			734	236
			735	236
			736	236
			737	237
			738	237
			739	237
			740	238
			741	238
			742	238
			743	238
			744	239
			745	239
			746	239
			747	239
			747	240
			748	240
			749	240
			750	240
			751	241
			752	241
			753	241
			754	241
			754	242
			755	242
			756	242
			757	242
			758	242
			759	243
			760	243
			761	243
			762	244
			763	244
			764	244
			765	244
			766	244
			767	245
			768	245
			769	245
			770	245
			771	246
			772	246
			773	246
			774	246
			775	247
			776	247
			777	247
			778	247
			779	247
			780	248
			781	248
			782	248
			783	248
			784	248
			785	249
			786	249
			787	249
			788	249
			789	249
			790	249
			791	250
			792	250
			793	250
			794	250
			795	250
			796	250
			797	251
			798	251
			799	251
			800	251
			801	251
			802	251
			803	251
			804	251
			805	252
			806	252
			807	252
			808	252
			809	252
			810	252
			811	252
			812	252
			813	252
			814	252
			815	252
		</head>
		<dorsal type=matrix rownames=FALSE colnames=FALSE nrow=431 ncol=2 as.numeric=TRUE >
			815	252
			816	252
			817	253
			818	253
			819	253
			820	253
			821	253
			821	254
			822	254
			823	254
			824	254
			825	255
			826	255
			827	255
			828	255
			829	256
			830	256
			831	256
			832	257
			833	257
			834	257
			835	257
			836	258
			837	258
			838	258
			839	259
			840	259
			841	259
			842	259
			843	260
			844	260
			845	260
			846	260
			847	261
			848	261
			849	261
			850	262
			851	262
			852	262
			853	262
			854	263
			855	263
			856	263
			857	264
			858	264
			859	264
			860	265
			861	265
			862	265
			863	265
			864	266
			865	266
			866	266
			867	267
			868	267
			869	267
			870	268
			871	268
			872	268
			873	269
			874	269
			875	269
			876	270
			877	270
			878	270
			879	270
			880	271
			881	271
			882	271
			883	272
			884	272
			885	272
			886	273
			887	273
			888	273
			889	274
			890	274
			891	274
			892	275
			893	275
			894	275
			895	276
			896	276
			897	276
			898	277
			899	277
			900	277
			901	278
			902	278
			903	278
			904	279
			905	279
			906	279
			907	280
			908	280
			909	280
			910	281
			911	281
			912	282
			913	282
			914	282
			915	283
			916	283
			917	283
			918	284
			919	284
			920	284
			921	285
			922	285
			923	285
			924	286
			925	286
			926	286
			927	287
			928	287
			929	287
			930	288
			931	288
			931	289
			932	289
			933	289
			934	290
			935	290
			936	290
			937	291
			938	291
			939	291
			940	292
			941	292
			942	292
			943	293
			944	293
			945	294
			946	294
			947	294
			948	295
			949	295
			950	295
			951	296
			952	297
			953	297
			954	297
			955	298
			956	298
			957	298
			958	299
			959	299
			960	299
			960	300
			961	300
			962	300
			963	301
			964	301
			965	301
			965	302
			966	302
			967	302
			968	303
			969	303
			970	304
			971	304
			972	305
			973	305
			974	305
			975	306
			976	306
			977	307
			978	307
			979	307
			980	308
			981	308
			982	309
			983	309
			984	310
			985	310
			986	311
			987	311
			988	312
			989	312
			990	312
			991	313
			992	313
			993	314
			994	314
			995	315
			996	315
			997	315
			998	316
			999	316
			1000	317
			1001	317
			1002	318
			1003	318
			1004	319
			1005	319
			1006	319
			1007	320
			1008	320
			1008	321
			1009	321
			1010	322
			1011	322
			1012	323
			1013	323
			1014	323
			1015	324
			1016	324
			1017	325
			1018	325
			1019	326
			1020	326
			1021	327
			1022	327
			1023	328
			1024	328
			1025	329
			1026	329
			1027	330
			1028	330
			1029	331
			1030	331
			1031	332
			1032	332
			1033	333
			1034	333
			1035	334
			1036	334
			1037	335
			1038	335
			1039	336
			1040	336
			1041	337
			1042	337
			1043	338
			1044	338
			1045	339
			1046	339
			1047	340
			1048	340
			1048	341
			1049	341
			1050	342
			1051	342
			1052	343
			1053	343
			1054	344
			1055	344
			1056	345
			1057	345
			1058	346
			1059	346
			1060	347
			1061	347
			1061	348
			1062	349
			1063	349
			1064	350
			1065	350
			1066	351
			1066	352
			1067	352
			1068	353
			1069	353
			1070	354
			1071	355
			1072	355
			1072	356
			1073	356
			1074	357
			1075	358
			1076	358
			1077	359
			1078	360
			1079	361
			1080	361
			1081	362
			1082	363
			1083	364
			1084	364
			1085	365
			1086	366
			1087	367
			1088	367
			1089	368
			1090	369
			1091	369
			1092	370
			1093	371
			1094	372
			1095	372
			1096	373
			1097	374
			1098	374
			1099	375
			1100	376
			1101	377
			1102	377
			1103	378
			1103	379
			1104	379
			1105	380
			1106	381
			1107	382
			1108	382
			1109	383
			1110	384
			1111	385
			1112	385
			1113	386
			1114	387
			1115	387
			1116	388
			1117	389
			1118	390
			1119	391
			1120	392
			1121	392
			1121	393
			1122	393
			1123	394
			1124	395
			1125	396
			1126	396
			1127	397
			1128	397
			1128	398
			1129	399
			1130	399
			1131	400
			1132	401
			1133	402
			1134	403
			1135	403
			1136	404
			1137	405
			1138	406
			1139	406
			1140	407
			1141	408
			1142	409
			1143	410
			1144	411
			1145	411
			1145	412
			1146	412
			1147	413
			1148	414
			1149	415
			1150	416
			1151	416
			1152	417
			1153	418
			1154	419
			1155	420
			1156	420
			1157	421
			1158	422
			1159	423
			1160	423
			1161	424
			1161	425
			1162	426
			1163	427
			1164	427
			1165	428
			1166	429
			1167	430
			1168	430
			1169	431
			1170	432
			1170	433
			1171	433
			1172	434
			1173	435
			1174	436
			1175	436
			1176	437
			1177	438
			1177	439
			1178	440
			1179	440
			1180	441
			1181	442
			1182	443
			1183	443
			1184	444
			1184	445
			1185	446
			1186	446
			1187	447
			1188	448
			1189	449
			1190	450
			1191	451
			1192	452
			1193	453
			1194	454
			1195	455
			1196	456
			1197	457
			1198	458
			1199	458
			1200	459
			1201	460
			1202	461
			1203	462
			1204	463
			1205	464
			1206	465
			1207	466
			1208	467
			1209	468
			1210	468
			1211	469
			1212	470
			1213	471
			1214	472
			1215	473
			1216	474
			1217	475
			1218	476
			1219	477
			1219	478
			1220	478
			1221	479
			1222	480
			1223	481
			1224	482
			1225	483
			1226	484
			1227	485
		</dorsal>
		<caudal_dors_ant type=matrix rownames=FALSE colnames=FALSE nrow=35 ncol=2 as.numeric=TRUE >
			1227	485
			1228	486
			1229	487
			1230	487
			1231	488
			1232	489
			1233	489
			1234	490
			1235	490
			1236	491
			1237	492
			1238	492
			1239	493
			1240	493
			1241	494
			1242	494
			1243	495
			1244	495
			1245	496
			1246	496
			1247	496
			1248	497
			1249	497
			1250	498
			1251	498
			1252	498
			1253	499
			1254	499
			1255	499
			1256	500
			1257	500
			1258	500
			1259	501
			1260	501
			1261	501
		</caudal_dors_ant>
		<caud_dors_post type=matrix rownames=FALSE colnames=FALSE nrow=70 ncol=2 as.numeric=TRUE >
			1261	501
			1262	501
			1263	501
			1264	501
			1265	501
			1266	501
			1267	501
			1268	501
			1269	501
			1270	501
			1271	501
			1272	501
			1273	501
			1274	501
			1275	501
			1276	501
			1277	501
			1278	501
			1279	501
			1280	501
			1281	501
			1282	501
			1283	501
			1284	501
			1285	501
			1286	501
			1287	501
			1288	501
			1289	501
			1290	501
			1291	501
			1292	501
			1293	501
			1294	501
			1295	501
			1296	501
			1297	501
			1298	501
			1299	501
			1300	501
			1301	501
			1302	501
			1303	501
			1304	501
			1305	501
			1306	501
			1307	501
			1308	501
			1309	501
			1310	501
			1311	501
			1312	501
			1313	501
			1314	501
			1315	501
			1316	501
			1317	501
			1318	501
			1319	501
			1320	501
			1321	502
			1322	502
			1323	502
			1324	502
			1325	502
			1326	502
			1327	502
			1328	502
			1329	502
			1330	502
		</caud_dors_post>
		<caud_vent_post type=matrix rownames=FALSE colnames=FALSE nrow=70 ncol=2 as.numeric=TRUE >
			1314	664
			1313	664
			1312	663
			1311	663
			1310	663
			1309	663
			1308	662
			1307	662
			1306	662
			1305	661
			1304	661
			1303	661
			1302	661
			1301	660
			1300	660
			1299	660
			1298	660
			1297	659
			1296	659
			1295	659
			1294	658
			1293	658
			1292	658
			1291	658
			1290	657
			1289	657
			1288	657
			1287	656
			1286	656
			1285	656
			1284	656
			1283	655
			1282	655
			1281	655
			1280	655
			1279	654
			1278	654
			1277	654
			1276	654
			1275	653
			1274	653
			1273	653
			1272	652
			1271	652
			1270	652
			1269	652
			1268	651
			1267	651
			1266	651
			1265	650
			1264	650
			1263	650
			1262	650
			1261	649
			1260	649
			1259	649
			1258	649
			1257	648
			1256	648
			1255	648
			1254	647
			1253	647
			1252	647
			1251	647
			1250	646
			1249	646
			1248	646
			1248	645
			1247	645
			1246	645
		</caud_vent_post>
		<caudal_vent_ant type=matrix rownames=FALSE colnames=FALSE nrow=25 ncol=2 as.numeric=TRUE >
			1246	645
			1245	645
			1244	644
			1243	644
			1242	644
			1241	644
			1240	644
			1239	643
			1238	643
			1237	643
			1236	643
			1235	643
			1234	643
			1233	643
			1232	643
			1231	643
			1230	643
			1229	643
			1228	643
			1227	644
			1226	644
			1225	644
			1224	644
			1223	645
			1222	645
		</caudal_vent_ant>
		<anal type=matrix rownames=FALSE colnames=FALSE nrow=370 ncol=2 as.numeric=TRUE >
			1222	645
			1221	645
			1221	646
			1220	646
			1219	646
			1219	647
			1218	647
			1217	647
			1217	648
			1216	648
			1215	649
			1214	649
			1213	650
			1212	651
			1211	651
			1210	651
			1209	652
			1208	652
			1208	653
			1207	653
			1206	654
			1205	654
			1204	655
			1203	655
			1202	656
			1201	656
			1201	657
			1200	657
			1199	657
			1198	658
			1197	658
			1196	659
			1195	659
			1194	660
			1193	660
			1192	661
			1191	661
			1191	662
			1190	662
			1189	663
			1188	663
			1187	664
			1186	664
			1185	665
			1184	665
			1183	666
			1182	666
			1181	667
			1180	667
			1179	668
			1178	669
			1177	669
			1176	670
			1175	670
			1174	671
			1173	671
			1172	672
			1171	672
			1170	673
			1169	673
			1168	674
			1167	674
			1166	675
			1165	676
			1164	676
			1163	677
			1162	677
			1161	678
			1160	678
			1159	679
			1158	679
			1157	680
			1156	680
			1155	681
			1154	681
			1153	682
			1152	682
			1151	683
			1150	683
			1149	684
			1148	684
			1147	685
			1146	685
			1145	686
			1144	686
			1143	687
			1142	688
			1141	688
			1140	689
			1139	689
			1138	690
			1137	690
			1136	691
			1135	691
			1134	692
			1133	692
			1132	693
			1131	693
			1130	694
			1129	694
			1128	695
			1127	695
			1126	696
			1125	697
			1124	697
			1123	698
			1122	698
			1121	699
			1120	699
			1119	700
			1118	700
			1117	701
			1116	701
			1115	702
			1114	703
			1113	703
			1112	703
			1111	704
			1110	704
			1109	705
			1108	706
			1107	706
			1106	706
			1106	707
			1105	707
			1104	708
			1103	708
			1102	708
			1102	709
			1101	709
			1100	710
			1099	710
			1098	711
			1097	711
			1096	712
			1095	712
			1094	713
			1093	713
			1092	714
			1091	714
			1090	715
			1089	715
			1088	716
			1087	716
			1086	717
			1085	717
			1084	718
			1083	719
			1082	719
			1081	720
			1080	720
			1079	721
			1078	721
			1077	722
			1076	722
			1075	723
			1074	723
			1073	724
			1072	724
			1071	725
			1070	725
			1069	726
			1068	726
			1067	727
			1066	728
			1065	728
			1064	729
			1063	729
			1062	730
			1061	730
			1060	731
			1059	731
			1058	732
			1057	732
			1056	733
			1055	733
			1054	734
			1053	734
			1052	735
			1051	735
			1050	736
			1049	736
			1048	737
			1047	737
			1046	738
			1045	738
			1044	739
			1043	739
			1042	740
			1041	740
			1040	741
			1039	741
			1038	742
			1037	742
			1036	742
			1035	743
			1034	743
			1033	744
			1032	744
			1031	744
			1031	745
			1030	745
			1029	745
			1028	746
			1027	746
			1026	746
			1025	747
			1024	747
			1023	748
			1022	748
			1021	748
			1020	749
			1019	749
			1018	750
			1017	750
			1016	751
			1015	751
			1014	751
			1013	752
			1012	752
			1011	753
			1010	753
			1009	753
			1008	754
			1007	754
			1006	755
			1005	755
			1004	755
			1003	756
			1002	756
			1001	757
			1000	757
			999	757
			999	758
			998	758
			997	758
			996	759
			995	759
			994	760
			993	760
			992	760
			991	761
			990	761
			989	761
			988	762
			987	762
			987	763
			986	763
			985	763
			984	764
			983	764
			982	764
			981	765
			980	765
			979	766
			978	766
			977	767
			976	767
			975	767
			974	768
			973	768
			972	769
			971	769
			970	769
			969	770
			968	770
			967	771
			966	771
			965	771
			964	772
			963	772
			962	773
			961	773
			960	773
			960	774
			959	774
			958	774
			957	775
			956	775
			955	776
			954	776
			953	776
			952	777
			951	777
			950	777
			950	778
			949	778
			948	779
			947	779
			946	779
			945	780
			944	780
			943	780
			942	781
			941	781
			941	782
			940	782
			939	782
			938	783
			937	783
			936	783
			935	784
			934	784
			933	784
			933	785
			932	785
			931	786
			930	786
			929	786
			928	787
			927	787
			926	787
			926	788
			925	788
			924	789
			923	789
			922	789
			921	790
			920	790
			919	791
			918	791
			917	792
			916	792
			915	792
			914	793
			913	793
			912	793
			912	794
			911	794
			910	794
			909	795
			908	795
			907	796
			906	796
			905	797
			904	797
			903	797
			902	798
			901	798
			900	798
			899	799
			898	799
			898	800
			897	800
			896	800
			895	801
			894	801
			893	801
			892	802
			891	802
			891	803
			890	803
			889	803
			888	804
			887	804
			886	804
			886	805
			885	805
			884	805
			883	806
			882	806
			881	806
			880	807
			879	808
			878	808
			877	808
			876	809
			875	809
			874	810
			873	810
		</anal>
		<ventral_body type=matrix rownames=FALSE colnames=FALSE nrow=920 ncol=2 as.numeric=TRUE >
			873	810
			872	810
			872	811
			871	811
			870	811
			869	812
			868	812
			867	813
			866	814
			865	814
			864	815
			863	816
			862	816
			861	817
			860	818
			859	818
			858	819
			857	819
			856	820
			855	821
			854	821
			853	822
			852	822
			852	823
			851	823
			850	824
			849	825
			848	825
			847	826
			846	827
			845	828
			844	828
			843	829
			842	830
			841	831
			840	831
			839	832
			838	833
			837	834
			836	834
			835	835
			834	836
			833	837
			832	837
			831	838
			830	838
			830	839
			829	840
			828	840
			827	841
			827	842
			826	842
			825	843
			824	844
			823	844
			823	845
			822	846
			821	846
			820	847
			819	848
			818	849
			817	850
			816	851
			815	851
			814	852
			813	853
			812	854
			811	855
			810	856
			809	857
			808	858
			807	858
			806	859
			805	860
			804	861
			803	862
			802	863
			801	864
			800	865
			799	866
			798	867
			797	868
			796	869
			795	870
			794	871
			793	871
			792	872
			792	873
			791	873
			790	874
			789	875
			788	876
			787	877
			786	878
			786	879
			785	879
			784	880
			783	881
			783	882
			782	883
			781	883
			780	884
			780	885
			779	886
			778	887
			778	888
			777	888
			776	889
			775	890
			775	891
			774	892
			773	893
			772	894
			771	895
			770	896
			769	897
			768	898
			768	899
			767	900
			766	901
			765	902
			764	903
			763	904
			762	905
			762	906
			761	907
			760	907
			759	908
			758	909
			757	910
			756	911
			756	912
			755	913
			754	914
			753	915
			752	915
			751	916
			750	917
			750	918
			749	919
			748	920
			747	921
			746	921
			745	922
			744	923
			744	924
			743	925
			742	926
			741	926
			740	927
			739	928
			738	929
			738	930
			737	930
			736	931
			735	931
			734	930
			733	930
			732	930
			731	929
			730	929
			729	929
			728	929
			727	928
			726	928
			725	928
			724	927
			723	927
			722	927
			721	926
			720	926
			719	926
			718	925
			717	925
			716	925
			715	924
			714	924
			713	924
			712	923
			711	923
			710	923
			709	922
			708	922
			707	922
			706	921
			705	921
			704	921
			703	920
			702	920
			701	920
			700	919
			699	919
			698	919
			697	919
			697	918
			696	918
			695	918
			694	917
			693	917
			692	917
			691	916
			690	916
			689	915
			688	915
			687	915
			686	914
			685	914
			684	914
			683	913
			682	913
			681	913
			680	912
			679	912
			678	912
			677	911
			676	911
			675	911
			674	910
			673	910
			672	910
			671	909
			670	909
			669	909
			668	908
			667	908
			666	908
			665	907
			664	907
			663	907
			662	906
			661	906
			660	905
			659	905
			658	905
			657	904
			656	904
			655	904
			654	903
			653	903
			652	902
			651	902
			650	902
			649	901
			648	901
			647	901
			646	900
			645	900
			644	899
			643	899
			642	899
			641	899
			641	898
			640	898
			639	898
			638	897
			637	897
			636	897
			635	896
			634	896
			633	896
			633	895
			632	895
			631	895
			630	895
			629	894
			628	894
			627	893
			626	893
			625	893
			624	892
			623	892
			622	891
			621	891
			620	891
			619	890
			618	890
			617	890
			616	889
			615	889
			614	888
			613	888
			612	888
			611	887
			610	887
			609	886
			608	886
			607	886
			606	885
			605	885
			604	885
			603	884
			602	884
			601	884
			600	883
			599	883
			598	882
			597	882
			596	882
			595	881
			594	881
			593	881
			592	880
			591	880
			590	880
			589	879
			588	879
			587	878
			586	878
			585	878
			584	877
			583	877
			582	876
			581	876
			580	876
			579	875
			578	875
			577	874
			576	874
			575	874
			574	873
			573	873
			572	873
			571	872
			570	872
			569	871
			568	871
			567	871
			566	870
			565	870
			564	870
			563	869
			562	869
			561	868
			560	868
			559	868
			558	867
			557	867
			556	867
			555	866
			554	866
			553	866
			552	865
			551	865
			550	864
			549	864
			548	864
			547	863
			546	863
			545	862
			544	862
			543	862
			542	861
			541	861
			540	860
			539	860
			538	860
			537	859
			536	859
			535	858
			534	858
			533	858
			532	857
			531	857
			530	856
			529	856
			528	856
			527	855
			526	855
			525	854
			524	854
			523	854
			522	853
			521	853
			520	853
			519	852
			518	852
			517	852
			517	851
			516	851
			515	851
			514	850
			513	850
			512	849
			511	849
			510	849
			509	849
			509	848
			508	848
			507	848
			506	847
			505	847
			504	846
			503	846
			502	846
			501	845
			500	845
			499	845
			498	844
			497	844
			496	843
			495	843
			494	843
			493	842
			492	842
			491	841
			490	841
			489	841
			488	840
			487	840
			486	839
			485	839
			484	839
			483	838
			482	838
			481	837
			480	837
			479	837
			478	836
			477	836
			476	835
			475	835
			474	835
			473	834
			472	834
			471	834
			470	833
			469	833
			468	832
			467	832
			466	831
			465	831
			464	830
			463	830
			462	829
			461	829
			460	828
			460	827
			459	827
			458	826
			457	826
			456	825
			455	825
			454	824
			453	824
			452	823
			451	822
			450	821
			449	821
			448	820
			447	820
			446	819
			445	818
			444	818
			443	817
			442	817
			441	816
			440	815
			439	815
			438	814
			437	814
			436	813
			435	813
			434	812
			434	811
			433	811
			432	810
			431	810
			430	809
			429	809
			428	808
			427	808
			426	807
			426	806
			425	806
			424	805
			423	805
			422	804
			421	804
			420	803
			419	803
			419	802
			418	801
			417	801
			416	800
			415	800
			414	799
			413	799
			412	798
			411	797
			410	797
			409	796
			408	795
			407	795
			406	794
			405	793
			404	793
			403	792
			402	792
			401	791
			400	791
			399	790
			398	789
			397	789
			396	788
			395	788
			395	787
			394	787
			393	786
			392	785
			391	785
			390	784
			389	784
			388	783
			387	782
			386	781
			385	781
			384	780
			383	780
			382	779
			381	778
			380	778
			379	777
			378	776
			377	776
			376	775
			375	774
			374	774
			373	773
			372	773
			371	772
			370	771
			369	771
			368	770
			367	769
			366	769
			365	768
			364	768
			363	767
			362	766
			361	766
			360	765
			359	765
			358	764
			357	763
			356	763
			355	762
			354	761
			353	761
			353	760
			352	760
			351	759
			350	758
			349	758
			348	757
			347	757
			346	756
			345	755
			344	755
			343	754
			342	754
			341	753
			341	752
			340	752
			339	751
			338	751
			337	750
			336	750
			335	749
			334	748
			333	748
			332	747
			331	746
			330	745
			329	745
			328	744
			327	744
			326	743
			325	742
			324	741
			323	741
			322	740
			321	740
			320	739
			319	738
			318	738
			317	737
			316	736
			315	736
			314	735
			313	734
			312	733
			311	733
			310	732
			309	731
			308	731
			307	730
			306	730
			305	729
			304	728
			303	728
			302	727
			301	726
			300	726
			300	725
			299	725
			298	724
			297	724
			297	723
			296	723
			295	722
			294	721
			293	721
			292	720
			291	720
			290	719
			289	718
			288	717
			287	717
			286	716
			285	715
			284	715
			283	714
			282	713
			281	713
			280	712
			279	711
			278	711
			277	710
			276	709
			275	709
			274	708
			273	708
			273	707
			272	706
			271	706
			270	705
			269	704
			268	704
			267	703
			266	702
			265	702
			264	701
			263	701
			263	700
			262	699
			261	699
			260	698
			259	697
			258	697
			257	696
			256	696
			256	695
			255	694
			254	694
			253	693
			252	693
			251	692
			251	691
			250	691
			249	690
			248	690
			247	689
			246	688
			245	687
			244	687
			243	686
			242	685
			241	684
			240	684
			239	683
			238	682
			237	682
			236	681
			235	680
			234	679
			233	678
			232	678
			231	677
			230	676
			229	675
			228	674
			227	674
			226	673
			225	673
			225	672
			224	672
			223	671
			222	671
			222	670
			221	669
			220	669
			220	668
			219	668
			218	667
			217	667
			217	666
			216	666
			215	665
			214	664
			213	663
			212	663
			211	662
			210	661
			209	661
			209	660
			208	660
			207	659
			206	659
			205	658
			205	657
			204	657
			203	656
			202	656
			201	655
			200	654
			199	654
			198	653
			197	652
			196	652
			195	651
			194	650
			193	650
			193	649
			192	648
			191	648
			190	647
			189	647
			188	646
			187	645
			186	645
			185	644
			184	644
			184	643
			183	642
			182	642
			181	641
			180	641
			179	640
			178	639
			177	639
			177	638
			176	638
			175	637
			174	637
			173	636
			172	636
			172	635
			171	634
			170	634
			169	633
			168	633
			167	632
			166	631
			165	631
			164	630
			163	629
			162	629
			161	628
			160	627
			159	627
			158	626
			157	626
			156	625
			155	624
			154	624
			154	623
			153	623
			152	622
			151	621
			150	621
			149	620
			148	620
			147	619
			146	619
			146	618
			145	618
			144	617
			143	616
			142	616
			141	615
			140	615
			140	614
			139	614
			138	613
			137	613
			136	612
			135	612
			135	611
			134	611
			133	610
			132	610
			131	609
			130	608
			129	608
			128	607
			127	607
			126	606
			125	606
			124	605
			123	604
			122	604
			121	603
			120	602
			119	602
			118	601
			117	601
			116	601
			116	600
			115	600
			114	599
			113	599
			112	598
			111	597
			110	597
			109	597
			109	596
			108	596
			107	596
			107	595
			106	595
			105	595
			105	594
			104	594
			103	594
			103	593
			102	593
			101	592
			100	592
			99	592
			98	591
			97	591
			96	591
			95	590
			94	590
			93	590
			92	589
			91	589
			90	588
			89	588
			88	588
			87	587
			86	587
			85	586
			84	586
			83	585
			82	585
			81	584
			80	583
			79	583
			78	582
			77	582
			76	581
			75	580
			74	580
			73	579
			72	579
			71	578
			70	577
			69	576
			68	575
			67	574
			66	573
			65	572
			64	572
			63	571
			62	570
			61	569
			61	568
			60	567
			59	566
			58	565
			58	564
			57	563
			56	562
			56	561
			55	560
			54	559
			54	558
			54	557
			53	556
			53	555
			53	554
			52	553
			52	552
			51	551
			51	550
			51	549
			50	548
			50	547
			50	546
			50	545
			49	544
			49	543
			49	542
			49	541
			49	540
			48	540
			48	539
			48	538
			48	537
			48	536
			47	535
			47	534
			47	533
			47	532
			47	531
			47	530
			46	529
			46	528
			46	527
			46	526
			46	525
			46	524
			46	523
			45	522
			45	521
			45	520
			45	519
			45	518
			45	517
		</ventral_body>
		<operculum type=matrix rownames=FALSE colnames=FALSE nrow=58 ncol=2 as.numeric=TRUE >
			460	517
			460	516
			461	515
			461	514
			462	514
			462	513
			463	512
			463	511
			464	510
			464	509
			465	509
			465	508
			466	507
			466	506
			467	505
			467	504
			468	504
			468	503
			469	502
			469	501
			470	500
			471	499
			472	498
			472	497
			473	496
			474	495
			474	494
			475	493
			476	492
			477	491
			477	490
			478	489
			479	488
			480	488
			480	487
			481	486
			482	485
			483	484
			484	483
			485	482
			485	481
			486	480
			487	480
			488	479
			489	478
			490	477
			491	476
			492	475
			492	474
			493	474
			494	473
			495	472
			496	471
			497	470
			498	469
			499	469
			500	468
			501	467
		</operculum>
	</curves.pixel>
</shapes>

