<shapes type=list>
	<scaling type=logical names=FALSE length=1 as.numeric=FALSE >NA</scaling>
	<landmarks.pixel type=matrix rownames=TRUE colnames=FALSE nrow=17 ncol=2 as.numeric=TRUE >
		pectoral_dors	312	324
		pectoral_vent	351	380
		premax_post	95	403
		eye_ant	155	356
		eye_post	200	346
		upper_jaw	83	389
		dorsal_ant	492	234
		dorsal_post	775	308
		caud_pedunc_dors	831	317
		caud_scale_dors	870	311
		caud_scale_vent	874	405
		caud_pedunc_vent	835	400
		anal_post	778	410
		anal_ant	582	480
		lower_jaw	89	426
		operc_vent	324	384
		oper_dor	301	327
	</landmarks.pixel>
	<curves.control type=list>
		<head type=matrix rownames=FALSE colnames=FALSE nrow=11 ncol=2 as.numeric=TRUE >
			83	389
			85	375
			107	354
			165	315
			216	289
			293	261
			366	245
			427	242
			469	241
			480	239
			492	234
		</head>
		<dorsal type=matrix rownames=FALSE colnames=FALSE nrow=5 ncol=2 as.numeric=TRUE >
			492	234
			529	241
			651	265
			741	297
			775	308
		</dorsal>
		<caudal_dors_ant type=matrix rownames=FALSE colnames=FALSE nrow=5 ncol=2 as.numeric=TRUE >
			775	308
			791	316
			804	315
			817	314
			831	317
		</caudal_dors_ant>
		<caud_dors_post type=matrix rownames=FALSE colnames=FALSE nrow=3 ncol=2 as.numeric=TRUE >
			831	317
			847	317
			870	311
		</caud_dors_post>
		<caud_vent_post type=matrix rownames=FALSE colnames=FALSE nrow=3 ncol=2 as.numeric=TRUE >
			874	405
			859	397
			835	400
		</caud_vent_post>
		<caudal_vent_ant type=matrix rownames=FALSE colnames=FALSE nrow=5 ncol=2 as.numeric=TRUE >
			835	400
			812	403
			799	399
			788	402
			778	410
		</caudal_vent_ant>
		<anal type=matrix rownames=FALSE colnames=FALSE nrow=5 ncol=2 as.numeric=TRUE >
			778	410
			723	435
			665	455
			618	468
			582	480
		</anal>
		<ventral_body type=matrix rownames=FALSE colnames=FALSE nrow=11 ncol=2 as.numeric=TRUE >
			582	480
			518	489
			407	491
			310	490
			238	490
			180	480
			143	466
			109	451
			99	444
			92	436
			89	426
		</ventral_body>
		<operculum type=matrix rownames=FALSE colnames=FALSE nrow=5 ncol=2 as.numeric=TRUE >
			324	384
			295	386
			285	364
			285	335
			301	327
		</operculum>
	</curves.control>
	<curves.pixel type=list>
		<head type=matrix rownames=FALSE colnames=FALSE nrow=435 ncol=2 as.numeric=TRUE >
			83	389
			83	388
			83	387
			84	386
			84	385
			84	384
			85	383
			85	382
			85	381
			86	380
			87	379
			87	378
			88	377
			89	376
			89	375
			89	374
			90	374
			90	373
			91	372
			92	371
			92	370
			93	369
			94	368
			94	367
			95	367
			96	366
			97	365
			97	364
			98	363
			99	362
			100	361
			101	360
			102	359
			103	358
			104	357
			105	356
			105	355
			106	355
			107	354
			108	353
			109	353
			110	352
			111	351
			112	350
			113	350
			114	349
			115	349
			116	348
			117	347
			118	347
			118	346
			119	346
			120	345
			121	345
			122	344
			123	343
			124	343
			125	342
			126	341
			127	341
			128	340
			129	339
			130	339
			131	338
			132	338
			133	337
			134	336
			135	336
			136	335
			137	335
			138	334
			139	333
			140	333
			141	332
			142	332
			143	331
			143	330
			144	330
			145	329
			146	329
			147	328
			148	327
			149	327
			150	326
			151	326
			152	325
			153	324
			154	324
			155	323
			156	323
			157	322
			158	322
			159	321
			160	320
			161	319
			162	319
			163	319
			163	318
			164	318
			165	317
			166	317
			167	316
			168	315
			169	315
			170	314
			171	314
			171	313
			172	313
			173	313
			174	312
			175	312
			175	311
			176	311
			177	310
			178	310
			179	309
			180	308
			181	308
			182	307
			183	307
			184	306
			185	306
			186	305
			187	305
			188	304
			189	304
			189	303
			190	303
			191	302
			192	302
			193	301
			194	301
			195	300
			196	300
			197	299
			198	299
			199	298
			200	298
			201	297
			202	297
			202	296
			203	296
			204	295
			205	295
			206	294
			207	294
			208	293
			209	293
			210	292
			211	292
			212	291
			213	290
			214	290
			215	289
			216	289
			217	289
			218	288
			219	288
			220	288
			221	287
			222	287
			223	287
			223	286
			224	286
			225	286
			226	285
			227	285
			228	285
			229	284
			230	284
			231	284
			232	283
			233	283
			234	283
			235	282
			236	282
			237	282
			238	281
			239	281
			240	281
			241	280
			242	280
			243	280
			244	279
			245	279
			246	279
			247	278
			248	278
			249	278
			250	277
			251	277
			252	277
			253	276
			254	276
			255	276
			256	275
			257	275
			258	275
			258	274
			259	274
			260	274
			261	273
			262	273
			263	273
			264	272
			265	272
			266	272
			267	272
			268	271
			269	271
			270	271
			271	270
			272	270
			273	270
			274	269
			275	269
			276	269
			277	269
			278	268
			279	268
			280	268
			281	267
			282	267
			283	267
			284	267
			284	266
			285	266
			286	266
			287	265
			288	265
			289	265
			290	265
			291	264
			292	264
			293	264
			294	263
			295	263
			296	263
			297	263
			298	262
			299	262
			300	262
			301	261
			302	261
			303	261
			304	261
			305	260
			306	260
			307	260
			308	259
			309	259
			310	259
			311	259
			312	258
			313	258
			314	258
			315	257
			316	257
			317	257
			318	257
			319	256
			320	256
			321	256
			322	256
			323	255
			324	255
			325	255
			326	255
			327	254
			328	254
			329	254
			330	254
			331	253
			332	253
			333	253
			334	253
			335	252
			336	252
			337	252
			338	252
			339	251
			340	251
			341	251
			342	251
			343	250
			344	250
			345	250
			346	249
			347	249
			348	249
			349	249
			350	249
			351	248
			352	248
			353	248
			354	248
			355	248
			356	247
			357	247
			358	247
			359	247
			360	246
			361	246
			362	246
			363	246
			364	245
			365	245
			366	245
			367	245
			368	245
			369	245
			370	245
			371	245
			372	245
			373	245
			374	245
			375	245
			376	245
			377	244
			378	244
			379	244
			380	244
			381	244
			382	244
			383	244
			384	244
			385	244
			386	244
			387	244
			388	244
			389	244
			390	244
			391	244
			392	244
			393	244
			394	244
			395	244
			396	244
			397	244
			398	244
			398	243
			399	243
			400	243
			401	243
			402	243
			403	243
			404	243
			405	243
			406	243
			407	243
			408	243
			409	243
			410	243
			411	243
			412	243
			413	243
			414	243
			415	243
			416	243
			417	243
			418	243
			419	243
			420	243
			421	243
			422	243
			423	242
			424	242
			425	242
			426	242
			427	242
			428	242
			429	242
			430	242
			431	242
			432	242
			433	242
			434	242
			435	242
			436	242
			437	242
			438	242
			439	242
			440	242
			441	242
			442	242
			443	242
			444	242
			445	242
			446	242
			447	242
			448	242
			449	242
			450	242
			451	241
			452	241
			453	241
			454	241
			455	241
			456	241
			457	241
			458	241
			459	241
			460	241
			461	241
			462	241
			463	241
			464	241
			465	241
			466	241
			467	241
			468	241
			469	241
			470	241
			471	241
			472	240
			473	240
			474	240
			475	240
			476	240
			477	239
			478	239
			479	239
			480	238
			481	238
			482	238
			483	237
			484	237
			485	237
			486	236
			487	236
			488	236
			489	235
			490	235
			491	234
			492	234
		</head>
		<dorsal type=matrix rownames=FALSE colnames=FALSE nrow=287 ncol=2 as.numeric=TRUE >
			492	234
			493	234
			494	234
			495	234
			496	235
			497	235
			498	235
			499	235
			500	236
			501	236
			502	236
			503	236
			504	236
			505	237
			506	237
			507	237
			508	237
			509	237
			510	237
			511	238
			512	238
			513	238
			514	238
			515	238
			516	239
			517	239
			518	239
			519	239
			520	239
			521	240
			522	240
			523	240
			524	240
			525	240
			526	240
			526	241
			527	241
			528	241
			529	241
			530	241
			531	241
			532	242
			533	242
			534	242
			535	242
			536	243
			537	243
			538	243
			539	243
			540	243
			541	243
			542	244
			543	244
			544	244
			545	244
			546	244
			547	245
			548	245
			549	245
			550	245
			551	245
			552	246
			553	246
			554	246
			555	246
			556	246
			557	247
			558	247
			559	247
			560	247
			561	247
			562	248
			563	248
			564	248
			565	248
			566	248
			567	249
			568	249
			569	249
			570	249
			571	249
			572	250
			573	250
			574	250
			575	250
			576	250
			577	251
			578	251
			579	251
			580	251
			581	251
			582	252
			583	252
			584	252
			585	252
			586	252
			587	252
			588	253
			589	253
			590	253
			591	253
			592	253
			593	254
			594	254
			595	254
			596	254
			597	254
			598	255
			599	255
			600	255
			601	255
			602	255
			603	256
			604	256
			605	256
			606	256
			607	256
			608	257
			609	257
			610	257
			611	257
			612	257
			613	258
			614	258
			615	258
			616	258
			617	258
			618	259
			619	259
			620	259
			621	259
			622	259
			623	260
			624	260
			625	260
			626	260
			627	260
			628	260
			629	261
			630	261
			631	261
			632	261
			633	262
			634	262
			635	262
			636	262
			637	262
			638	262
			639	263
			640	263
			641	263
			642	263
			643	263
			644	264
			645	264
			646	264
			647	264
			648	264
			649	265
			650	265
			651	265
			652	265
			653	266
			654	266
			655	267
			656	267
			657	267
			658	267
			659	268
			660	268
			661	269
			662	269
			663	269
			664	270
			665	270
			666	270
			667	271
			668	271
			669	272
			670	272
			671	272
			672	273
			673	273
			674	273
			675	274
			676	274
			677	274
			678	275
			679	275
			680	275
			681	276
			682	276
			683	276
			684	277
			685	277
			686	277
			687	278
			688	278
			689	279
			690	279
			691	279
			692	280
			693	280
			694	280
			695	281
			696	281
			697	281
			698	282
			699	282
			700	282
			701	283
			702	283
			703	283
			703	284
			704	284
			705	284
			706	284
			707	285
			708	285
			709	285
			709	286
			710	286
			711	286
			712	287
			713	287
			714	287
			715	288
			716	288
			717	288
			718	289
			719	289
			720	289
			721	290
			722	290
			723	290
			724	291
			725	291
			726	291
			727	292
			728	292
			729	293
			730	293
			731	293
			732	294
			733	294
			734	294
			735	295
			736	295
			737	295
			738	296
			739	296
			740	296
			741	297
			742	297
			743	297
			744	298
			745	298
			746	298
			747	299
			748	299
			749	299
			750	300
			751	300
			752	300
			753	301
			754	301
			755	301
			756	302
			757	302
			758	302
			759	303
			760	303
			761	303
			762	304
			763	304
			764	304
			765	305
			766	305
			767	305
			768	306
			769	306
			770	306
			771	307
			772	307
			773	307
			774	308
			775	308
		</dorsal>
		<caudal_dors_ant type=matrix rownames=FALSE colnames=FALSE nrow=58 ncol=2 as.numeric=TRUE >
			775	308
			776	309
			777	309
			778	310
			779	310
			780	311
			781	311
			782	311
			783	312
			784	312
			785	312
			786	312
			787	313
			788	313
			789	313
			790	314
			791	314
			792	314
			793	314
			794	315
			795	315
			796	315
			797	315
			798	315
			799	315
			800	315
			801	315
			802	315
			803	315
			804	315
			805	315
			806	315
			807	315
			808	315
			809	315
			810	315
			811	315
			812	315
			813	315
			814	315
			815	315
			816	315
			817	315
			818	315
			819	315
			820	315
			821	315
			822	315
			822	316
			823	316
			824	316
			825	316
			826	316
			827	316
			828	316
			829	317
			830	317
			831	317
		</caudal_dors_ant>
		<caud_dors_post type=matrix rownames=FALSE colnames=FALSE nrow=42 ncol=2 as.numeric=TRUE >
			831	317
			832	317
			833	317
			834	317
			835	317
			836	317
			837	317
			838	317
			839	317
			840	317
			841	316
			842	316
			843	316
			844	316
			845	316
			846	316
			847	316
			848	316
			849	315
			850	315
			851	315
			852	315
			853	315
			854	315
			855	314
			856	314
			857	314
			858	314
			859	314
			860	314
			860	313
			861	313
			862	313
			863	313
			864	313
			864	312
			865	312
			866	312
			867	312
			868	312
			869	311
			870	311
		</caud_dors_post>
		<caud_vent_post type=matrix rownames=FALSE colnames=FALSE nrow=40 ncol=2 as.numeric=TRUE >
			874	405
			873	405
			872	404
			871	404
			870	403
			869	403
			868	402
			867	402
			866	402
			865	401
			864	401
			863	401
			862	401
			861	400
			860	400
			859	400
			858	400
			857	400
			856	400
			855	400
			854	399
			853	399
			852	399
			851	399
			850	399
			849	399
			848	399
			847	399
			846	399
			845	399
			844	399
			843	399
			842	399
			841	399
			840	399
			839	400
			838	400
			837	400
			836	400
			835	400
		</caud_vent_post>
		<caudal_vent_ant type=matrix rownames=FALSE colnames=FALSE nrow=64 ncol=2 as.numeric=TRUE >
			835	400
			834	400
			833	400
			832	400
			831	400
			831	401
			830	401
			829	401
			828	401
			827	401
			826	401
			825	401
			824	401
			823	401
			822	401
			821	401
			820	401
			819	401
			818	401
			817	401
			816	401
			815	401
			814	401
			813	401
			812	401
			811	401
			810	401
			809	401
			808	401
			807	401
			806	401
			805	400
			804	400
			803	400
			802	400
			801	400
			800	399
			799	399
			798	399
			797	399
			797	400
			796	400
			795	400
			794	400
			794	401
			793	401
			792	401
			792	402
			791	402
			790	402
			789	403
			788	403
			787	404
			786	404
			785	405
			784	405
			784	406
			783	407
			782	407
			781	408
			780	408
			779	409
			779	410
			778	410
		</caudal_vent_ant>
		<anal type=matrix rownames=FALSE colnames=FALSE nrow=204 ncol=2 as.numeric=TRUE >
			778	410
			777	410
			776	411
			775	411
			774	412
			773	412
			772	413
			771	413
			770	414
			769	414
			768	414
			768	415
			767	415
			766	415
			766	416
			765	416
			764	416
			763	417
			762	417
			761	418
			760	418
			759	418
			758	419
			757	419
			756	420
			755	420
			754	421
			753	421
			752	421
			751	422
			750	422
			749	423
			748	423
			747	424
			746	424
			745	424
			745	425
			744	425
			743	425
			742	426
			741	426
			740	427
			739	427
			738	427
			737	428
			736	428
			735	429
			734	429
			733	429
			732	430
			731	430
			730	431
			729	431
			728	431
			727	432
			726	432
			725	433
			724	433
			723	433
			722	434
			721	434
			720	435
			719	435
			718	435
			717	436
			716	436
			715	436
			714	437
			713	437
			712	438
			711	438
			710	439
			709	439
			708	439
			707	440
			706	440
			705	441
			704	441
			703	441
			702	442
			701	442
			700	442
			699	443
			698	443
			697	444
			696	444
			695	444
			694	445
			693	445
			692	446
			691	446
			690	446
			689	446
			688	447
			687	447
			686	448
			685	448
			684	448
			683	449
			682	449
			681	449
			680	450
			679	450
			678	450
			678	451
			677	451
			676	451
			675	452
			674	452
			673	452
			672	452
			671	453
			670	453
			669	454
			668	454
			667	454
			666	455
			665	455
			664	455
			663	456
			662	456
			661	456
			660	456
			659	457
			658	457
			657	457
			656	458
			655	458
			654	458
			653	458
			652	459
			651	459
			650	459
			649	460
			648	460
			647	460
			646	460
			645	461
			644	461
			643	461
			642	462
			641	462
			640	462
			639	462
			638	463
			637	463
			636	463
			635	463
			634	464
			633	464
			632	464
			631	465
			630	465
			629	465
			628	465
			628	466
			627	466
			626	466
			625	467
			624	467
			623	467
			622	467
			621	468
			620	468
			619	468
			618	469
			617	469
			616	469
			615	470
			614	470
			613	470
			612	470
			612	471
			611	471
			610	471
			609	471
			608	472
			607	472
			606	472
			605	473
			604	473
			603	473
			602	474
			601	474
			600	474
			599	475
			598	475
			597	475
			596	475
			595	476
			594	476
			593	476
			593	477
			592	477
			591	477
			590	477
			589	478
			588	478
			587	478
			586	479
			585	479
			584	479
			583	480
			582	480
		</anal>
		<ventral_body type=matrix rownames=FALSE colnames=FALSE nrow=507 ncol=2 as.numeric=TRUE >
			582	480
			581	480
			580	480
			579	480
			578	480
			578	481
			577	481
			576	481
			575	481
			574	481
			573	481
			572	481
			571	481
			570	482
			569	482
			568	482
			567	482
			566	482
			565	482
			564	482
			563	482
			562	482
			561	483
			560	483
			559	483
			558	483
			557	483
			556	483
			555	483
			554	483
			553	483
			552	484
			551	484
			550	484
			549	484
			548	484
			547	484
			546	484
			545	484
			544	484
			543	484
			542	485
			541	485
			540	485
			539	485
			538	485
			537	485
			536	485
			535	485
			534	485
			533	485
			532	485
			531	485
			530	486
			529	486
			528	486
			527	486
			526	486
			525	486
			524	486
			523	486
			522	486
			521	486
			520	486
			519	486
			518	486
			517	487
			516	487
			515	487
			514	487
			513	487
			512	487
			511	487
			510	487
			509	487
			508	487
			507	487
			506	487
			505	487
			504	487
			503	487
			502	488
			501	488
			500	488
			499	488
			498	488
			497	488
			496	488
			495	488
			494	488
			493	488
			492	488
			491	488
			490	488
			489	488
			488	488
			487	488
			486	488
			485	488
			484	489
			483	489
			482	489
			481	489
			480	489
			479	489
			478	489
			477	489
			476	489
			475	489
			474	489
			473	489
			472	489
			471	489
			470	489
			469	489
			468	489
			467	489
			466	489
			465	489
			464	489
			463	489
			462	489
			461	490
			460	490
			459	490
			458	490
			457	490
			456	490
			455	490
			454	490
			453	490
			452	490
			451	490
			450	490
			449	490
			448	490
			447	490
			446	490
			445	490
			444	490
			443	490
			442	490
			441	490
			440	490
			439	490
			438	490
			437	490
			436	490
			435	490
			434	490
			433	490
			432	490
			431	490
			430	490
			429	491
			428	491
			427	491
			426	491
			425	491
			424	491
			423	491
			422	491
			421	491
			420	491
			419	491
			418	491
			417	491
			416	491
			415	491
			414	491
			413	491
			412	491
			411	491
			410	491
			409	491
			408	491
			407	491
			406	491
			405	491
			404	491
			403	491
			402	491
			401	491
			400	491
			399	491
			398	491
			397	491
			396	491
			395	491
			394	491
			393	491
			392	491
			391	491
			390	491
			389	491
			388	491
			387	491
			386	491
			385	491
			384	491
			383	491
			382	491
			381	491
			380	491
			379	491
			378	491
			377	491
			376	491
			375	491
			374	491
			373	491
			372	491
			371	491
			370	491
			369	491
			368	491
			367	491
			366	491
			365	491
			364	491
			363	491
			362	491
			361	491
			360	491
			359	491
			358	491
			357	491
			356	491
			355	491
			354	491
			353	491
			352	490
			351	490
			350	490
			349	490
			348	490
			347	490
			346	490
			345	490
			344	490
			343	490
			342	490
			341	490
			340	490
			339	490
			338	490
			337	490
			336	490
			335	490
			334	490
			333	490
			332	490
			331	490
			330	490
			329	490
			328	490
			327	490
			326	490
			325	490
			324	490
			323	490
			322	490
			321	490
			320	490
			319	490
			318	490
			317	490
			316	490
			315	490
			314	490
			313	490
			312	490
			311	490
			310	490
			309	490
			308	490
			307	490
			306	490
			305	490
			304	490
			303	490
			302	490
			301	490
			300	490
			299	490
			298	490
			297	490
			296	490
			295	490
			294	490
			293	490
			292	490
			291	490
			290	490
			289	490
			288	490
			287	490
			286	490
			285	490
			284	490
			283	490
			282	490
			281	490
			280	490
			279	490
			278	490
			277	490
			276	490
			275	490
			274	490
			273	490
			272	490
			271	490
			270	490
			269	490
			268	490
			267	490
			266	490
			265	490
			264	490
			263	490
			262	490
			261	490
			260	490
			259	490
			258	490
			257	490
			256	490
			255	490
			254	490
			253	490
			252	490
			251	490
			250	490
			249	490
			248	490
			247	490
			246	490
			245	490
			244	490
			243	490
			242	490
			241	490
			240	490
			239	490
			238	490
			237	490
			236	490
			235	489
			234	489
			233	489
			232	489
			231	489
			230	489
			229	488
			228	488
			227	488
			226	488
			225	488
			224	487
			223	487
			222	487
			221	487
			220	487
			219	486
			218	486
			217	486
			216	486
			215	486
			214	485
			213	485
			212	485
			211	485
			210	485
			209	484
			208	484
			207	484
			206	484
			205	484
			204	483
			203	483
			202	483
			201	483
			200	483
			199	482
			198	482
			197	482
			196	482
			195	481
			194	481
			193	481
			192	481
			191	480
			190	480
			189	480
			188	480
			187	479
			186	479
			185	479
			184	479
			183	478
			182	478
			181	478
			180	478
			179	477
			178	477
			177	477
			176	476
			175	476
			174	476
			173	476
			172	475
			171	475
			170	475
			169	475
			168	474
			167	474
			166	474
			165	473
			164	473
			163	473
			162	473
			162	472
			161	472
			160	472
			159	472
			158	471
			157	471
			156	471
			155	470
			154	470
			153	470
			152	469
			151	469
			150	469
			149	468
			148	468
			147	468
			146	467
			145	467
			144	466
			143	466
			142	465
			141	465
			140	465
			139	464
			138	464
			137	463
			136	463
			135	462
			134	462
			133	462
			132	461
			131	460
			130	460
			129	460
			128	459
			127	459
			126	458
			125	458
			124	457
			123	457
			122	456
			121	456
			120	456
			119	455
			118	454
			117	454
			116	453
			115	453
			114	453
			113	452
			112	452
			111	451
			110	450
			109	450
			108	449
			107	449
			106	448
			105	448
			104	447
			103	446
			102	446
			101	445
			100	445
			100	444
			99	444
			99	443
			98	443
			97	442
			97	441
			96	440
			95	439
			94	438
			94	437
			93	436
			93	435
			92	434
			91	433
			91	432
			91	431
			91	430
			90	430
			90	429
			90	428
			89	427
			89	426
		</ventral_body>
		<operculum type=matrix rownames=FALSE colnames=FALSE nrow=90 ncol=2 as.numeric=TRUE >
			324	384
			323	384
			322	384
			321	384
			320	384
			319	384
			318	384
			317	384
			316	384
			315	384
			314	384
			313	384
			312	384
			311	384
			310	383
			309	383
			308	383
			307	383
			306	383
			305	382
			304	382
			303	381
			302	381
			301	381
			300	380
			299	380
			298	379
			297	379
			296	378
			296	377
			295	377
			294	376
			293	376
			293	375
			292	374
			291	374
			291	373
			290	372
			289	371
			289	370
			288	369
			287	369
			287	368
			286	367
			286	366
			285	365
			285	364
			285	363
			285	362
			285	361
			285	360
			285	359
			285	358
			285	357
			285	356
			285	355
			286	354
			286	353
			286	352
			286	351
			286	350
			286	349
			287	348
			287	347
			287	346
			287	345
			288	344
			288	343
			288	342
			289	341
			289	340
			290	339
			290	338
			290	337
			291	337
			291	336
			292	335
			292	334
			293	334
			293	333
			294	332
			295	332
			295	331
			296	331
			296	330
			297	330
			298	329
			299	328
			300	328
			301	327
		</operculum>
	</curves.pixel>
</shapes>

