<shapes type=list>
	<scaling type=logical names=FALSE length=1 as.numeric=FALSE >NA</scaling>
	<landmarks.pixel type=matrix rownames=TRUE colnames=FALSE nrow=17 ncol=2 as.numeric=TRUE >
		pectoral_dors	218	135
		pectoral_vent	218	194
		premax_post	40	174
		eye_ant	50	136
		eye_post	110	129
		upper_jaw	24	165
		dorsal_ant	406	114
		dorsal_post	447	134
		caud_pedunc_dors	491	145
		caud_scale_dors	513	145
		caud_scale_vent	511	174
		caud_pedunc_vent	488	175
		anal_post	455	187
		anal_ant	418	212
		lower_jaw	27	190
		operc_vent	199	184
		oper_dor	201	136
	</landmarks.pixel>
	<curves.control type=list>
		<head type=matrix rownames=FALSE colnames=FALSE nrow=13 ncol=2 as.numeric=TRUE >
			24	165
			31	154
			44	142
			51	127
			67	110
			95	96
			143	84
			175	86
			215	85
			257	84
			304	88
			345	96
			406	114
		</head>
		<dorsal type=matrix rownames=FALSE colnames=FALSE nrow=3 ncol=2 as.numeric=TRUE >
			406	114
			430	125
			447	134
		</dorsal>
		<caudal_dors_ant type=matrix rownames=FALSE colnames=FALSE nrow=3 ncol=2 as.numeric=TRUE >
			447	134
			469	143
			491	145
		</caudal_dors_ant>
		<caud_dors_post type=matrix rownames=FALSE colnames=FALSE nrow=3 ncol=2 as.numeric=TRUE >
			491	145
			503	147
			513	145
		</caud_dors_post>
		<caud_vent_post type=matrix rownames=FALSE colnames=FALSE nrow=3 ncol=2 as.numeric=TRUE >
			511	174
			500	173
			488	175
		</caud_vent_post>
		<caudal_vent_ant type=matrix rownames=FALSE colnames=FALSE nrow=3 ncol=2 as.numeric=TRUE >
			488	175
			473	181
			455	187
		</caudal_vent_ant>
		<anal type=matrix rownames=FALSE colnames=FALSE nrow=3 ncol=2 as.numeric=TRUE >
			455	187
			433	197
			418	212
		</anal>
		<ventral_body type=matrix rownames=FALSE colnames=FALSE nrow=9 ncol=2 as.numeric=TRUE >
			418	212
			369	224
			308	238
			222	238
			173	226
			121	218
			90	222
			57	209
			27	190
		</ventral_body>
		<operculum type=matrix rownames=FALSE colnames=FALSE nrow=5 ncol=2 as.numeric=TRUE >
			199	184
			189	171
			190	159
			196	147
			201	136
		</operculum>
	</curves.control>
	<curves.pixel type=list>
		<head type=matrix rownames=FALSE colnames=FALSE nrow=402 ncol=2 as.numeric=TRUE >
			24	165
			24	164
			25	164
			25	163
			26	162
			27	161
			28	160
			29	159
			29	158
			30	157
			30	156
			31	155
			32	155
			32	154
			33	153
			34	152
			35	151
			36	150
			37	149
			38	148
			39	147
			40	146
			41	145
			42	144
			43	143
			44	142
			45	141
			45	140
			46	139
			46	138
			46	137
			47	136
			48	135
			48	134
			49	133
			49	132
			50	131
			51	130
			51	129
			52	128
			53	127
			54	126
			54	125
			55	124
			55	123
			56	123
			57	122
			57	121
			58	121
			58	120
			59	119
			60	118
			61	117
			61	116
			62	115
			63	114
			64	114
			65	113
			65	112
			66	111
			67	110
			68	109
			69	109
			70	108
			71	108
			72	108
			73	107
			74	107
			75	106
			76	106
			77	105
			78	105
			79	105
			80	104
			81	104
			82	103
			83	103
			84	103
			85	102
			86	102
			87	101
			88	101
			89	100
			90	100
			91	100
			92	99
			93	99
			94	98
			95	98
			96	98
			97	98
			97	97
			98	97
			99	97
			100	97
			101	96
			102	96
			103	95
			104	95
			105	95
			106	95
			107	94
			108	94
			109	93
			110	93
			111	93
			112	93
			113	92
			114	92
			115	92
			116	91
			117	91
			118	91
			119	91
			120	90
			121	90
			122	90
			123	89
			124	89
			125	89
			126	88
			127	88
			128	88
			129	88
			130	87
			131	87
			132	87
			133	87
			134	86
			135	86
			136	86
			137	86
			138	85
			139	85
			140	85
			141	84
			142	84
			143	84
			144	84
			145	84
			146	84
			147	84
			148	84
			149	84
			150	84
			151	84
			152	84
			153	85
			154	85
			155	85
			156	85
			157	85
			158	85
			159	85
			160	85
			161	85
			162	85
			163	85
			164	85
			165	85
			166	85
			167	85
			168	85
			169	85
			170	85
			171	85
			172	85
			173	85
			174	85
			175	85
			176	85
			177	85
			178	85
			179	85
			180	85
			181	85
			182	85
			183	85
			184	85
			185	85
			186	85
			187	85
			188	85
			189	85
			190	85
			191	85
			192	85
			193	85
			194	85
			195	85
			196	85
			197	85
			198	85
			199	85
			200	85
			201	85
			202	85
			203	85
			204	85
			205	85
			206	85
			207	85
			208	85
			209	85
			210	85
			211	85
			212	85
			213	85
			214	85
			215	85
			216	85
			217	85
			218	85
			219	85
			220	85
			221	85
			222	85
			223	85
			224	85
			225	85
			226	85
			227	85
			228	85
			229	85
			230	85
			231	85
			232	85
			233	85
			234	85
			235	85
			236	85
			237	85
			238	85
			239	85
			240	85
			241	85
			242	85
			243	85
			244	85
			245	85
			246	85
			247	85
			248	85
			249	85
			250	85
			251	85
			252	85
			253	85
			254	85
			255	85
			256	85
			257	85
			258	85
			259	85
			260	85
			261	85
			262	85
			263	85
			264	85
			265	86
			266	86
			267	86
			268	86
			269	86
			270	86
			271	86
			272	86
			273	86
			274	86
			275	86
			276	86
			277	86
			278	86
			279	86
			280	86
			281	86
			282	86
			283	86
			284	87
			285	87
			286	87
			287	87
			288	87
			289	87
			290	87
			291	87
			292	87
			293	87
			294	87
			295	87
			296	87
			297	87
			298	88
			299	88
			300	88
			301	88
			302	88
			303	88
			304	88
			305	88
			306	88
			307	89
			308	89
			309	89
			310	89
			311	89
			312	90
			313	90
			314	90
			315	90
			316	90
			317	91
			318	91
			319	91
			320	91
			321	92
			322	92
			323	92
			324	92
			325	93
			326	93
			327	93
			328	93
			329	93
			330	94
			331	94
			332	94
			333	94
			334	94
			335	95
			336	95
			337	95
			338	96
			339	96
			340	96
			341	96
			342	96
			343	97
			344	97
			345	97
			346	97
			347	98
			348	98
			349	98
			350	98
			351	99
			352	99
			353	99
			354	100
			355	100
			356	100
			357	100
			358	101
			359	101
			360	101
			361	101
			362	102
			363	102
			364	102
			365	102
			365	103
			366	103
			367	103
			368	103
			369	104
			370	104
			371	104
			372	104
			373	105
			374	105
			375	105
			376	105
			377	106
			378	106
			379	106
			380	107
			381	107
			382	107
			383	107
			384	108
			385	108
			386	108
			387	108
			388	109
			389	109
			390	109
			391	110
			392	110
			393	110
			394	110
			395	111
			396	111
			397	111
			398	112
			399	112
			400	112
			401	113
			402	113
			403	113
			404	113
			405	114
			406	114
		</head>
		<dorsal type=matrix rownames=FALSE colnames=FALSE nrow=43 ncol=2 as.numeric=TRUE >
			406	114
			407	114
			408	115
			409	115
			410	116
			411	116
			412	117
			413	117
			414	118
			415	118
			416	119
			417	119
			418	120
			419	120
			420	121
			421	121
			422	121
			423	122
			424	122
			425	123
			426	123
			427	124
			428	124
			428	125
			429	125
			430	125
			431	126
			432	126
			433	127
			434	127
			435	128
			436	128
			437	129
			438	129
			439	130
			440	130
			441	131
			442	131
			443	132
			444	132
			445	133
			446	133
			447	134
		</dorsal>
		<caudal_dors_ant type=matrix rownames=FALSE colnames=FALSE nrow=45 ncol=2 as.numeric=TRUE >
			447	134
			448	134
			449	135
			450	135
			451	136
			452	136
			453	136
			454	137
			455	137
			456	137
			457	138
			458	138
			459	138
			460	139
			461	139
			462	139
			463	140
			464	140
			465	140
			466	140
			467	141
			468	141
			469	141
			470	141
			471	142
			472	142
			473	142
			474	142
			475	143
			476	143
			477	143
			478	143
			479	143
			480	144
			481	144
			482	144
			483	144
			484	144
			485	144
			486	144
			487	145
			488	145
			489	145
			490	145
			491	145
		</caudal_dors_ant>
		<caud_dors_post type=matrix rownames=FALSE colnames=FALSE nrow=23 ncol=2 as.numeric=TRUE >
			491	145
			492	145
			493	145
			494	145
			495	146
			496	146
			497	146
			498	146
			499	146
			500	146
			501	146
			502	146
			503	146
			504	146
			505	146
			506	146
			507	146
			508	146
			509	146
			510	145
			511	145
			512	145
			513	145
		</caud_dors_post>
		<caud_vent_post type=matrix rownames=FALSE colnames=FALSE nrow=24 ncol=2 as.numeric=TRUE >
			511	174
			510	174
			509	174
			508	174
			507	174
			506	174
			505	174
			504	174
			503	174
			502	174
			501	174
			500	174
			499	174
			498	174
			497	174
			496	174
			495	174
			494	174
			493	174
			492	174
			491	175
			490	175
			489	175
			488	175
		</caud_vent_post>
		<caudal_vent_ant type=matrix rownames=FALSE colnames=FALSE nrow=34 ncol=2 as.numeric=TRUE >
			488	175
			487	175
			486	176
			485	176
			484	177
			483	177
			482	178
			481	178
			480	178
			479	179
			478	179
			477	179
			476	180
			475	180
			474	180
			473	181
			472	181
			471	181
			470	182
			469	182
			468	183
			467	183
			466	183
			465	184
			464	184
			463	184
			462	185
			461	185
			460	185
			459	186
			458	186
			457	186
			456	187
			455	187
		</caudal_vent_ant>
		<anal type=matrix rownames=FALSE colnames=FALSE nrow=40 ncol=2 as.numeric=TRUE >
			455	187
			454	187
			453	188
			452	188
			451	189
			450	189
			449	190
			448	190
			447	191
			446	191
			446	192
			445	192
			444	193
			443	193
			442	194
			441	194
			440	195
			439	195
			438	196
			437	197
			436	198
			435	198
			434	199
			433	200
			432	200
			431	201
			430	202
			429	202
			428	203
			427	204
			426	205
			425	205
			425	206
			424	207
			423	208
			422	208
			421	209
			420	210
			419	211
			418	212
		</anal>
		<ventral_body type=matrix rownames=FALSE colnames=FALSE nrow=396 ncol=2 as.numeric=TRUE >
			418	212
			417	212
			416	212
			415	213
			414	213
			413	213
			412	213
			411	214
			410	214
			409	214
			408	214
			407	215
			406	215
			405	215
			404	215
			403	216
			402	216
			401	216
			400	216
			399	217
			398	217
			397	217
			396	217
			395	218
			394	218
			393	218
			392	218
			391	219
			390	219
			389	219
			388	219
			387	220
			386	220
			385	220
			384	220
			383	221
			382	221
			381	221
			380	221
			379	221
			378	222
			377	222
			376	222
			375	222
			374	223
			373	223
			372	223
			371	223
			370	224
			369	224
			368	224
			367	224
			366	224
			365	225
			364	225
			363	225
			362	225
			362	226
			361	226
			360	226
			359	226
			358	226
			357	227
			356	227
			355	227
			354	227
			353	227
			353	228
			352	228
			351	228
			350	228
			349	228
			348	229
			347	229
			346	229
			345	230
			344	230
			343	230
			342	230
			341	230
			340	231
			339	231
			338	231
			337	231
			336	232
			335	232
			334	232
			333	232
			332	232
			332	233
			331	233
			330	233
			329	233
			328	233
			327	234
			326	234
			325	234
			324	234
			323	234
			322	235
			321	235
			320	235
			319	235
			318	236
			317	236
			316	236
			315	236
			314	237
			313	237
			312	237
			311	237
			310	238
			309	238
			308	238
			307	238
			306	238
			305	238
			304	238
			303	238
			302	238
			301	238
			300	238
			299	238
			298	238
			297	238
			296	238
			295	238
			294	238
			293	238
			292	238
			291	238
			290	238
			289	238
			288	238
			287	238
			286	238
			285	238
			284	238
			283	238
			282	238
			281	238
			280	238
			279	238
			278	238
			277	238
			276	238
			275	238
			274	237
			273	237
			272	237
			271	237
			270	237
			269	237
			268	237
			267	237
			266	237
			265	237
			264	237
			263	237
			262	237
			261	237
			260	237
			259	237
			258	237
			257	237
			256	237
			255	237
			254	237
			253	237
			252	237
			251	236
			250	236
			249	236
			248	236
			247	236
			246	236
			245	236
			244	236
			243	236
			242	236
			241	236
			240	236
			239	236
			238	236
			237	236
			236	235
			235	235
			234	235
			233	235
			232	235
			231	235
			230	235
			229	235
			228	235
			227	235
			226	234
			225	234
			224	234
			223	234
			222	234
			221	234
			220	234
			219	234
			218	234
			217	234
			216	233
			215	233
			214	233
			213	233
			212	233
			211	233
			210	233
			209	233
			208	232
			207	232
			206	232
			205	232
			204	232
			203	232
			202	232
			201	231
			200	231
			199	231
			198	231
			197	231
			196	231
			195	230
			194	230
			193	230
			192	230
			191	230
			190	230
			189	229
			188	229
			187	229
			186	229
			185	229
			184	229
			183	228
			182	228
			181	228
			180	228
			179	227
			178	227
			177	227
			176	227
			175	226
			174	226
			173	226
			172	226
			171	226
			170	225
			169	225
			168	225
			167	225
			166	225
			165	225
			164	225
			163	224
			162	224
			161	224
			160	224
			159	224
			158	224
			157	224
			156	224
			155	224
			154	223
			153	223
			152	223
			151	223
			150	223
			149	223
			148	223
			147	223
			146	223
			146	222
			145	222
			144	222
			143	222
			142	222
			141	222
			140	222
			139	222
			138	222
			137	222
			136	222
			135	222
			134	221
			133	221
			132	221
			131	221
			130	221
			129	221
			128	221
			127	221
			126	221
			125	221
			124	221
			123	221
			122	221
			121	221
			120	221
			119	221
			118	221
			117	221
			116	221
			115	221
			114	221
			113	221
			112	221
			111	221
			110	221
			109	221
			108	221
			107	221
			106	221
			105	221
			104	221
			103	221
			102	221
			101	221
			100	221
			99	221
			98	221
			97	221
			96	221
			95	221
			94	222
			93	222
			92	222
			91	222
			90	222
			89	222
			88	221
			87	221
			86	220
			85	220
			84	219
			83	219
			82	219
			81	218
			80	218
			79	217
			78	217
			77	217
			76	216
			75	216
			74	215
			73	215
			72	214
			71	214
			70	213
			69	213
			68	212
			67	212
			66	212
			65	211
			64	211
			63	210
			62	210
			61	209
			60	209
			59	208
			58	208
			57	207
			56	207
			55	206
			54	206
			53	205
			52	205
			51	204
			50	203
			49	203
			48	202
			47	202
			46	201
			45	201
			44	200
			43	199
			42	199
			41	198
			40	198
			39	197
			38	197
			37	196
			36	195
			35	195
			34	194
			33	194
			32	193
			31	193
			30	192
			29	191
			28	191
			27	190
		</ventral_body>
		<operculum type=matrix rownames=FALSE colnames=FALSE nrow=50 ncol=2 as.numeric=TRUE >
			199	184
			198	183
			198	182
			197	181
			196	180
			196	179
			195	178
			194	177
			194	176
			193	175
			193	174
			193	173
			192	172
			192	171
			191	170
			191	169
			191	168
			191	167
			190	167
			190	166
			190	165
			190	164
			190	163
			190	162
			190	161
			190	160
			190	159
			191	158
			191	157
			192	156
			192	155
			192	154
			193	153
			193	152
			194	151
			194	150
			195	149
			196	148
			196	147
			196	146
			197	145
			197	144
			198	143
			198	142
			199	141
			199	140
			200	139
			200	138
			201	137
			201	136
		</operculum>
	</curves.pixel>
</shapes>

