<shapes type=list>
	<scaling type=logical names=FALSE length=1 as.numeric=FALSE >NA</scaling>
	<landmarks.pixel type=matrix rownames=TRUE colnames=FALSE nrow=17 ncol=2 as.numeric=TRUE >
		pectoral_dors	160	238
		pectoral_vent	164	261
		premax_post	44	227
		eye_ant	136	170
		eye_post	167	172
		upper_jaw	38	222
		dorsal_ant	283	140
		dorsal_post	431	207
		caud_pedunc_dors	456	216
		caud_scale_dors	479	213
		caud_scale_vent	476	267
		caud_pedunc_vent	458	265
		anal_post	434	272
		anal_ant	303	319
		lower_jaw	36	233
		operc_vent	146	241
		oper_dor	158	211
	</landmarks.pixel>
	<curves.control type=list>
		<head type=matrix rownames=FALSE colnames=FALSE nrow=9 ncol=2 as.numeric=TRUE >
			38	222
			49	209
			68	193
			107	165
			147	146
			201	138
			235	137
			266	140
			283	140
		</head>
		<dorsal type=matrix rownames=FALSE colnames=FALSE nrow=5 ncol=2 as.numeric=TRUE >
			283	140
			306	142
			354	156
			392	177
			431	207
		</dorsal>
		<caudal_dors_ant type=matrix rownames=FALSE colnames=FALSE nrow=3 ncol=2 as.numeric=TRUE >
			431	207
			442	213
			456	216
		</caudal_dors_ant>
		<caud_dors_post type=matrix rownames=FALSE colnames=FALSE nrow=3 ncol=2 as.numeric=TRUE >
			456	216
			468	215
			479	213
		</caud_dors_post>
		<caud_vent_post type=matrix rownames=FALSE colnames=FALSE nrow=3 ncol=2 as.numeric=TRUE >
			476	267
			468	264
			458	265
		</caud_vent_post>
		<caudal_vent_ant type=matrix rownames=FALSE colnames=FALSE nrow=3 ncol=2 as.numeric=TRUE >
			458	265
			444	267
			434	272
		</caudal_vent_ant>
		<anal type=matrix rownames=FALSE colnames=FALSE nrow=5 ncol=2 as.numeric=TRUE >
			434	272
			401	292
			363	309
			330	316
			303	319
		</anal>
		<ventral_body type=matrix rownames=FALSE colnames=FALSE nrow=11 ncol=2 as.numeric=TRUE >
			303	319
			290	317
			268	329
			235	341
			186	330
			138	310
			95	285
			61	261
			40	245
			37	239
			36	233
		</ventral_body>
		<operculum type=matrix rownames=FALSE colnames=FALSE nrow=3 ncol=2 as.numeric=TRUE >
			146	241
			153	227
			158	211
		</operculum>
	</curves.control>
	<curves.pixel type=list>
		<head type=matrix rownames=FALSE colnames=FALSE nrow=257 ncol=2 as.numeric=TRUE >
			38	222
			39	221
			39	220
			40	220
			41	219
			41	218
			42	217
			43	216
			44	216
			44	215
			45	214
			46	213
			47	212
			48	212
			48	211
			49	210
			50	209
			51	208
			52	207
			53	206
			54	206
			55	205
			56	204
			57	203
			58	202
			59	201
			60	200
			61	199
			62	198
			63	197
			64	197
			65	196
			66	195
			67	194
			68	193
			69	192
			70	191
			71	191
			72	190
			73	190
			73	189
			74	189
			75	188
			76	187
			77	187
			78	186
			79	185
			80	184
			81	184
			82	183
			83	182
			84	182
			85	181
			86	180
			87	180
			88	179
			89	178
			90	178
			91	177
			92	176
			93	176
			94	175
			95	175
			96	174
			97	173
			98	173
			99	172
			100	171
			101	171
			102	170
			103	170
			104	169
			105	168
			106	168
			107	167
			108	167
			109	166
			110	165
			111	165
			112	164
			113	164
			114	163
			115	162
			116	162
			117	162
			117	161
			118	161
			119	161
			119	160
			120	160
			121	159
			122	159
			123	158
			124	158
			125	157
			126	157
			126	156
			127	156
			128	156
			129	155
			130	155
			131	154
			132	153
			133	153
			134	152
			135	152
			136	151
			137	151
			138	151
			138	150
			139	150
			140	149
			141	149
			142	148
			143	148
			144	148
			145	147
			146	147
			146	146
			147	146
			148	146
			149	146
			150	146
			151	145
			152	145
			153	145
			154	145
			155	145
			156	145
			157	145
			157	144
			158	144
			159	144
			160	144
			161	144
			162	144
			163	144
			164	144
			165	143
			166	143
			167	143
			168	143
			169	143
			170	143
			171	143
			172	143
			173	142
			174	142
			175	142
			176	142
			177	142
			178	142
			179	142
			180	142
			181	141
			182	141
			183	141
			184	141
			185	141
			186	141
			187	141
			188	141
			189	140
			190	140
			191	140
			192	140
			193	140
			194	140
			195	140
			196	140
			197	140
			198	140
			199	139
			200	139
			201	139
			202	139
			203	139
			204	139
			205	139
			206	139
			207	139
			208	139
			209	139
			210	138
			211	138
			212	138
			213	138
			214	138
			215	138
			216	138
			217	138
			218	138
			219	138
			220	138
			221	138
			222	138
			223	138
			224	137
			225	137
			226	137
			227	137
			228	137
			229	137
			230	137
			231	137
			232	137
			233	137
			234	137
			235	137
			236	137
			237	137
			238	137
			239	137
			240	137
			241	138
			242	138
			243	138
			244	138
			245	138
			246	138
			247	138
			248	138
			249	138
			250	138
			251	138
			252	139
			253	139
			254	139
			255	139
			256	139
			257	139
			258	139
			259	139
			260	139
			261	139
			262	139
			263	139
			264	139
			265	139
			266	139
			267	140
			268	140
			269	140
			270	140
			271	140
			272	140
			273	140
			274	140
			275	140
			276	140
			277	140
			278	140
			279	140
			280	140
			281	140
			282	140
			283	140
		</head>
		<dorsal type=matrix rownames=FALSE colnames=FALSE nrow=161 ncol=2 as.numeric=TRUE >
			283	140
			284	140
			285	140
			286	140
			287	140
			288	141
			289	141
			290	141
			291	141
			292	141
			293	141
			294	141
			295	142
			296	142
			297	142
			298	142
			299	142
			300	143
			301	143
			302	143
			303	143
			304	143
			305	144
			306	144
			307	144
			308	144
			309	144
			310	144
			311	145
			312	145
			313	145
			314	145
			315	146
			316	146
			317	146
			318	146
			319	147
			320	147
			321	147
			322	147
			323	148
			324	148
			325	148
			326	148
			327	149
			328	149
			329	149
			330	149
			331	150
			332	150
			333	150
			334	150
			335	151
			336	151
			337	151
			338	151
			339	152
			340	152
			341	152
			342	153
			343	153
			344	153
			345	153
			346	154
			347	154
			348	154
			349	155
			350	155
			351	155
			352	156
			353	156
			354	156
			355	157
			356	157
			357	158
			358	158
			359	159
			360	159
			360	160
			361	160
			362	161
			363	161
			364	162
			365	162
			366	163
			367	164
			368	164
			369	165
			370	165
			371	166
			372	167
			373	167
			374	168
			375	168
			376	169
			377	169
			378	170
			379	171
			380	171
			381	172
			382	172
			382	173
			383	173
			384	174
			385	174
			385	175
			386	175
			387	176
			388	176
			388	177
			389	177
			390	178
			391	178
			391	179
			392	179
			393	180
			394	180
			394	181
			395	181
			396	182
			397	182
			397	183
			398	183
			399	184
			400	184
			400	185
			401	185
			402	186
			403	186
			403	187
			404	187
			405	188
			406	188
			406	189
			407	189
			408	190
			409	190
			409	191
			410	192
			411	192
			412	193
			413	194
			414	194
			415	195
			416	196
			417	196
			418	197
			419	198
			420	199
			421	200
			422	200
			423	201
			424	202
			425	203
			426	203
			427	204
			428	204
			429	205
			429	206
			430	206
			431	207
		</dorsal>
		<caudal_dors_ant type=matrix rownames=FALSE colnames=FALSE nrow=28 ncol=2 as.numeric=TRUE >
			431	207
			432	207
			433	208
			434	208
			434	209
			435	209
			436	210
			437	210
			438	210
			439	211
			440	211
			441	211
			442	212
			443	212
			444	213
			445	213
			446	213
			447	214
			448	214
			449	214
			450	214
			450	215
			451	215
			452	215
			453	215
			454	216
			455	216
			456	216
		</caudal_dors_ant>
		<caud_dors_post type=matrix rownames=FALSE colnames=FALSE nrow=24 ncol=2 as.numeric=TRUE >
			456	216
			457	216
			458	216
			459	216
			460	216
			461	216
			462	215
			463	215
			464	215
			465	215
			466	215
			467	215
			468	215
			469	215
			470	214
			471	214
			472	214
			473	214
			474	214
			475	214
			476	214
			477	213
			478	213
			479	213
		</caud_dors_post>
		<caud_vent_post type=matrix rownames=FALSE colnames=FALSE nrow=20 ncol=2 as.numeric=TRUE >
			476	267
			475	267
			474	266
			473	266
			472	266
			471	266
			471	265
			470	265
			469	265
			468	265
			467	265
			466	265
			465	265
			464	265
			463	265
			462	265
			461	265
			460	265
			459	265
			458	265
		</caud_vent_post>
		<caudal_vent_ant type=matrix rownames=FALSE colnames=FALSE nrow=26 ncol=2 as.numeric=TRUE >
			458	265
			457	265
			456	265
			455	266
			454	266
			453	266
			452	266
			451	266
			450	266
			449	267
			448	267
			447	267
			446	268
			445	268
			444	268
			443	268
			443	269
			442	269
			441	269
			440	269
			439	270
			438	270
			437	271
			436	271
			435	271
			434	272
		</caudal_vent_ant>
		<anal type=matrix rownames=FALSE colnames=FALSE nrow=135 ncol=2 as.numeric=TRUE >
			434	272
			433	273
			432	273
			431	274
			430	274
			429	275
			428	275
			427	276
			426	277
			425	277
			425	278
			424	278
			423	279
			422	279
			421	280
			420	280
			419	281
			418	281
			417	282
			416	283
			415	283
			414	284
			413	284
			412	285
			411	285
			410	286
			409	286
			408	287
			407	287
			406	288
			405	288
			404	289
			403	290
			402	290
			401	291
			400	291
			399	292
			398	292
			397	293
			396	293
			395	294
			394	294
			393	295
			392	295
			391	296
			390	296
			389	297
			388	297
			387	298
			386	298
			385	299
			384	299
			383	300
			382	300
			381	301
			380	301
			379	302
			378	302
			377	303
			376	303
			375	304
			374	304
			373	304
			373	305
			372	305
			371	305
			370	306
			369	306
			368	307
			367	307
			366	308
			365	308
			364	308
			363	309
			362	309
			361	309
			360	310
			359	310
			358	310
			357	310
			356	310
			355	311
			354	311
			353	311
			352	311
			351	311
			350	312
			349	312
			348	312
			347	312
			346	312
			345	313
			344	313
			343	313
			342	313
			341	313
			340	313
			340	314
			339	314
			338	314
			337	314
			336	314
			335	314
			334	315
			333	315
			332	315
			331	315
			330	315
			329	315
			328	316
			327	316
			326	316
			325	316
			324	316
			323	316
			322	317
			321	317
			320	317
			319	317
			318	317
			317	317
			316	317
			315	317
			314	318
			313	318
			312	318
			311	318
			310	318
			309	318
			308	318
			307	319
			306	319
			305	319
			304	319
			303	319
		</anal>
		<ventral_body type=matrix rownames=FALSE colnames=FALSE nrow=284 ncol=2 as.numeric=TRUE >
			303	319
			302	319
			301	319
			300	319
			299	319
			298	319
			297	319
			296	319
			295	319
			294	319
			293	319
			292	319
			291	320
			290	320
			289	320
			288	320
			287	321
			286	321
			285	321
			284	322
			283	322
			282	322
			281	323
			280	323
			279	324
			278	324
			277	324
			276	325
			275	325
			274	326
			273	326
			272	327
			271	327
			270	328
			269	328
			268	329
			267	329
			266	330
			265	330
			264	330
			263	331
			262	331
			261	331
			260	332
			259	332
			258	332
			257	332
			256	333
			255	333
			254	333
			253	333
			252	333
			251	334
			250	334
			249	334
			248	334
			247	334
			246	334
			245	334
			244	335
			243	335
			242	335
			241	335
			240	335
			239	335
			238	335
			237	335
			236	335
			235	335
			234	335
			233	335
			232	335
			231	335
			230	335
			229	335
			228	335
			227	335
			226	335
			225	335
			224	335
			223	335
			222	335
			221	335
			220	335
			219	335
			218	335
			217	335
			216	335
			215	335
			214	335
			213	334
			212	334
			211	334
			210	334
			209	334
			208	334
			207	334
			206	334
			205	334
			204	333
			203	333
			202	333
			201	333
			200	333
			199	333
			198	332
			197	332
			196	332
			195	332
			194	332
			193	332
			192	331
			191	331
			190	331
			189	331
			188	330
			187	330
			186	330
			185	330
			184	329
			183	329
			182	328
			181	328
			180	327
			179	327
			178	327
			177	326
			176	326
			175	325
			174	325
			173	324
			172	324
			171	323
			170	323
			169	323
			168	322
			167	322
			166	321
			165	321
			164	320
			163	320
			162	319
			161	319
			160	319
			159	318
			158	318
			157	317
			156	317
			155	316
			154	316
			153	315
			152	315
			151	314
			150	314
			149	313
			148	313
			147	312
			146	312
			145	312
			144	311
			143	311
			142	310
			141	310
			140	309
			139	309
			138	308
			137	308
			136	307
			135	307
			134	306
			133	306
			132	305
			131	305
			130	304
			129	304
			128	303
			127	302
			126	302
			125	302
			125	301
			124	301
			123	301
			122	300
			121	299
			120	299
			119	298
			118	298
			117	297
			116	297
			115	296
			114	296
			113	295
			112	295
			111	294
			110	293
			109	293
			108	292
			107	292
			106	291
			105	291
			104	290
			103	290
			102	289
			101	289
			100	288
			99	288
			98	287
			97	286
			96	285
			95	285
			94	284
			93	283
			92	283
			91	282
			90	282
			89	281
			88	280
			87	280
			87	279
			86	278
			85	278
			84	277
			83	277
			82	276
			82	275
			81	275
			80	274
			79	274
			78	273
			77	273
			77	272
			76	271
			75	271
			74	270
			73	270
			73	269
			72	269
			71	268
			70	267
			69	266
			68	266
			67	265
			66	264
			65	264
			64	263
			63	262
			62	261
			61	260
			60	260
			59	259
			58	258
			57	258
			56	257
			55	256
			54	255
			53	255
			52	254
			51	253
			50	253
			49	252
			48	251
			47	251
			47	250
			46	249
			45	249
			44	248
			43	247
			42	247
			41	246
			41	245
			40	245
			40	244
			39	244
			39	243
			39	242
			38	241
			38	240
			37	239
			37	238
			37	237
			37	236
			36	235
			36	234
			36	233
		</ventral_body>
		<operculum type=matrix rownames=FALSE colnames=FALSE nrow=33 ncol=2 as.numeric=TRUE >
			146	241
			146	240
			147	239
			147	238
			148	238
			148	237
			149	236
			149	235
			149	234
			150	233
			150	232
			151	231
			151	230
			151	229
			152	229
			152	228
			152	227
			153	226
			153	225
			154	224
			154	223
			154	222
			155	221
			155	220
			155	219
			156	218
			156	217
			156	216
			157	215
			157	214
			157	213
			158	212
			158	211
		</operculum>
	</curves.pixel>
</shapes>

