<shapes type=list>
	<scaling type=logical names=FALSE length=1 as.numeric=FALSE >NA</scaling>
	<landmarks.pixel type=matrix rownames=TRUE colnames=FALSE nrow=17 ncol=2 as.numeric=TRUE >
		pectoral_dors	224	195
		pectoral_vent	229	233
		premax_post	77	183
		eye_ant	132	136
		eye_post	157	130
		upper_jaw	71	174
		dorsal_ant	328	144
		dorsal_post	363	160
		caud_pedunc_dors	444	180
		caud_scale_dors	473	173
		caud_scale_vent	476	224
		caud_pedunc_vent	452	220
		anal_post	407	239
		anal_ant	378	253
		lower_jaw	64	193
		operc_vent	212	218
		oper_dor	215	179
	</landmarks.pixel>
	<curves.control type=list>
		<head type=matrix rownames=FALSE colnames=FALSE nrow=11 ncol=2 as.numeric=TRUE >
			71	174
			88	162
			109	149
			122	139
			133	128
			145	115
			178	118
			218	122
			271	135
			310	143
			328	144
		</head>
		<dorsal type=matrix rownames=FALSE colnames=FALSE nrow=3 ncol=2 as.numeric=TRUE >
			328	144
			347	152
			363	160
		</dorsal>
		<caudal_dors_ant type=matrix rownames=FALSE colnames=FALSE nrow=3 ncol=2 as.numeric=TRUE >
			363	160
			388	170
			444	180
		</caudal_dors_ant>
		<caud_dors_post type=matrix rownames=FALSE colnames=FALSE nrow=3 ncol=2 as.numeric=TRUE >
			444	180
			460	178
			473	173
		</caud_dors_post>
		<caud_vent_post type=matrix rownames=FALSE colnames=FALSE nrow=3 ncol=2 as.numeric=TRUE >
			476	224
			465	220
			452	220
		</caud_vent_post>
		<caudal_vent_ant type=matrix rownames=FALSE colnames=FALSE nrow=3 ncol=2 as.numeric=TRUE >
			452	220
			429	226
			407	239
		</caudal_vent_ant>
		<anal type=matrix rownames=FALSE colnames=FALSE nrow=3 ncol=2 as.numeric=TRUE >
			407	239
			393	244
			378	253
		</anal>
		<ventral_body type=matrix rownames=FALSE colnames=FALSE nrow=9 ncol=2 as.numeric=TRUE >
			378	253
			358	261
			260	266
			163	266
			116	253
			80	236
			72	233
			71	212
			64	193
		</ventral_body>
		<operculum type=matrix rownames=FALSE colnames=FALSE nrow=3 ncol=2 as.numeric=TRUE >
			212	218
			208	199
			215	179
		</operculum>
	</curves.control>
	<curves.pixel type=list>
		<head type=matrix rownames=FALSE colnames=FALSE nrow=265 ncol=2 as.numeric=TRUE >
			71	174
			72	174
			72	173
			73	173
			73	172
			74	172
			75	171
			76	171
			77	170
			78	169
			79	169
			80	168
			81	167
			82	166
			83	166
			84	165
			85	164
			86	164
			87	163
			88	162
			89	162
			90	161
			91	161
			92	160
			93	159
			94	159
			95	158
			96	157
			97	157
			98	156
			99	155
			100	155
			101	154
			102	153
			103	153
			104	152
			105	151
			106	151
			107	150
			108	150
			109	149
			110	148
			111	147
			112	146
			113	146
			114	145
			115	144
			116	143
			117	143
			118	142
			119	141
			120	140
			121	140
			121	139
			122	138
			123	137
			124	136
			125	136
			126	135
			127	134
			128	133
			128	132
			129	132
			130	131
			131	130
			132	129
			133	128
			134	127
			135	127
			136	126
			137	125
			138	124
			139	123
			140	123
			141	122
			142	122
			143	121
			144	121
			145	120
			146	120
			147	120
			148	120
			149	119
			150	119
			151	119
			152	119
			153	118
			154	118
			155	118
			156	118
			157	118
			158	118
			159	118
			160	118
			161	118
			162	118
			163	117
			164	117
			165	117
			166	117
			167	117
			168	117
			169	117
			170	117
			171	118
			172	118
			173	118
			174	118
			175	118
			176	118
			177	118
			178	118
			179	118
			180	118
			181	118
			182	118
			183	119
			184	119
			185	119
			186	119
			187	119
			188	119
			189	119
			190	119
			191	119
			192	120
			193	120
			194	120
			195	120
			196	120
			197	120
			198	120
			199	121
			200	121
			201	121
			202	121
			203	121
			204	121
			205	122
			206	122
			207	122
			208	122
			209	122
			210	122
			211	122
			212	123
			213	123
			214	123
			215	123
			216	123
			217	123
			218	124
			219	124
			220	124
			221	124
			222	124
			223	125
			224	125
			225	125
			226	125
			227	125
			228	125
			229	126
			230	126
			231	126
			232	126
			233	126
			234	127
			235	127
			236	127
			237	127
			238	127
			239	128
			240	128
			241	128
			242	128
			243	129
			244	129
			245	129
			246	129
			247	129
			248	130
			249	130
			250	130
			251	130
			252	131
			253	131
			254	131
			255	131
			256	132
			257	132
			258	132
			259	132
			260	132
			261	133
			262	133
			263	133
			264	133
			265	134
			266	134
			267	134
			268	134
			269	134
			270	135
			271	135
			272	135
			273	135
			274	136
			275	136
			276	136
			277	136
			278	136
			279	137
			280	137
			281	137
			282	137
			283	137
			284	138
			285	138
			286	138
			287	138
			288	138
			289	139
			290	139
			291	139
			292	139
			293	139
			294	139
			295	140
			296	140
			297	140
			298	140
			299	140
			300	140
			300	141
			301	141
			302	141
			303	141
			304	141
			305	141
			306	141
			307	142
			308	142
			309	142
			310	142
			311	142
			312	142
			313	142
			313	143
			314	143
			315	143
			316	143
			317	143
			318	143
			319	143
			320	143
			321	143
			322	143
			322	144
			323	144
			324	144
			325	144
			326	144
			327	144
			328	144
		</head>
		<dorsal type=matrix rownames=FALSE colnames=FALSE nrow=40 ncol=2 as.numeric=TRUE >
			328	144
			329	144
			330	145
			331	145
			332	146
			333	146
			334	146
			335	147
			336	147
			337	148
			338	148
			339	149
			340	149
			341	150
			342	150
			343	150
			343	151
			344	151
			345	151
			345	152
			346	152
			347	152
			347	153
			348	153
			349	153
			350	154
			351	154
			352	155
			353	155
			354	155
			354	156
			355	156
			356	156
			357	157
			358	158
			359	158
			360	159
			361	159
			362	160
			363	160
		</dorsal>
		<caudal_dors_ant type=matrix rownames=FALSE colnames=FALSE nrow=84 ncol=2 as.numeric=TRUE >
			363	160
			364	160
			365	161
			366	161
			367	162
			368	162
			369	162
			370	163
			371	163
			372	163
			373	164
			374	164
			375	164
			376	165
			377	165
			378	165
			379	166
			380	166
			381	166
			382	166
			383	167
			384	167
			385	167
			386	167
			386	168
			387	168
			388	168
			389	168
			390	169
			391	169
			392	169
			393	169
			394	170
			395	170
			396	170
			397	170
			398	171
			399	171
			400	171
			401	171
			402	172
			403	172
			404	172
			405	172
			406	172
			406	173
			407	173
			408	173
			409	173
			410	173
			411	174
			412	174
			413	174
			414	174
			415	174
			416	175
			417	175
			418	175
			419	175
			420	176
			421	176
			422	176
			423	176
			424	176
			425	176
			426	177
			427	177
			428	177
			429	177
			430	177
			431	178
			432	178
			433	178
			434	178
			435	178
			436	179
			437	179
			438	179
			439	179
			440	179
			441	179
			442	180
			443	180
			444	180
		</caudal_dors_ant>
		<caud_dors_post type=matrix rownames=FALSE colnames=FALSE nrow=30 ncol=2 as.numeric=TRUE >
			444	180
			445	180
			446	180
			447	180
			448	179
			449	179
			450	179
			451	179
			452	179
			453	179
			454	178
			455	178
			456	178
			457	178
			458	177
			459	177
			460	177
			461	177
			462	177
			463	176
			464	176
			465	176
			466	175
			467	175
			468	175
			469	175
			470	174
			471	174
			472	173
			473	173
		</caud_dors_post>
		<caud_vent_post type=matrix rownames=FALSE colnames=FALSE nrow=26 ncol=2 as.numeric=TRUE >
			476	224
			475	224
			474	223
			473	223
			472	223
			471	223
			470	222
			469	222
			468	222
			467	222
			467	221
			466	221
			465	221
			464	221
			463	221
			462	221
			461	220
			460	220
			459	220
			458	220
			457	220
			456	220
			455	220
			454	220
			453	220
			452	220
		</caud_vent_post>
		<caudal_vent_ant type=matrix rownames=FALSE colnames=FALSE nrow=47 ncol=2 as.numeric=TRUE >
			452	220
			451	220
			450	221
			449	221
			448	221
			447	221
			446	222
			445	222
			444	222
			443	223
			442	223
			441	223
			440	224
			439	224
			438	224
			437	225
			436	225
			435	226
			434	226
			433	226
			432	227
			431	227
			430	227
			429	228
			428	228
			427	229
			426	229
			425	229
			424	230
			423	230
			422	231
			421	231
			421	232
			420	232
			419	233
			418	233
			417	234
			416	234
			415	235
			414	235
			413	236
			412	236
			411	237
			410	237
			409	238
			408	238
			407	239
		</caudal_vent_ant>
		<anal type=matrix rownames=FALSE colnames=FALSE nrow=32 ncol=2 as.numeric=TRUE >
			407	239
			406	239
			405	240
			404	240
			403	241
			402	241
			401	242
			400	242
			399	242
			398	243
			397	243
			396	244
			395	244
			394	244
			394	245
			393	245
			392	245
			391	246
			390	246
			390	247
			389	247
			388	247
			387	248
			386	249
			385	249
			384	250
			383	250
			382	251
			381	251
			380	252
			379	252
			378	253
		</anal>
		<ventral_body type=matrix rownames=FALSE colnames=FALSE nrow=356 ncol=2 as.numeric=TRUE >
			378	253
			377	253
			376	254
			375	254
			374	254
			373	255
			372	255
			371	255
			370	255
			369	256
			368	256
			367	256
			366	256
			365	256
			365	257
			364	257
			363	257
			362	257
			361	257
			360	257
			359	258
			358	258
			357	258
			356	258
			355	258
			354	258
			353	258
			352	259
			351	259
			350	259
			349	259
			348	259
			347	259
			346	259
			345	259
			344	260
			343	260
			342	260
			341	260
			340	260
			339	260
			338	260
			337	260
			336	261
			335	261
			334	261
			333	261
			332	261
			331	261
			330	261
			329	261
			328	261
			327	261
			326	261
			325	262
			324	262
			323	262
			322	262
			321	262
			320	262
			319	262
			318	262
			317	262
			316	262
			315	262
			315	263
			314	263
			313	263
			312	263
			311	263
			310	263
			309	263
			308	263
			307	263
			306	263
			305	263
			304	263
			303	263
			302	263
			301	264
			300	264
			299	264
			298	264
			297	264
			296	264
			295	264
			294	264
			293	264
			292	264
			291	264
			290	264
			289	264
			288	264
			287	264
			286	265
			285	265
			284	265
			283	265
			282	265
			281	265
			280	265
			279	265
			278	265
			277	265
			276	265
			275	265
			274	265
			273	265
			272	265
			271	265
			270	265
			269	266
			268	266
			267	266
			266	266
			265	266
			264	266
			263	266
			262	266
			261	266
			260	266
			259	266
			258	266
			257	266
			256	266
			255	266
			254	266
			253	266
			252	266
			251	266
			250	266
			249	266
			248	266
			247	266
			246	266
			245	266
			244	266
			243	266
			242	266
			241	266
			240	266
			239	266
			238	266
			237	266
			236	266
			235	266
			234	266
			233	266
			232	266
			231	266
			230	266
			229	266
			228	266
			227	266
			226	266
			225	266
			224	265
			223	265
			222	265
			221	265
			220	265
			219	265
			218	265
			217	265
			216	265
			215	265
			214	265
			213	265
			212	265
			211	265
			210	265
			209	265
			208	265
			207	265
			206	265
			205	265
			204	265
			203	265
			202	265
			201	265
			200	264
			199	264
			198	264
			197	264
			196	264
			195	264
			194	264
			193	264
			192	264
			191	264
			190	264
			189	264
			188	264
			187	264
			186	264
			185	263
			184	263
			183	263
			182	263
			181	263
			180	263
			179	263
			178	263
			177	263
			176	263
			175	263
			174	263
			173	263
			172	262
			171	262
			170	262
			169	262
			168	262
			167	262
			166	262
			165	262
			164	262
			163	261
			162	261
			161	261
			160	261
			159	261
			158	261
			157	261
			156	261
			155	261
			154	260
			153	260
			152	260
			151	260
			150	260
			149	260
			148	260
			147	259
			146	259
			145	259
			144	259
			143	259
			142	259
			141	258
			140	258
			139	258
			138	258
			137	258
			136	258
			135	257
			134	257
			133	257
			132	257
			131	257
			130	256
			129	256
			128	256
			127	256
			126	256
			125	255
			124	255
			123	255
			122	255
			121	254
			120	254
			119	254
			118	254
			117	253
			116	253
			115	253
			115	252
			114	252
			113	252
			113	251
			112	251
			111	251
			111	250
			110	250
			109	250
			108	249
			107	249
			106	248
			105	248
			104	247
			103	247
			102	246
			101	246
			100	245
			99	245
			98	245
			97	244
			96	244
			95	243
			94	243
			93	242
			92	242
			91	242
			91	241
			90	241
			89	240
			88	240
			87	240
			87	239
			86	239
			85	239
			85	238
			84	238
			83	238
			82	237
			81	237
			80	236
			79	236
			78	235
			77	235
			76	235
			75	234
			74	234
			73	234
			73	233
			72	233
			72	232
			72	231
			72	230
			72	229
			72	228
			72	227
			71	226
			71	225
			71	224
			71	223
			71	222
			71	221
			71	220
			71	219
			70	218
			70	217
			70	216
			70	215
			70	214
			70	213
			69	212
			69	211
			69	210
			69	209
			69	208
			68	207
			68	206
			68	205
			68	204
			67	203
			67	202
			67	201
			66	200
			66	199
			66	198
			65	197
			65	196
			65	195
			64	194
			64	193
		</ventral_body>
		<operculum type=matrix rownames=FALSE colnames=FALSE nrow=40 ncol=2 as.numeric=TRUE >
			212	218
			212	217
			212	216
			211	215
			211	214
			211	213
			211	212
			211	211
			211	210
			211	209
			211	208
			211	207
			211	206
			211	205
			211	204
			211	203
			211	202
			211	201
			211	200
			211	199
			211	198
			211	197
			211	196
			211	195
			211	194
			211	193
			212	192
			212	191
			212	190
			212	189
			212	188
			213	187
			213	186
			213	185
			214	184
			214	183
			214	182
			214	181
			215	180
			215	179
		</operculum>
	</curves.pixel>
</shapes>

