<shapes type=list>
	<scaling type=logical names=FALSE length=1 as.numeric=FALSE >NA</scaling>
	<landmarks.pixel type=matrix rownames=TRUE colnames=FALSE nrow=17 ncol=2 as.numeric=TRUE >
		pectoral_dors	696	532
		pectoral_vent	723	571
		premax_post	79	485
		eye_ant	507	498
		eye_post	608	496
		upper_jaw	49	473
		dorsal_ant	989	382
		dorsal_post	1105	421
		caud_pedunc_dors	1194	440
		caud_scale_dors	1256	441
		caud_scale_vent	1261	526
		caud_pedunc_vent	1192	526
		anal_post	1124	547
		anal_ant	1020	601
		lower_jaw	44	493
		operc_vent	668	555
		oper_dor	668	519
	</landmarks.pixel>
	<curves.control type=list>
		<head type=matrix rownames=FALSE colnames=FALSE nrow=13 ncol=2 as.numeric=TRUE >
			49	473
			82	456
			104	471
			215	483
			335	490
			442	477
			565	442
			671	405
			712	388
			803	400
			886	398
			940	392
			989	382
		</head>
		<dorsal type=matrix rownames=FALSE colnames=FALSE nrow=3 ncol=2 as.numeric=TRUE >
			989	382
			1054	398
			1105	421
		</dorsal>
		<caudal_dors_ant type=matrix rownames=FALSE colnames=FALSE nrow=3 ncol=2 as.numeric=TRUE >
			1105	421
			1152	436
			1194	440
		</caudal_dors_ant>
		<caud_dors_post type=matrix rownames=FALSE colnames=FALSE nrow=3 ncol=2 as.numeric=TRUE >
			1194	440
			1229	443
			1256	441
		</caud_dors_post>
		<caud_vent_post type=matrix rownames=FALSE colnames=FALSE nrow=3 ncol=2 as.numeric=TRUE >
			1261	526
			1230	526
			1192	526
		</caud_vent_post>
		<caudal_vent_ant type=matrix rownames=FALSE colnames=FALSE nrow=3 ncol=2 as.numeric=TRUE >
			1192	526
			1155	531
			1124	547
		</caudal_vent_ant>
		<anal type=matrix rownames=FALSE colnames=FALSE nrow=3 ncol=2 as.numeric=TRUE >
			1124	547
			1069	572
			1020	601
		</anal>
		<ventral_body type=matrix rownames=FALSE colnames=FALSE nrow=19 ncol=2 as.numeric=TRUE >
			1020	601
			998	601
			973	603
			984	616
			972	622
			932	628
			813	642
			698	636
			592	625
			558	616
			515	585
			467	565
			405	541
			337	528
			247	516
			167	511
			94	505
			55	500
			44	493
		</ventral_body>
		<operculum type=matrix rownames=FALSE colnames=FALSE nrow=3 ncol=2 as.numeric=TRUE >
			668	555
			659	535
			668	519
		</operculum>
	</curves.control>
	<curves.pixel type=list>
		<head type=matrix rownames=FALSE colnames=FALSE nrow=955 ncol=2 as.numeric=TRUE >
			49	473
			50	473
			51	472
			52	471
			53	471
			54	470
			55	470
			56	470
			57	469
			58	469
			59	469
			60	468
			61	468
			62	467
			63	467
			64	467
			65	467
			65	466
			66	466
			67	466
			68	466
			69	465
			70	465
			71	465
			72	465
			73	465
			74	464
			75	464
			76	464
			77	464
			78	464
			79	464
			80	464
			81	464
			82	464
			83	464
			84	464
			85	464
			86	464
			87	464
			88	465
			89	465
			90	465
			91	465
			92	465
			93	466
			94	466
			95	466
			96	467
			97	467
			98	468
			99	468
			100	469
			101	469
			102	470
			103	471
			104	471
			105	471
			106	471
			107	471
			108	471
			109	472
			110	472
			111	472
			112	472
			113	472
			114	472
			115	472
			116	472
			117	472
			118	472
			118	473
			119	473
			120	473
			121	473
			122	473
			123	473
			124	473
			125	473
			126	473
			127	473
			128	473
			129	474
			130	474
			131	474
			132	474
			133	474
			134	474
			135	474
			136	474
			137	474
			138	475
			139	475
			140	475
			141	475
			142	475
			143	475
			144	475
			145	475
			146	475
			147	475
			148	475
			149	476
			150	476
			151	476
			152	476
			153	476
			154	476
			155	476
			156	476
			157	476
			158	477
			159	477
			160	477
			161	477
			162	477
			163	477
			164	477
			165	477
			166	477
			167	477
			168	477
			169	478
			170	478
			171	478
			172	478
			173	478
			174	478
			175	478
			176	478
			177	478
			178	478
			179	478
			180	479
			181	479
			182	479
			183	479
			184	479
			185	479
			186	479
			187	479
			188	479
			189	479
			190	479
			191	479
			192	480
			193	480
			194	480
			195	480
			196	480
			197	480
			198	480
			199	480
			200	480
			201	480
			202	480
			203	481
			204	481
			205	481
			206	481
			207	481
			208	481
			209	481
			210	481
			211	481
			212	481
			213	481
			214	481
			215	482
			216	482
			217	482
			218	482
			219	482
			220	482
			221	482
			222	482
			223	482
			224	482
			225	482
			226	482
			227	483
			228	483
			229	483
			230	483
			231	483
			232	483
			233	483
			234	483
			235	483
			236	483
			237	483
			238	483
			239	483
			240	484
			241	484
			242	484
			243	484
			244	484
			245	484
			246	484
			247	484
			248	484
			249	484
			250	484
			251	484
			252	484
			253	485
			254	485
			255	485
			256	485
			257	485
			258	485
			259	485
			260	485
			261	485
			262	485
			263	485
			264	485
			265	485
			266	486
			267	486
			268	486
			269	486
			270	486
			271	486
			272	486
			273	486
			274	486
			275	486
			276	486
			277	486
			278	486
			279	486
			280	487
			281	487
			282	487
			283	487
			284	487
			285	487
			286	487
			287	487
			288	487
			289	487
			290	487
			291	487
			292	487
			293	487
			294	487
			295	487
			296	488
			297	488
			298	488
			299	488
			300	488
			301	488
			302	488
			303	488
			304	488
			305	488
			306	488
			307	488
			308	488
			309	488
			310	488
			311	489
			312	489
			313	489
			314	489
			315	489
			316	489
			317	489
			318	489
			319	489
			320	489
			321	489
			322	489
			323	489
			324	489
			325	489
			326	489
			327	490
			328	490
			329	490
			330	490
			331	490
			332	490
			333	490
			334	490
			335	490
			336	490
			337	490
			338	490
			339	490
			339	489
			340	489
			341	489
			342	489
			343	489
			344	489
			345	489
			346	489
			347	488
			348	488
			349	488
			350	488
			351	488
			352	488
			353	488
			354	488
			355	487
			356	487
			357	487
			358	487
			359	487
			360	487
			361	487
			362	486
			363	486
			364	486
			365	486
			366	486
			367	486
			368	486
			369	485
			370	485
			371	485
			372	485
			373	485
			374	485
			375	485
			375	484
			376	484
			377	484
			378	484
			379	484
			380	484
			381	483
			382	483
			383	483
			384	483
			385	483
			386	483
			387	483
			388	482
			389	482
			390	482
			391	482
			392	482
			393	482
			394	481
			395	481
			396	481
			397	481
			398	481
			399	481
			400	480
			401	480
			402	480
			403	480
			404	480
			405	479
			406	479
			407	479
			408	479
			409	479
			410	478
			411	478
			412	478
			413	478
			414	478
			415	478
			416	477
			417	477
			418	477
			419	477
			420	477
			421	476
			422	476
			423	476
			424	476
			425	476
			426	475
			427	475
			428	475
			429	475
			430	475
			431	475
			432	474
			433	474
			434	474
			435	474
			436	473
			437	473
			438	473
			439	473
			440	473
			441	472
			442	472
			443	472
			444	472
			445	472
			446	471
			447	471
			448	471
			449	471
			450	471
			451	471
			452	470
			453	470
			454	470
			455	470
			456	469
			457	469
			458	469
			459	469
			460	469
			461	468
			462	468
			463	468
			464	468
			465	467
			466	467
			467	467
			468	467
			469	466
			470	466
			471	466
			472	466
			473	466
			474	465
			475	465
			476	465
			477	465
			478	465
			479	464
			480	464
			481	464
			482	464
			483	463
			484	463
			485	463
			486	463
			487	462
			488	462
			489	462
			490	462
			491	462
			492	461
			493	461
			494	461
			495	461
			496	460
			497	460
			498	460
			499	460
			500	459
			501	459
			502	459
			503	458
			504	458
			505	458
			506	458
			507	458
			508	457
			509	457
			510	457
			511	456
			512	456
			513	456
			514	456
			515	455
			516	455
			517	455
			518	455
			519	454
			520	454
			521	454
			522	454
			523	453
			524	453
			525	453
			526	453
			527	452
			528	452
			529	452
			530	452
			531	451
			532	451
			533	451
			534	451
			535	450
			536	450
			537	450
			538	450
			538	449
			539	449
			540	449
			541	449
			542	448
			543	448
			544	448
			545	448
			546	447
			547	447
			548	447
			549	447
			550	446
			551	446
			552	446
			553	445
			554	445
			555	445
			556	445
			557	444
			558	444
			559	444
			560	443
			561	443
			562	443
			563	442
			564	442
			565	442
			566	442
			567	441
			568	441
			569	441
			569	440
			570	440
			571	440
			572	440
			573	439
			574	439
			575	438
			576	438
			577	438
			578	437
			579	437
			580	437
			581	436
			582	436
			583	436
			584	435
			585	435
			586	435
			587	434
			588	434
			589	434
			590	433
			591	433
			592	433
			593	432
			594	432
			595	431
			596	431
			597	431
			598	430
			599	430
			600	430
			601	429
			602	429
			603	429
			604	428
			605	428
			606	428
			607	427
			608	427
			609	427
			610	426
			611	426
			612	425
			613	425
			614	425
			615	424
			616	424
			617	424
			618	423
			619	423
			620	423
			621	422
			622	422
			623	422
			624	421
			625	421
			626	421
			626	420
			627	420
			628	420
			629	419
			630	419
			631	419
			632	418
			633	418
			634	417
			635	417
			636	417
			637	416
			638	416
			639	416
			640	415
			641	415
			642	415
			643	414
			644	414
			645	413
			646	413
			647	413
			648	412
			649	412
			650	412
			651	411
			652	411
			653	411
			654	410
			655	410
			656	410
			656	409
			657	409
			658	409
			659	408
			660	408
			661	408
			662	407
			663	407
			664	407
			664	406
			665	406
			666	406
			667	406
			668	405
			669	405
			670	404
			671	404
			672	404
			673	403
			674	403
			675	402
			676	402
			677	402
			678	401
			679	401
			680	401
			681	400
			682	400
			683	399
			684	399
			685	399
			686	398
			687	398
			688	398
			689	397
			690	397
			691	396
			692	396
			693	396
			694	395
			695	395
			696	395
			696	394
			697	394
			698	394
			699	393
			700	393
			701	392
			702	392
			703	392
			704	391
			705	391
			706	391
			706	390
			707	390
			708	390
			709	389
			710	389
			711	388
			712	388
			713	388
			714	388
			715	388
			716	388
			716	389
			717	389
			718	389
			719	389
			720	389
			721	389
			722	389
			723	389
			724	390
			725	390
			726	390
			727	390
			728	390
			729	390
			730	390
			731	390
			732	391
			733	391
			734	391
			735	391
			736	391
			737	391
			738	391
			739	391
			740	391
			741	392
			742	392
			743	392
			744	392
			745	392
			746	392
			747	392
			748	392
			749	392
			750	392
			751	393
			752	393
			753	393
			754	393
			755	393
			756	393
			757	393
			758	393
			759	393
			760	393
			761	394
			762	394
			763	394
			764	394
			765	394
			766	394
			767	394
			768	394
			769	394
			770	394
			771	394
			772	394
			773	395
			774	395
			775	395
			776	395
			777	395
			778	395
			779	395
			780	395
			781	395
			782	395
			783	395
			784	395
			785	395
			786	396
			787	396
			788	396
			789	396
			790	396
			791	396
			792	396
			793	396
			794	396
			795	396
			796	396
			797	396
			798	396
			799	396
			800	396
			801	397
			802	397
			803	397
			804	397
			805	397
			806	397
			807	397
			808	397
			809	397
			810	397
			811	397
			812	397
			813	397
			814	397
			815	397
			816	397
			817	397
			818	397
			819	397
			820	397
			821	397
			822	398
			823	398
			824	398
			825	398
			826	398
			827	398
			828	398
			829	398
			830	398
			831	398
			832	398
			833	398
			834	398
			835	398
			836	398
			837	398
			838	398
			839	398
			840	398
			841	398
			842	398
			843	398
			844	398
			845	398
			846	398
			847	398
			848	398
			849	398
			850	398
			851	398
			852	398
			853	398
			854	398
			855	398
			856	398
			857	398
			858	398
			859	398
			860	398
			861	398
			862	398
			863	398
			864	398
			865	398
			866	398
			867	398
			868	398
			869	398
			870	398
			871	398
			872	398
			873	398
			874	398
			875	398
			876	398
			877	398
			878	398
			879	398
			880	398
			881	398
			882	398
			883	398
			884	398
			885	398
			886	398
			887	398
			888	398
			889	398
			890	398
			891	397
			892	397
			893	397
			894	397
			895	397
			896	397
			897	397
			898	397
			899	397
			900	396
			901	396
			902	396
			903	396
			904	396
			905	396
			906	396
			907	395
			908	395
			909	395
			910	395
			911	395
			912	395
			913	395
			914	395
			915	394
			916	394
			917	394
			918	394
			919	394
			920	394
			921	394
			922	393
			923	393
			924	393
			925	393
			926	393
			927	393
			928	393
			929	393
			929	392
			930	392
			931	392
			932	392
			933	392
			934	392
			935	392
			936	391
			937	391
			938	391
			939	391
			940	391
			941	391
			942	391
			943	390
			944	390
			945	390
			946	390
			947	390
			948	389
			949	389
			950	389
			951	389
			952	389
			953	389
			954	389
			954	388
			955	388
			956	388
			957	388
			958	388
			959	388
			960	387
			961	387
			962	387
			963	387
			964	387
			965	387
			966	386
			967	386
			968	386
			969	386
			970	386
			971	386
			972	385
			973	385
			974	385
			975	385
			976	385
			977	384
			978	384
			979	384
			980	384
			981	384
			982	383
			983	383
			984	383
			985	383
			986	383
			987	382
			988	382
			989	382
		</head>
		<dorsal type=matrix rownames=FALSE colnames=FALSE nrow=120 ncol=2 as.numeric=TRUE >
			989	382
			990	382
			991	383
			992	383
			993	383
			994	383
			995	384
			996	384
			997	384
			998	384
			999	385
			1000	385
			1001	385
			1002	385
			1003	386
			1004	386
			1005	386
			1006	386
			1007	387
			1008	387
			1009	387
			1010	387
			1011	388
			1012	388
			1013	388
			1014	389
			1015	389
			1016	389
			1017	389
			1017	390
			1018	390
			1019	390
			1020	390
			1021	391
			1022	391
			1023	391
			1024	391
			1025	392
			1026	392
			1027	392
			1028	393
			1029	393
			1030	393
			1031	393
			1031	394
			1032	394
			1033	394
			1034	394
			1035	395
			1036	395
			1037	395
			1038	396
			1039	396
			1040	396
			1041	397
			1042	397
			1043	397
			1044	398
			1045	398
			1046	398
			1047	399
			1048	399
			1049	399
			1050	400
			1051	400
			1052	400
			1053	401
			1054	401
			1055	401
			1056	402
			1057	402
			1058	402
			1059	403
			1060	403
			1061	403
			1062	404
			1063	404
			1064	405
			1065	405
			1066	405
			1067	406
			1068	406
			1069	406
			1070	407
			1071	407
			1072	408
			1073	408
			1074	408
			1075	409
			1076	409
			1077	409
			1078	410
			1079	410
			1080	411
			1081	411
			1082	411
			1083	412
			1084	412
			1085	413
			1086	413
			1087	413
			1088	414
			1089	414
			1090	415
			1091	415
			1092	415
			1093	416
			1094	416
			1095	417
			1096	417
			1097	417
			1098	418
			1099	418
			1100	419
			1101	419
			1102	420
			1103	420
			1104	420
			1104	421
			1105	421
		</dorsal>
		<caudal_dors_ant type=matrix rownames=FALSE colnames=FALSE nrow=90 ncol=2 as.numeric=TRUE >
			1105	421
			1106	421
			1107	422
			1108	422
			1109	422
			1110	423
			1111	423
			1112	423
			1113	424
			1114	424
			1115	424
			1116	424
			1117	425
			1118	425
			1119	425
			1120	426
			1121	426
			1122	426
			1123	426
			1124	427
			1125	427
			1126	427
			1127	428
			1128	428
			1129	428
			1130	428
			1131	429
			1132	429
			1133	429
			1134	429
			1135	430
			1136	430
			1137	430
			1138	430
			1139	431
			1140	431
			1141	431
			1142	431
			1143	432
			1144	432
			1145	432
			1146	432
			1147	432
			1148	433
			1149	433
			1150	433
			1151	433
			1152	434
			1153	434
			1154	434
			1155	434
			1156	434
			1157	435
			1158	435
			1159	435
			1160	435
			1161	435
			1162	435
			1163	436
			1164	436
			1165	436
			1166	436
			1167	436
			1168	436
			1169	437
			1170	437
			1171	437
			1172	437
			1173	437
			1174	438
			1175	438
			1176	438
			1177	438
			1178	438
			1179	438
			1180	438
			1181	439
			1182	439
			1183	439
			1184	439
			1185	439
			1186	439
			1187	439
			1188	439
			1189	439
			1190	440
			1191	440
			1192	440
			1193	440
			1194	440
		</caudal_dors_ant>
		<caud_dors_post type=matrix rownames=FALSE colnames=FALSE nrow=64 ncol=2 as.numeric=TRUE >
			1194	440
			1195	440
			1196	440
			1197	440
			1198	440
			1199	440
			1200	440
			1200	441
			1201	441
			1202	441
			1203	441
			1204	441
			1205	441
			1206	441
			1207	441
			1208	441
			1209	441
			1210	441
			1211	441
			1212	441
			1213	441
			1214	441
			1215	441
			1216	441
			1217	441
			1218	442
			1219	442
			1220	442
			1221	442
			1222	442
			1223	442
			1224	442
			1225	442
			1226	442
			1227	442
			1228	442
			1229	442
			1230	442
			1231	442
			1232	442
			1233	442
			1234	442
			1235	442
			1236	442
			1237	442
			1238	442
			1239	442
			1240	442
			1241	442
			1242	442
			1243	442
			1244	442
			1245	442
			1246	442
			1247	442
			1248	441
			1249	441
			1250	441
			1251	441
			1252	441
			1253	441
			1254	441
			1255	441
			1256	441
		</caud_dors_post>
		<caud_vent_post type=matrix rownames=FALSE colnames=FALSE nrow=70 ncol=2 as.numeric=TRUE >
			1261	526
			1260	526
			1259	526
			1258	526
			1257	526
			1256	526
			1255	526
			1254	526
			1253	526
			1252	526
			1251	526
			1250	526
			1249	526
			1248	526
			1247	526
			1246	526
			1245	526
			1244	526
			1243	526
			1242	526
			1241	526
			1240	526
			1239	526
			1238	526
			1237	526
			1236	526
			1235	526
			1234	526
			1233	526
			1232	526
			1231	526
			1230	526
			1229	526
			1228	526
			1227	526
			1226	526
			1225	526
			1224	526
			1223	526
			1222	526
			1221	526
			1220	526
			1219	526
			1218	526
			1217	526
			1216	526
			1215	526
			1214	526
			1213	526
			1212	526
			1211	526
			1210	526
			1209	526
			1208	526
			1207	526
			1206	526
			1205	526
			1204	526
			1203	526
			1202	526
			1201	526
			1200	526
			1199	526
			1198	526
			1197	526
			1196	526
			1195	526
			1194	526
			1193	526
			1192	526
		</caud_vent_post>
		<caudal_vent_ant type=matrix rownames=FALSE colnames=FALSE nrow=70 ncol=2 as.numeric=TRUE >
			1192	526
			1191	526
			1190	526
			1189	526
			1188	527
			1187	527
			1186	527
			1185	527
			1184	527
			1183	527
			1182	528
			1181	528
			1180	528
			1179	528
			1178	528
			1177	529
			1176	529
			1175	529
			1174	529
			1173	529
			1172	530
			1171	530
			1170	530
			1169	530
			1168	531
			1167	531
			1166	531
			1165	531
			1164	532
			1163	532
			1162	532
			1161	532
			1160	533
			1159	533
			1158	533
			1157	534
			1156	534
			1155	534
			1154	534
			1153	535
			1152	535
			1151	536
			1150	536
			1149	536
			1148	537
			1147	537
			1146	537
			1145	538
			1144	538
			1143	538
			1143	539
			1142	539
			1141	539
			1140	540
			1139	540
			1138	541
			1137	541
			1136	541
			1135	542
			1134	542
			1133	543
			1132	543
			1131	543
			1130	544
			1129	545
			1128	545
			1127	546
			1126	546
			1125	547
			1124	547
		</caudal_vent_ant>
		<anal type=matrix rownames=FALSE colnames=FALSE nrow=114 ncol=2 as.numeric=TRUE >
			1124	547
			1123	547
			1122	548
			1121	548
			1120	549
			1119	549
			1118	550
			1117	550
			1116	551
			1115	551
			1114	551
			1114	552
			1113	552
			1112	552
			1112	553
			1111	553
			1110	553
			1110	554
			1109	554
			1108	554
			1108	555
			1107	555
			1106	555
			1106	556
			1105	556
			1104	556
			1104	557
			1103	557
			1102	557
			1101	558
			1100	558
			1099	559
			1098	559
			1097	560
			1096	560
			1095	561
			1094	561
			1093	562
			1092	562
			1091	563
			1090	563
			1089	563
			1088	564
			1087	564
			1086	565
			1085	566
			1084	566
			1083	566
			1083	567
			1082	567
			1081	568
			1080	568
			1079	569
			1078	569
			1077	570
			1076	570
			1075	570
			1075	571
			1074	571
			1073	572
			1072	572
			1071	573
			1070	573
			1069	574
			1068	574
			1067	575
			1066	575
			1065	576
			1064	576
			1063	577
			1062	577
			1061	578
			1060	578
			1059	579
			1058	579
			1057	580
			1056	581
			1055	581
			1054	582
			1053	582
			1052	583
			1051	584
			1050	584
			1049	584
			1048	585
			1047	586
			1046	586
			1045	587
			1044	587
			1043	588
			1042	588
			1041	589
			1040	589
			1039	590
			1038	591
			1037	591
			1036	592
			1035	592
			1034	593
			1033	593
			1032	594
			1031	594
			1031	595
			1030	595
			1029	596
			1028	596
			1027	597
			1026	598
			1025	598
			1024	599
			1023	599
			1022	600
			1021	600
			1020	601
		</anal>
		<ventral_body type=matrix rownames=FALSE colnames=FALSE nrow=1006 ncol=2 as.numeric=TRUE >
			1020	601
			1019	601
			1018	601
			1017	601
			1016	601
			1015	601
			1014	601
			1013	601
			1012	601
			1011	601
			1010	601
			1009	601
			1008	601
			1007	601
			1006	601
			1005	601
			1004	601
			1003	601
			1002	601
			1001	601
			1000	601
			999	601
			998	601
			997	602
			996	602
			995	602
			994	602
			993	602
			992	602
			991	602
			990	602
			989	602
			988	602
			987	602
			986	602
			985	602
			984	602
			983	602
			982	602
			981	602
			980	602
			979	603
			978	603
			977	603
			976	603
			975	603
			974	603
			973	603
			974	604
			975	605
			975	606
			976	607
			976	608
			977	609
			978	610
			978	611
			978	612
			978	613
			978	614
			978	615
			978	616
			977	617
			977	618
			976	619
			975	620
			974	621
			973	621
			972	622
			971	622
			970	622
			969	622
			968	623
			967	623
			966	623
			965	623
			964	623
			963	623
			962	623
			961	624
			960	624
			959	624
			958	624
			957	624
			956	624
			955	624
			954	624
			954	625
			953	625
			952	625
			951	625
			950	625
			949	625
			948	625
			947	626
			946	626
			945	626
			944	626
			943	626
			942	626
			941	626
			940	626
			939	627
			938	627
			937	627
			936	627
			935	627
			934	627
			933	627
			932	628
			931	628
			930	628
			929	628
			928	628
			927	628
			926	628
			925	628
			924	628
			924	629
			923	629
			922	629
			921	629
			920	629
			919	629
			918	629
			917	629
			916	629
			916	630
			915	630
			914	630
			913	630
			912	630
			911	630
			910	630
			909	630
			908	631
			907	631
			906	631
			905	631
			904	631
			903	631
			902	631
			901	631
			900	632
			899	632
			898	632
			897	632
			896	632
			895	632
			894	632
			893	632
			892	633
			891	633
			890	633
			889	633
			888	633
			887	633
			886	633
			885	633
			884	634
			883	634
			882	634
			881	634
			880	634
			879	634
			878	634
			877	634
			876	635
			875	635
			874	635
			873	635
			872	635
			871	635
			870	635
			869	635
			868	635
			867	636
			866	636
			865	636
			864	636
			863	636
			862	636
			861	636
			860	636
			859	637
			858	637
			857	637
			856	637
			855	637
			854	637
			853	637
			852	637
			851	637
			850	638
			849	638
			848	638
			847	638
			846	638
			845	638
			844	638
			843	638
			842	639
			841	639
			840	639
			839	639
			838	639
			837	639
			836	639
			835	639
			834	640
			833	640
			832	640
			831	640
			830	640
			829	640
			828	640
			827	640
			826	640
			825	641
			824	641
			823	641
			822	641
			821	641
			820	641
			819	641
			818	641
			817	642
			816	642
			815	642
			814	642
			813	642
			812	642
			811	642
			810	642
			809	642
			808	642
			807	642
			806	642
			805	642
			804	641
			803	641
			802	641
			801	641
			800	641
			799	641
			798	641
			797	641
			796	641
			795	641
			794	641
			793	641
			792	641
			791	641
			790	641
			789	641
			788	641
			787	641
			786	641
			785	640
			784	640
			783	640
			782	640
			781	640
			780	640
			779	640
			778	640
			777	640
			776	640
			775	640
			774	640
			773	640
			772	640
			771	640
			770	640
			769	639
			768	639
			767	639
			766	639
			765	639
			764	639
			763	639
			762	639
			761	639
			760	639
			759	639
			758	639
			757	639
			756	639
			755	639
			754	639
			753	638
			752	638
			751	638
			750	638
			749	638
			748	638
			747	638
			746	638
			745	638
			744	638
			743	638
			742	638
			741	638
			740	638
			739	638
			738	637
			737	637
			736	637
			735	637
			734	637
			733	637
			732	637
			731	637
			730	637
			729	637
			728	637
			727	637
			726	637
			725	637
			724	637
			723	636
			722	636
			721	636
			720	636
			719	636
			718	636
			717	636
			716	636
			715	636
			714	636
			713	636
			712	636
			711	636
			710	636
			709	635
			708	635
			707	635
			706	635
			705	635
			704	635
			703	635
			702	635
			701	635
			700	635
			699	635
			698	635
			697	634
			696	634
			695	634
			694	634
			693	634
			692	634
			691	634
			690	634
			689	634
			688	634
			687	634
			686	634
			685	634
			684	633
			683	633
			682	633
			681	633
			680	633
			679	633
			678	633
			677	633
			676	633
			675	633
			674	633
			673	633
			672	632
			671	632
			670	632
			669	632
			668	632
			667	632
			666	632
			665	632
			664	632
			663	632
			662	632
			661	632
			660	631
			659	631
			658	631
			657	631
			656	631
			655	631
			654	631
			653	631
			652	631
			651	631
			650	631
			649	630
			648	630
			647	630
			646	630
			645	630
			644	630
			643	630
			642	630
			641	630
			640	630
			639	630
			638	630
			637	629
			636	629
			635	629
			634	629
			633	629
			632	629
			631	629
			630	629
			629	629
			628	629
			627	629
			626	628
			625	628
			624	628
			623	628
			622	628
			621	628
			620	628
			619	628
			618	628
			617	628
			616	627
			615	627
			614	627
			613	627
			612	627
			611	627
			610	627
			609	627
			608	627
			607	626
			606	626
			605	626
			604	626
			603	626
			602	626
			601	626
			600	626
			599	626
			598	626
			597	625
			596	625
			595	625
			594	625
			593	625
			592	625
			591	625
			590	624
			589	624
			588	624
			587	624
			586	623
			585	623
			584	623
			583	622
			582	622
			581	622
			580	621
			579	621
			578	621
			577	620
			576	620
			575	619
			574	619
			573	619
			572	618
			571	618
			570	617
			569	617
			568	616
			567	616
			566	616
			565	615
			564	615
			563	614
			562	614
			561	613
			560	613
			559	612
			558	612
			557	611
			556	611
			555	610
			554	609
			553	609
			552	608
			551	608
			550	607
			549	607
			548	606
			547	606
			546	605
			545	605
			544	604
			543	604
			543	603
			542	603
			541	602
			540	602
			539	601
			538	600
			537	600
			536	599
			535	599
			534	598
			533	597
			532	597
			531	596
			530	595
			529	595
			528	594
			527	593
			526	593
			525	592
			524	591
			523	591
			522	590
			521	589
			520	589
			519	588
			518	587
			517	587
			516	586
			515	585
			514	585
			513	584
			512	584
			511	583
			510	583
			509	582
			508	582
			507	582
			506	581
			505	581
			504	580
			503	580
			502	580
			501	579
			500	579
			499	579
			499	578
			498	578
			497	578
			496	577
			495	577
			494	576
			493	576
			492	575
			491	575
			490	575
			489	574
			488	574
			487	573
			486	573
			485	573
			484	572
			483	572
			482	572
			481	571
			480	571
			479	570
			478	570
			477	569
			476	569
			475	569
			474	568
			473	568
			472	568
			471	567
			470	566
			469	566
			468	566
			467	565
			466	565
			465	565
			464	564
			463	564
			462	563
			461	563
			460	562
			459	562
			458	562
			457	561
			456	561
			455	560
			454	560
			453	560
			452	559
			451	559
			450	559
			449	558
			448	558
			447	557
			446	557
			445	557
			444	556
			443	556
			442	555
			441	555
			440	555
			439	554
			438	554
			437	554
			436	553
			435	553
			434	552
			433	552
			432	552
			432	551
			431	551
			430	551
			429	550
			428	550
			427	549
			426	549
			425	549
			424	549
			424	548
			423	548
			422	548
			421	547
			420	547
			419	547
			419	546
			418	546
			417	546
			416	545
			415	545
			414	544
			413	544
			412	544
			411	543
			410	543
			409	542
			408	542
			407	542
			406	541
			405	541
			404	541
			403	541
			402	540
			401	540
			400	540
			399	540
			398	540
			397	540
			396	539
			395	539
			394	539
			393	539
			392	539
			391	538
			390	538
			389	538
			388	538
			387	538
			386	537
			385	537
			384	537
			383	537
			382	537
			381	537
			380	536
			379	536
			378	536
			377	536
			376	536
			375	535
			374	535
			373	535
			372	535
			371	535
			370	535
			369	534
			368	534
			367	534
			366	534
			365	534
			364	534
			363	533
			362	533
			361	533
			360	533
			359	533
			358	533
			357	532
			356	532
			355	532
			354	532
			353	532
			352	532
			351	531
			350	531
			349	531
			348	531
			347	531
			346	531
			345	530
			344	530
			343	530
			342	530
			341	530
			340	530
			339	529
			338	529
			337	529
			336	529
			335	529
			334	529
			333	528
			332	528
			331	528
			330	528
			329	528
			328	528
			327	528
			326	527
			325	527
			324	527
			323	527
			322	527
			321	527
			320	526
			319	526
			318	526
			317	526
			316	526
			315	526
			314	525
			313	525
			312	525
			311	525
			310	525
			309	525
			308	525
			307	524
			306	524
			305	524
			304	524
			303	524
			302	524
			301	524
			300	523
			299	523
			298	523
			297	523
			296	523
			295	523
			294	523
			293	522
			292	522
			291	522
			290	522
			289	522
			288	522
			287	522
			286	521
			285	521
			284	521
			283	521
			282	521
			281	521
			280	521
			279	520
			278	520
			277	520
			276	520
			275	520
			274	520
			273	520
			272	519
			271	519
			270	519
			269	519
			268	519
			267	519
			266	519
			265	518
			264	518
			263	518
			262	518
			261	518
			260	518
			259	518
			258	518
			257	517
			256	517
			255	517
			254	517
			253	517
			252	517
			251	517
			250	516
			249	516
			248	516
			247	516
			246	516
			245	516
			244	516
			243	516
			242	516
			241	516
			240	516
			239	515
			238	515
			237	515
			236	515
			235	515
			234	515
			233	515
			232	515
			231	515
			230	515
			229	515
			228	515
			227	515
			226	515
			225	515
			224	515
			223	514
			222	514
			221	514
			220	514
			219	514
			218	514
			217	514
			216	514
			215	514
			214	514
			213	514
			212	514
			211	514
			210	514
			209	514
			208	513
			207	513
			206	513
			205	513
			204	513
			203	513
			202	513
			201	513
			200	513
			199	513
			198	513
			197	513
			196	513
			195	513
			194	513
			193	512
			192	512
			191	512
			190	512
			189	512
			188	512
			187	512
			186	512
			185	512
			184	512
			183	512
			182	512
			181	512
			180	512
			179	511
			178	511
			177	511
			176	511
			175	511
			174	511
			173	511
			172	511
			171	511
			170	511
			169	511
			168	511
			167	511
			166	511
			165	510
			164	510
			163	510
			162	510
			161	510
			160	510
			159	510
			158	510
			157	510
			156	510
			155	510
			154	510
			153	510
			152	510
			151	509
			150	509
			149	509
			148	509
			147	509
			146	509
			145	509
			144	509
			143	509
			142	509
			141	509
			140	509
			139	509
			138	508
			137	508
			136	508
			135	508
			134	508
			133	508
			132	508
			131	508
			130	508
			129	508
			128	508
			127	508
			126	508
			125	508
			124	507
			123	507
			122	507
			121	507
			120	507
			119	507
			118	507
			117	507
			116	507
			115	507
			114	507
			113	507
			112	506
			111	506
			110	506
			109	506
			108	506
			107	506
			106	506
			105	506
			104	506
			103	506
			102	506
			101	506
			100	505
			99	505
			98	505
			97	505
			96	505
			95	505
			94	505
			93	505
			92	505
			91	505
			90	505
			89	504
			88	504
			87	504
			86	504
			85	504
			84	504
			83	504
			82	503
			81	503
			80	503
			79	503
			78	503
			77	503
			76	502
			75	502
			74	502
			73	502
			72	502
			71	501
			70	501
			69	501
			68	501
			67	501
			66	501
			66	500
			65	500
			64	500
			63	500
			62	500
			61	499
			60	499
			59	499
			58	499
			58	498
			57	498
			56	498
			55	498
			54	497
			53	497
			52	497
			51	496
			50	496
			49	496
			48	495
			47	494
			46	494
			45	493
			44	493
		</ventral_body>
		<operculum type=matrix rownames=FALSE colnames=FALSE nrow=37 ncol=2 as.numeric=TRUE >
			668	555
			668	554
			667	553
			667	552
			666	551
			666	550
			666	549
			665	548
			665	547
			665	546
			664	545
			664	544
			664	543
			664	542
			664	541
			664	540
			664	539
			664	538
			664	537
			664	536
			664	535
			664	534
			664	533
			664	532
			664	531
			664	530
			664	529
			664	528
			665	527
			665	526
			665	525
			666	524
			666	523
			667	522
			667	521
			667	520
			668	519
		</operculum>
	</curves.pixel>
</shapes>

