<shapes type=list>
	<scaling type=logical names=FALSE length=1 as.numeric=FALSE >NA</scaling>
	<landmarks.pixel type=matrix rownames=TRUE colnames=FALSE nrow=17 ncol=2 as.numeric=TRUE >
		pectoral_dors	176	206
		pectoral_vent	216	233
		premax_post	46	204
		eye_ant	101	129
		eye_post	178	118
		upper_jaw	29	197
		dorsal_ant	367	100
		dorsal_post	409	127
		caud_pedunc_dors	504	167
		caud_scale_dors	522	165
		caud_scale_vent	520	206
		caud_pedunc_vent	502	203
		anal_post	411	229
		anal_ant	375	251
		lower_jaw	34	224
		operc_vent	165	221
		oper_dor	175	188
	</landmarks.pixel>
	<curves.control type=list>
		<head type=matrix rownames=FALSE colnames=FALSE nrow=17 ncol=2 as.numeric=TRUE >
			29	197
			35	185
			47	178
			52	175
			52	164
			64	150
			76	139
			95	119
			103	108
			107	96
			127	77
			149	70
			195	66
			237	69
			308	80
			339	92
			367	100
		</head>
		<dorsal type=matrix rownames=FALSE colnames=FALSE nrow=3 ncol=2 as.numeric=TRUE >
			367	100
			391	109
			409	127
		</dorsal>
		<caudal_dors_ant type=matrix rownames=FALSE colnames=FALSE nrow=3 ncol=2 as.numeric=TRUE >
			409	127
			410	146
			504	167
		</caudal_dors_ant>
		<caud_dors_post type=matrix rownames=FALSE colnames=FALSE nrow=3 ncol=2 as.numeric=TRUE >
			504	167
			514	167
			522	165
		</caud_dors_post>
		<caud_vent_post type=matrix rownames=FALSE colnames=FALSE nrow=3 ncol=2 as.numeric=TRUE >
			520	206
			512	203
			502	203
		</caud_vent_post>
		<caudal_vent_ant type=matrix rownames=FALSE colnames=FALSE nrow=3 ncol=2 as.numeric=TRUE >
			502	203
			467	211
			411	229
		</caudal_vent_ant>
		<anal type=matrix rownames=FALSE colnames=FALSE nrow=3 ncol=2 as.numeric=TRUE >
			411	229
			391	242
			375	251
		</anal>
		<ventral_body type=matrix rownames=FALSE colnames=FALSE nrow=11 ncol=2 as.numeric=TRUE >
			375	251
			341	263
			279	280
			204	293
			138	274
			106	256
			86	240
			71	234
			58	237
			41	235
			34	224
		</ventral_body>
		<operculum type=matrix rownames=FALSE colnames=FALSE nrow=5 ncol=2 as.numeric=TRUE >
			165	221
			162	207
			164	199
			169	191
			175	188
		</operculum>
	</curves.control>
	<curves.pixel type=list>
		<head type=matrix rownames=FALSE colnames=FALSE nrow=374 ncol=2 as.numeric=TRUE >
			29	197
			29	196
			30	195
			31	194
			31	193
			32	192
			33	191
			34	190
			34	189
			35	188
			36	187
			37	186
			38	185
			39	184
			40	183
			41	182
			42	181
			43	181
			44	180
			45	179
			46	178
			47	178
			48	177
			49	177
			49	176
			50	175
			50	174
			51	173
			51	172
			51	171
			52	170
			52	169
			52	168
			52	167
			52	166
			52	165
			52	164
			53	163
			54	162
			55	161
			55	160
			56	159
			57	159
			57	158
			58	157
			59	156
			60	155
			61	154
			62	153
			63	152
			64	151
			64	150
			65	149
			66	149
			67	148
			68	147
			69	146
			70	145
			70	144
			71	143
			72	143
			73	142
			74	141
			75	140
			76	139
			77	138
			78	137
			79	136
			80	135
			81	134
			82	133
			82	132
			83	132
			84	131
			84	130
			85	129
			86	128
			87	127
			88	126
			89	125
			90	124
			91	123
			91	122
			92	121
			93	121
			93	120
			94	119
			95	118
			96	117
			97	116
			97	115
			98	114
			99	113
			100	112
			101	111
			101	110
			102	109
			103	108
			103	107
			104	106
			104	105
			105	104
			105	103
			106	102
			107	101
			107	100
			108	99
			108	98
			109	97
			110	96
			110	95
			111	94
			112	93
			113	92
			114	91
			115	90
			115	89
			116	88
			117	87
			118	86
			119	85
			120	84
			121	83
			122	82
			123	81
			124	80
			125	79
			126	78
			127	77
			128	77
			129	76
			130	76
			131	76
			132	76
			133	75
			134	75
			135	75
			136	75
			136	74
			137	74
			138	74
			139	74
			140	74
			141	73
			142	73
			143	73
			144	73
			145	73
			146	72
			147	72
			148	72
			149	72
			150	72
			151	71
			152	71
			153	71
			154	71
			155	71
			156	71
			157	70
			158	70
			159	70
			160	70
			161	70
			162	70
			163	70
			163	69
			164	69
			165	69
			166	69
			167	69
			168	69
			169	69
			170	69
			171	69
			172	68
			173	68
			174	68
			175	68
			176	68
			177	68
			178	68
			179	68
			180	67
			181	67
			182	67
			183	67
			184	67
			185	67
			186	67
			187	67
			188	67
			189	67
			190	66
			191	66
			192	66
			193	66
			194	66
			195	66
			196	66
			197	66
			198	66
			199	66
			200	66
			201	66
			202	67
			203	67
			204	67
			205	67
			206	67
			207	67
			208	67
			209	67
			210	67
			211	67
			212	67
			213	67
			213	68
			214	68
			215	68
			216	68
			217	68
			218	68
			219	68
			220	68
			221	68
			222	68
			223	69
			224	69
			225	69
			226	69
			227	69
			228	69
			229	69
			230	69
			231	69
			232	70
			233	70
			234	70
			235	70
			236	70
			237	70
			238	70
			239	70
			240	70
			241	71
			242	71
			243	71
			244	71
			245	71
			246	71
			247	71
			248	71
			249	72
			250	72
			251	72
			252	72
			253	72
			254	72
			255	72
			256	72
			257	73
			258	73
			259	73
			260	73
			261	73
			262	73
			263	73
			264	74
			265	74
			266	74
			267	74
			268	74
			269	74
			270	74
			271	75
			272	75
			273	75
			274	75
			275	75
			276	75
			277	75
			278	76
			279	76
			280	76
			281	76
			282	76
			283	76
			284	76
			285	77
			286	77
			287	77
			288	77
			289	77
			290	77
			291	77
			292	78
			293	78
			294	78
			295	78
			296	78
			297	78
			298	78
			299	79
			300	79
			301	79
			302	79
			303	79
			304	79
			305	79
			306	80
			307	80
			308	80
			309	80
			310	81
			311	81
			312	82
			313	82
			314	82
			315	83
			316	83
			317	83
			318	84
			319	84
			320	85
			321	85
			322	85
			323	86
			324	86
			325	86
			326	87
			327	87
			328	87
			329	88
			330	88
			331	88
			331	89
			332	89
			333	89
			334	90
			335	90
			336	90
			337	90
			338	91
			339	91
			340	92
			341	92
			342	92
			343	93
			344	93
			345	93
			346	94
			347	94
			348	94
			349	95
			350	95
			351	95
			352	96
			353	96
			354	96
			355	96
			356	97
			357	97
			358	97
			359	98
			360	98
			361	98
			362	99
			363	99
			364	99
			365	99
			365	100
			366	100
			367	100
		</head>
		<dorsal type=matrix rownames=FALSE colnames=FALSE nrow=49 ncol=2 as.numeric=TRUE >
			367	100
			368	100
			369	101
			370	101
			371	101
			372	102
			373	102
			374	103
			375	104
			376	104
			377	104
			378	105
			379	105
			380	106
			381	106
			382	107
			383	107
			383	108
			384	108
			385	108
			386	109
			387	110
			388	110
			389	111
			390	111
			391	112
			391	113
			392	113
			393	114
			394	114
			395	115
			396	115
			396	116
			397	117
			398	117
			399	118
			400	119
			401	119
			401	120
			402	121
			403	121
			404	122
			404	123
			405	123
			406	124
			407	125
			407	126
			408	126
			409	127
		</dorsal>
		<caudal_dors_ant type=matrix rownames=FALSE colnames=FALSE nrow=103 ncol=2 as.numeric=TRUE >
			409	127
			409	128
			409	129
			410	130
			410	131
			411	132
			411	133
			412	134
			413	134
			414	135
			415	136
			416	137
			417	138
			418	139
			419	139
			420	140
			421	140
			422	141
			423	141
			424	142
			425	143
			426	143
			427	144
			428	144
			429	145
			430	145
			431	146
			432	146
			433	146
			433	147
			434	147
			435	147
			436	148
			437	148
			438	148
			439	149
			440	149
			441	150
			442	150
			443	150
			444	151
			445	151
			446	151
			447	152
			448	152
			449	152
			450	153
			451	153
			452	153
			453	154
			454	154
			455	154
			456	155
			457	155
			458	155
			459	155
			460	156
			461	156
			462	156
			463	157
			464	157
			465	157
			466	158
			467	158
			468	158
			469	158
			470	159
			471	159
			472	159
			473	159
			473	160
			474	160
			475	160
			476	160
			477	160
			477	161
			478	161
			479	161
			480	161
			481	162
			482	162
			483	162
			484	162
			485	163
			486	163
			487	163
			488	163
			489	164
			490	164
			491	164
			492	164
			493	164
			494	165
			495	165
			496	165
			497	165
			498	166
			499	166
			500	166
			501	166
			502	167
			503	167
			504	167
		</caudal_dors_ant>
		<caud_dors_post type=matrix rownames=FALSE colnames=FALSE nrow=19 ncol=2 as.numeric=TRUE >
			504	167
			505	167
			506	167
			507	167
			508	167
			509	167
			510	167
			511	167
			512	167
			513	167
			514	166
			515	166
			516	166
			517	166
			518	166
			519	166
			520	165
			521	165
			522	165
		</caud_dors_post>
		<caud_vent_post type=matrix rownames=FALSE colnames=FALSE nrow=20 ncol=2 as.numeric=TRUE >
			520	206
			519	206
			518	205
			517	205
			516	205
			515	205
			515	204
			514	204
			513	204
			512	204
			511	204
			510	203
			509	203
			508	203
			507	203
			506	203
			505	203
			504	203
			503	203
			502	203
		</caud_vent_post>
		<caudal_vent_ant type=matrix rownames=FALSE colnames=FALSE nrow=92 ncol=2 as.numeric=TRUE >
			502	203
			501	203
			500	204
			499	204
			498	204
			497	204
			496	204
			495	205
			494	205
			493	205
			492	205
			491	206
			490	206
			489	206
			488	206
			487	207
			486	207
			485	207
			484	207
			483	208
			482	208
			481	208
			480	208
			479	209
			478	209
			477	209
			476	210
			475	210
			474	210
			473	210
			472	211
			471	211
			470	211
			469	211
			468	212
			467	212
			466	212
			465	213
			464	213
			463	213
			462	213
			461	214
			460	214
			459	214
			458	215
			457	215
			456	215
			455	216
			454	216
			453	216
			452	216
			451	217
			450	217
			449	217
			448	218
			447	218
			446	218
			445	218
			444	219
			443	219
			442	219
			441	220
			440	220
			439	220
			438	221
			437	221
			436	221
			435	221
			434	222
			433	222
			432	222
			431	223
			430	223
			429	223
			428	224
			427	224
			426	224
			425	224
			424	225
			423	225
			422	225
			421	226
			420	226
			419	226
			418	227
			417	227
			416	227
			415	228
			414	228
			413	228
			412	229
			411	229
		</caudal_vent_ant>
		<anal type=matrix rownames=FALSE colnames=FALSE nrow=39 ncol=2 as.numeric=TRUE >
			411	229
			410	230
			409	230
			408	231
			407	231
			406	232
			405	233
			404	233
			404	234
			403	234
			402	235
			401	236
			400	236
			399	237
			398	237
			397	238
			396	238
			396	239
			395	239
			394	240
			393	240
			392	241
			391	241
			390	242
			389	243
			388	244
			387	244
			386	245
			385	245
			384	246
			383	247
			382	247
			381	248
			380	248
			379	249
			378	249
			377	250
			376	250
			375	251
		</anal>
		<ventral_body type=matrix rownames=FALSE colnames=FALSE nrow=350 ncol=2 as.numeric=TRUE >
			375	251
			374	251
			373	252
			372	252
			371	252
			370	253
			369	253
			368	253
			367	254
			366	254
			365	254
			364	255
			363	255
			362	255
			361	256
			360	256
			359	257
			358	257
			357	257
			356	257
			355	258
			354	258
			353	258
			352	259
			351	259
			350	259
			349	259
			349	260
			348	260
			347	260
			346	261
			345	261
			344	261
			343	261
			342	262
			341	262
			340	263
			339	263
			338	263
			337	263
			336	264
			335	264
			334	264
			333	264
			333	265
			332	265
			331	265
			330	265
			329	266
			328	266
			327	266
			326	267
			325	267
			324	267
			323	268
			322	268
			321	268
			320	268
			320	269
			319	269
			318	269
			317	269
			316	270
			315	270
			314	270
			313	270
			313	271
			312	271
			311	271
			310	271
			309	272
			308	272
			307	272
			306	272
			305	273
			304	273
			303	273
			302	274
			301	274
			300	274
			299	274
			298	275
			297	275
			296	275
			295	276
			294	276
			293	276
			292	277
			291	277
			290	277
			289	277
			288	278
			287	278
			286	278
			285	278
			284	279
			283	279
			282	279
			281	279
			280	280
			279	280
			278	280
			277	280
			276	281
			275	281
			274	281
			273	281
			272	281
			271	281
			270	281
			269	282
			268	282
			267	282
			266	282
			265	282
			264	282
			263	282
			262	283
			261	283
			260	283
			259	283
			258	283
			257	283
			256	283
			255	283
			254	283
			253	284
			252	284
			251	284
			250	284
			249	284
			248	284
			247	284
			246	284
			245	284
			244	284
			243	284
			242	284
			241	285
			240	285
			239	285
			238	285
			237	285
			236	285
			235	285
			234	285
			233	285
			232	285
			231	285
			230	285
			229	285
			228	285
			227	285
			226	285
			225	285
			224	285
			223	285
			222	285
			221	285
			220	285
			219	285
			218	285
			217	285
			216	285
			215	285
			214	285
			213	285
			212	285
			211	285
			210	285
			209	285
			208	285
			207	285
			206	285
			205	285
			204	285
			203	285
			202	285
			201	285
			200	285
			199	285
			198	285
			197	284
			196	284
			195	284
			194	284
			193	284
			192	284
			191	284
			190	284
			189	284
			188	284
			187	284
			186	283
			185	283
			184	283
			183	283
			182	283
			181	283
			180	283
			179	283
			178	282
			177	282
			176	282
			175	282
			174	282
			173	282
			172	282
			171	281
			170	281
			169	281
			168	281
			167	281
			166	281
			165	280
			164	280
			163	280
			162	280
			161	280
			160	279
			159	279
			158	279
			157	279
			156	279
			156	278
			155	278
			154	278
			153	278
			152	278
			151	277
			150	277
			149	277
			148	277
			147	276
			146	276
			145	276
			144	276
			143	275
			142	275
			141	275
			140	275
			139	274
			138	274
			137	274
			136	273
			135	273
			135	272
			134	272
			133	271
			132	271
			131	270
			130	269
			129	269
			128	268
			127	267
			126	267
			125	266
			124	266
			123	265
			122	264
			121	264
			120	263
			119	263
			118	262
			117	261
			116	261
			115	260
			114	260
			113	259
			112	259
			111	258
			110	257
			109	257
			109	256
			108	256
			107	255
			106	254
			105	254
			104	253
			103	253
			102	252
			101	251
			100	250
			99	250
			98	249
			97	248
			96	248
			95	247
			94	246
			93	246
			92	245
			91	244
			90	243
			89	242
			88	241
			87	240
			86	240
			85	240
			84	239
			83	239
			82	239
			81	238
			80	238
			79	238
			78	237
			77	237
			76	237
			75	237
			74	237
			73	236
			72	236
			71	236
			70	236
			69	236
			68	236
			67	236
			66	236
			65	236
			64	236
			63	236
			62	236
			61	236
			60	237
			59	237
			58	237
			57	237
			56	237
			55	237
			54	236
			53	236
			52	236
			51	236
			50	235
			49	235
			48	235
			47	234
			46	234
			45	233
			44	233
			43	232
			42	232
			41	231
			40	230
			39	230
			38	229
			37	228
			36	227
			35	226
			35	225
			34	224
		</ventral_body>
		<operculum type=matrix rownames=FALSE colnames=FALSE nrow=37 ncol=2 as.numeric=TRUE >
			165	221
			165	220
			165	219
			164	218
			164	217
			164	216
			164	215
			164	214
			164	213
			164	212
			163	211
			163	210
			163	209
			163	208
			163	207
			163	206
			163	205
			163	204
			163	203
			163	202
			164	202
			164	201
			164	200
			164	199
			164	198
			165	198
			165	197
			166	196
			167	195
			168	194
			169	193
			170	192
			171	191
			172	190
			173	189
			174	189
			175	188
		</operculum>
	</curves.pixel>
</shapes>

