<shapes type=list>
	<scaling type=logical names=FALSE length=1 as.numeric=FALSE >NA</scaling>
	<landmarks.pixel type=matrix rownames=TRUE colnames=FALSE nrow=17 ncol=2 as.numeric=TRUE >
		pectoral_dors	152	173
		pectoral_vent	168	211
		premax_post	40	169
		eye_ant	97	90
		eye_post	152	82
		upper_jaw	10	169
		dorsal_ant	352	93
		dorsal_post	390	116
		caud_pedunc_dors	447	138
		caud_scale_dors	507	141
		caud_scale_vent	511	186
		caud_pedunc_vent	454	178
		anal_post	432	208
		anal_ant	410	230
		lower_jaw	19	185
		operc_vent	142	181
		oper_dor	153	150
	</landmarks.pixel>
	<curves.control type=list>
		<head type=matrix rownames=FALSE colnames=FALSE nrow=21 ncol=2 as.numeric=TRUE >
			10	169
			22	160
			27	152
			29	142
			48	131
			69	123
			84	103
			93	94
			92	72
			20	61
			96	60
			124	43
			154	53
			183	56
			209	56
			235	56
			259	63
			294	74
			318	83
			339	89
			352	93
		</head>
		<dorsal type=matrix rownames=FALSE colnames=FALSE nrow=3 ncol=2 as.numeric=TRUE >
			352	93
			370	104
			390	116
		</dorsal>
		<caudal_dors_ant type=matrix rownames=FALSE colnames=FALSE nrow=5 ncol=2 as.numeric=TRUE >
			390	116
			406	124
			423	128
			439	130
			447	138
		</caudal_dors_ant>
		<caud_dors_post type=matrix rownames=FALSE colnames=FALSE nrow=7 ncol=2 as.numeric=TRUE >
			447	138
			455	139
			472	139
			487	140
			496	138
			502	139
			507	141
		</caud_dors_post>
		<caud_vent_post type=matrix rownames=FALSE colnames=FALSE nrow=5 ncol=2 as.numeric=TRUE >
			511	186
			502	185
			489	183
			471	180
			454	178
		</caud_vent_post>
		<caudal_vent_ant type=matrix rownames=FALSE colnames=FALSE nrow=7 ncol=2 as.numeric=TRUE >
			454	178
			449	179
			454	184
			446	187
			438	191
			433	197
			432	208
		</caudal_vent_ant>
		<anal type=matrix rownames=FALSE colnames=FALSE nrow=5 ncol=2 as.numeric=TRUE >
			432	208
			424	215
			418	217
			413	224
			410	230
		</anal>
		<ventral_body type=matrix rownames=FALSE colnames=FALSE nrow=15 ncol=2 as.numeric=TRUE >
			410	230
			545	220
			402	237
			368	254
			253	258
			200	258
			152	252
			111	233
			82	214
			64	203
			52	189
			48	186
			38	187
			28	187
			19	185
		</ventral_body>
		<operculum type=matrix rownames=FALSE colnames=FALSE nrow=5 ncol=2 as.numeric=TRUE >
			142	181
			145	172
			147	163
			150	158
			153	150
		</operculum>
	</curves.control>
	<curves.pixel type=list>
		<head type=matrix rownames=FALSE colnames=FALSE nrow=461 ncol=2 as.numeric=TRUE >
			10	169
			11	169
			11	168
			12	167
			13	167
			14	166
			15	165
			16	165
			16	164
			17	163
			18	162
			19	162
			20	161
			20	160
			21	159
			22	159
			22	158
			23	157
			24	157
			24	156
			25	155
			26	154
			26	153
			27	152
			27	151
			27	150
			28	149
			28	148
			29	147
			30	146
			30	145
			31	144
			32	143
			33	142
			34	141
			35	140
			36	139
			37	138
			38	138
			39	137
			40	136
			41	135
			42	135
			43	134
			44	133
			45	133
			46	132
			47	132
			48	131
			49	131
			50	130
			51	130
			52	129
			53	129
			54	128
			55	128
			56	127
			57	127
			58	126
			59	126
			60	125
			61	125
			61	124
			62	124
			63	123
			64	123
			64	122
			65	122
			66	121
			67	120
			68	119
			69	119
			70	118
			71	117
			72	117
			72	116
			73	115
			74	114
			75	114
			75	113
			76	112
			77	111
			78	111
			78	110
			79	109
			80	108
			81	107
			82	106
			83	105
			84	104
			84	103
			85	102
			86	101
			86	100
			87	99
			88	98
			88	97
			89	96
			89	95
			90	94
			90	93
			90	92
			90	91
			91	91
			91	90
			91	89
			91	88
			91	87
			91	86
			92	85
			92	84
			92	83
			92	82
			92	81
			92	80
			92	79
			92	78
			92	77
			92	76
			92	75
			92	74
			92	73
			91	72
			90	72
			89	71
			88	71
			87	71
			86	71
			85	71
			84	71
			83	71
			82	70
			81	70
			80	70
			79	70
			78	70
			77	70
			76	69
			75	69
			74	69
			73	69
			72	69
			72	68
			71	68
			70	68
			69	68
			68	68
			67	68
			66	67
			65	67
			64	67
			63	67
			63	66
			62	66
			61	66
			60	66
			60	65
			59	65
			58	65
			57	64
			57	63
			58	63
			59	62
			60	62
			61	62
			62	62
			63	62
			64	61
			65	61
			66	61
			67	61
			68	61
			69	61
			70	61
			71	61
			72	61
			73	61
			74	61
			75	61
			76	61
			77	60
			78	60
			79	60
			80	60
			81	60
			82	60
			83	60
			84	60
			85	60
			86	60
			87	60
			88	60
			89	60
			90	60
			91	60
			92	60
			93	60
			94	60
			95	60
			96	60
			97	60
			97	59
			98	59
			99	58
			100	57
			101	57
			102	57
			103	56
			104	56
			105	55
			106	55
			107	54
			108	54
			109	54
			110	53
			111	53
			112	53
			113	52
			114	52
			115	52
			116	51
			117	51
			118	51
			119	51
			120	50
			121	50
			122	50
			123	50
			124	50
			125	50
			126	50
			127	49
			128	49
			129	49
			130	49
			131	49
			132	49
			133	49
			134	49
			135	49
			136	49
			137	49
			138	50
			139	50
			140	50
			141	50
			142	50
			143	50
			144	50
			145	51
			146	51
			147	51
			148	51
			149	52
			150	52
			151	52
			152	52
			153	53
			154	53
			155	53
			156	53
			157	53
			158	53
			159	53
			160	54
			161	54
			162	54
			163	54
			164	54
			165	54
			166	54
			167	54
			168	54
			169	54
			170	54
			171	54
			171	55
			172	55
			173	55
			174	55
			175	55
			176	55
			177	55
			178	55
			179	55
			180	55
			181	55
			182	55
			183	55
			184	55
			185	55
			186	55
			187	56
			188	56
			189	56
			190	56
			191	56
			192	56
			193	56
			194	56
			195	56
			196	56
			197	56
			198	56
			199	56
			200	56
			201	56
			202	56
			203	56
			204	56
			205	56
			206	56
			207	56
			208	56
			209	56
			210	56
			211	56
			212	56
			213	56
			214	56
			215	56
			216	56
			217	56
			218	56
			219	56
			220	56
			221	56
			222	56
			223	56
			224	57
			225	57
			226	57
			227	57
			228	57
			229	57
			230	57
			231	57
			232	57
			233	58
			234	58
			235	58
			236	58
			237	58
			238	58
			239	58
			240	59
			241	59
			242	59
			243	59
			244	59
			245	59
			245	60
			246	60
			247	60
			248	60
			249	60
			250	61
			251	61
			252	61
			253	61
			254	62
			255	62
			256	62
			257	63
			258	63
			259	63
			260	63
			261	64
			262	64
			263	64
			264	65
			265	65
			266	65
			267	65
			268	66
			269	66
			270	67
			271	67
			272	67
			273	67
			274	68
			275	68
			276	68
			277	69
			278	69
			279	69
			280	70
			281	70
			282	70
			283	71
			284	71
			285	71
			286	72
			287	72
			288	73
			289	73
			290	73
			291	74
			292	74
			293	74
			294	75
			295	75
			296	75
			297	76
			298	76
			299	76
			300	77
			301	77
			302	77
			303	78
			304	78
			305	78
			306	78
			306	79
			307	79
			308	79
			309	80
			310	80
			311	80
			312	81
			313	81
			314	82
			315	82
			316	82
			317	83
			318	83
			319	83
			320	84
			321	84
			322	84
			323	84
			324	85
			325	85
			326	85
			327	86
			328	86
			329	86
			330	86
			331	87
			332	87
			333	87
			334	88
			335	88
			336	88
			337	89
			338	89
			339	89
			340	89
			341	90
			342	90
			343	90
			344	91
			345	91
			346	91
			347	91
			347	92
			348	92
			349	92
			350	92
			351	93
			352	93
		</head>
		<dorsal type=matrix rownames=FALSE colnames=FALSE nrow=39 ncol=2 as.numeric=TRUE >
			352	93
			353	93
			354	94
			355	95
			356	96
			357	96
			358	97
			359	97
			360	98
			361	99
			362	99
			363	100
			364	100
			365	101
			366	102
			367	102
			368	103
			369	104
			370	104
			371	105
			372	105
			373	106
			374	107
			375	107
			376	108
			377	108
			378	109
			379	110
			380	110
			381	110
			382	111
			383	112
			384	112
			385	113
			386	113
			387	114
			388	115
			389	115
			390	116
		</dorsal>
		<caudal_dors_ant type=matrix rownames=FALSE colnames=FALSE nrow=64 ncol=2 as.numeric=TRUE >
			390	116
			391	117
			392	117
			393	118
			394	118
			395	118
			396	119
			397	119
			398	120
			399	120
			400	121
			401	121
			402	121
			402	122
			403	122
			404	122
			405	123
			406	123
			407	123
			408	124
			409	124
			410	124
			411	125
			412	125
			413	125
			414	126
			415	126
			416	126
			417	126
			418	127
			419	127
			420	127
			421	128
			422	128
			423	128
			424	128
			425	128
			426	128
			427	129
			428	129
			429	129
			430	129
			431	129
			431	130
			432	130
			433	130
			434	130
			434	131
			435	131
			436	131
			437	131
			437	132
			438	132
			439	132
			439	133
			440	133
			441	133
			441	134
			442	134
			443	135
			444	136
			445	136
			446	137
			447	138
		</caudal_dors_ant>
		<caud_dors_post type=matrix rownames=FALSE colnames=FALSE nrow=61 ncol=2 as.numeric=TRUE >
			447	138
			448	138
			449	138
			450	138
			451	138
			452	138
			453	139
			454	139
			455	139
			456	139
			457	139
			458	139
			459	139
			460	139
			461	139
			462	139
			463	139
			464	139
			465	139
			466	139
			467	139
			468	139
			469	139
			470	139
			471	139
			472	139
			473	139
			474	139
			475	139
			476	139
			477	139
			478	139
			479	139
			480	139
			481	139
			482	139
			483	139
			484	139
			485	139
			486	139
			487	139
			488	139
			489	139
			490	139
			491	139
			492	139
			493	139
			494	138
			495	138
			496	138
			497	138
			498	138
			499	139
			500	139
			501	139
			502	139
			503	140
			504	140
			505	140
			506	140
			507	141
		</caud_dors_post>
		<caud_vent_post type=matrix rownames=FALSE colnames=FALSE nrow=58 ncol=2 as.numeric=TRUE >
			511	186
			510	186
			509	186
			508	186
			507	186
			506	185
			505	185
			504	185
			503	185
			502	185
			501	185
			500	185
			499	184
			498	184
			497	184
			496	184
			495	184
			494	184
			493	184
			492	184
			491	183
			490	183
			489	183
			488	183
			487	183
			486	183
			485	182
			484	182
			483	182
			482	182
			481	182
			480	181
			479	181
			478	181
			477	181
			476	181
			475	181
			474	181
			473	181
			472	180
			471	180
			470	180
			469	180
			468	180
			467	180
			466	180
			465	179
			464	179
			463	179
			462	179
			461	179
			460	179
			459	179
			458	178
			457	178
			456	178
			455	178
			454	178
		</caud_vent_post>
		<caudal_vent_ant type=matrix rownames=FALSE colnames=FALSE nrow=44 ncol=2 as.numeric=TRUE >
			454	178
			453	178
			452	179
			452	180
			452	181
			452	182
			453	183
			454	184
			453	184
			452	185
			451	185
			450	185
			449	186
			448	186
			447	187
			446	187
			445	188
			444	188
			443	188
			443	189
			442	189
			441	189
			441	190
			440	190
			439	190
			439	191
			438	191
			437	192
			437	193
			436	194
			435	195
			435	196
			434	197
			434	198
			434	199
			433	200
			433	201
			433	202
			433	203
			433	204
			432	205
			432	206
			432	207
			432	208
		</caudal_vent_ant>
		<anal type=matrix rownames=FALSE colnames=FALSE nrow=29 ncol=2 as.numeric=TRUE >
			432	208
			431	209
			430	210
			429	210
			428	211
			427	212
			426	213
			425	213
			425	214
			424	214
			423	215
			422	215
			421	216
			420	216
			419	217
			418	217
			417	218
			416	219
			416	220
			415	221
			414	222
			414	223
			413	224
			413	225
			412	226
			412	227
			411	228
			411	229
			410	230
		</anal>
		<ventral_body type=matrix rownames=FALSE colnames=FALSE nrow=538 ncol=2 as.numeric=TRUE >
			410	230
			411	230
			412	230
			413	230
			414	230
			415	230
			416	230
			417	229
			418	229
			419	229
			420	229
			421	229
			422	229
			423	229
			424	229
			425	229
			426	229
			427	229
			428	229
			429	229
			430	229
			431	229
			432	228
			433	228
			434	228
			435	228
			436	228
			437	228
			438	228
			439	228
			440	228
			441	228
			442	228
			443	228
			444	228
			445	228
			446	228
			447	227
			448	227
			449	227
			450	227
			451	227
			452	227
			453	227
			454	227
			455	227
			456	227
			457	227
			458	227
			459	227
			460	227
			461	227
			462	227
			463	227
			464	226
			465	226
			466	226
			467	226
			468	226
			469	226
			470	226
			471	226
			472	226
			473	226
			474	226
			475	226
			475	227
			474	227
			473	227
			472	228
			471	228
			470	228
			469	228
			468	228
			467	229
			466	229
			465	229
			464	229
			463	229
			462	229
			461	229
			460	230
			459	230
			458	230
			457	230
			456	230
			455	230
			454	230
			454	231
			453	231
			452	231
			451	231
			450	231
			449	231
			448	231
			447	231
			446	232
			445	232
			444	232
			443	232
			442	232
			441	232
			440	232
			439	232
			438	233
			437	233
			436	233
			435	233
			434	233
			433	233
			432	233
			431	233
			431	234
			430	234
			429	234
			428	234
			427	234
			426	234
			425	234
			424	234
			423	234
			422	235
			421	235
			420	235
			419	235
			418	235
			417	235
			416	235
			415	235
			414	236
			413	236
			412	236
			411	236
			410	236
			409	236
			408	236
			407	236
			406	237
			405	237
			404	237
			403	237
			402	237
			401	237
			401	238
			400	238
			399	238
			398	239
			397	239
			396	240
			395	240
			394	240
			393	241
			392	241
			391	241
			390	242
			389	242
			388	242
			387	243
			386	243
			385	243
			384	244
			383	244
			382	244
			381	244
			380	245
			379	245
			378	245
			377	245
			377	246
			376	246
			375	246
			374	246
			373	246
			372	247
			371	247
			370	247
			369	247
			368	247
			367	248
			366	248
			365	248
			364	248
			363	248
			362	249
			361	249
			360	249
			359	249
			358	249
			357	249
			356	250
			355	250
			354	250
			353	250
			352	250
			351	250
			350	250
			349	251
			348	251
			347	251
			346	251
			345	251
			344	251
			343	251
			342	252
			341	252
			340	252
			339	252
			338	252
			337	252
			336	252
			335	252
			334	253
			333	253
			332	253
			331	253
			330	253
			329	253
			328	253
			327	253
			326	253
			325	254
			324	254
			323	254
			322	254
			321	254
			320	254
			319	254
			318	254
			317	254
			316	254
			315	254
			314	254
			313	255
			312	255
			311	255
			310	255
			309	255
			308	255
			307	255
			306	255
			305	255
			304	255
			303	255
			302	255
			301	256
			300	256
			299	256
			298	256
			297	256
			296	256
			295	256
			294	256
			293	256
			292	256
			291	256
			290	256
			289	256
			288	256
			287	256
			286	256
			286	257
			285	257
			284	257
			283	257
			282	257
			281	257
			280	257
			279	257
			278	257
			277	257
			276	257
			275	257
			274	257
			273	257
			272	257
			271	257
			270	257
			269	257
			268	257
			267	257
			266	258
			265	258
			264	258
			263	258
			262	258
			261	258
			260	258
			259	258
			258	258
			257	258
			256	258
			255	258
			254	258
			253	258
			252	258
			251	258
			250	258
			249	258
			248	258
			247	258
			246	258
			245	258
			244	258
			243	258
			242	258
			241	258
			240	258
			239	258
			238	258
			237	258
			236	258
			235	258
			234	258
			233	258
			232	258
			231	258
			230	258
			229	258
			228	258
			227	258
			226	258
			225	258
			224	258
			223	257
			222	257
			221	257
			220	257
			219	257
			218	257
			217	257
			216	257
			215	257
			214	257
			213	257
			212	257
			211	257
			210	257
			209	257
			208	257
			207	257
			206	257
			205	257
			204	257
			203	257
			202	257
			201	257
			200	256
			199	256
			198	256
			197	256
			196	256
			195	256
			194	256
			193	256
			192	256
			191	256
			190	256
			189	256
			188	256
			187	256
			187	255
			186	255
			185	255
			184	255
			183	255
			182	255
			181	255
			180	255
			179	255
			178	255
			177	255
			176	255
			175	255
			174	254
			173	254
			172	254
			171	254
			170	254
			169	254
			168	254
			167	254
			166	254
			165	254
			164	253
			163	253
			162	253
			161	253
			160	253
			159	253
			158	253
			157	253
			156	253
			156	252
			155	252
			154	252
			153	252
			152	252
			151	251
			150	251
			149	251
			148	250
			147	250
			146	249
			145	249
			144	248
			143	248
			142	247
			141	247
			140	246
			139	246
			138	245
			137	245
			136	244
			135	244
			134	243
			133	243
			132	242
			131	242
			130	242
			129	241
			128	240
			127	240
			126	239
			125	239
			124	238
			123	238
			122	237
			121	237
			120	236
			119	236
			118	235
			117	235
			116	234
			115	234
			114	233
			113	233
			112	232
			111	231
			110	231
			109	230
			108	229
			107	229
			106	229
			106	228
			105	228
			104	228
			104	227
			103	227
			102	226
			101	226
			100	225
			99	224
			98	224
			97	224
			97	223
			96	223
			95	222
			94	222
			93	221
			92	220
			91	220
			90	219
			89	219
			89	218
			88	218
			87	217
			86	217
			85	216
			84	215
			83	215
			82	214
			81	214
			81	213
			80	213
			79	212
			78	211
			77	211
			76	210
			75	209
			74	209
			73	208
			72	207
			71	206
			70	206
			69	205
			68	204
			67	203
			66	202
			65	202
			64	201
			63	200
			62	199
			61	198
			60	198
			59	197
			58	196
			58	195
			57	194
			56	193
			55	192
			54	192
			53	191
			53	190
			52	189
			51	189
			51	188
			50	188
			49	187
			48	187
			47	187
			46	187
			45	187
			44	187
			43	187
			42	187
			41	187
			40	187
			39	187
			38	187
			37	187
			36	187
			35	187
			34	187
			33	187
			32	187
			31	187
			30	187
			29	187
			28	186
			27	186
			26	186
			25	186
			24	186
			23	186
			22	186
			21	185
			20	185
			19	185
		</ventral_body>
		<operculum type=matrix rownames=FALSE colnames=FALSE nrow=33 ncol=2 as.numeric=TRUE >
			142	181
			142	180
			143	179
			143	178
			143	177
			144	176
			144	175
			144	174
			144	173
			145	172
			145	171
			145	170
			145	169
			146	168
			146	167
			146	166
			147	165
			147	164
			147	163
			148	162
			148	161
			149	160
			149	159
			150	158
			150	157
			151	156
			151	155
			152	154
			152	153
			152	152
			152	151
			153	151
			153	150
		</operculum>
	</curves.pixel>
</shapes>

