<shapes type=list>
	<scaling type=logical names=FALSE length=1 as.numeric=FALSE >NA</scaling>
	<landmarks.pixel type=matrix rownames=TRUE colnames=FALSE nrow=17 ncol=2 as.numeric=TRUE >
		pectoral_dors	163	145
		pectoral_vent	180	182
		premax_post	37	180
		eye_ant	47	155
		eye_post	82	148
		upper_jaw	23	180
		dorsal_ant	281	123
		dorsal_post	319	143
		caud_pedunc_dors	376	162
		caud_scale_dors	394	162
		caud_scale_vent	388	210
		caud_pedunc_vent	373	207
		anal_post	319	209
		anal_ant	285	215
		lower_jaw	30	203
		operc_vent	158	167
		oper_dor	158	140
	</landmarks.pixel>
	<curves.control type=list>
		<head type=matrix rownames=FALSE colnames=FALSE nrow=13 ncol=2 as.numeric=TRUE >
			23	180
			27	174
			35	164
			42	156
			53	139
			59	129
			84	124
			106	116
			141	110
			177	108
			226	110
			253	117
			281	123
		</head>
		<dorsal type=matrix rownames=FALSE colnames=FALSE nrow=3 ncol=2 as.numeric=TRUE >
			281	123
			304	134
			319	143
		</dorsal>
		<caudal_dors_ant type=matrix rownames=FALSE colnames=FALSE nrow=3 ncol=2 as.numeric=TRUE >
			319	143
			348	154
			376	162
		</caudal_dors_ant>
		<caud_dors_post type=matrix rownames=FALSE colnames=FALSE nrow=3 ncol=2 as.numeric=TRUE >
			376	162
			385	163
			394	162
		</caud_dors_post>
		<caud_vent_post type=matrix rownames=FALSE colnames=FALSE nrow=3 ncol=2 as.numeric=TRUE >
			388	210
			380	208
			373	207
		</caud_vent_post>
		<caudal_vent_ant type=matrix rownames=FALSE colnames=FALSE nrow=3 ncol=2 as.numeric=TRUE >
			373	207
			348	207
			319	209
		</caudal_vent_ant>
		<anal type=matrix rownames=FALSE colnames=FALSE nrow=3 ncol=2 as.numeric=TRUE >
			319	209
			300	211
			285	215
		</anal>
		<ventral_body type=matrix rownames=FALSE colnames=FALSE nrow=13 ncol=2 as.numeric=TRUE >
			285	215
			267	220
			212	228
			162	232
			137	230
			109	225
			85	222
			58	217
			43	212
			39	209
			34	209
			31	208
			30	203
		</ventral_body>
		<operculum type=matrix rownames=FALSE colnames=FALSE nrow=3 ncol=2 as.numeric=TRUE >
			158	167
			151	153
			158	140
		</operculum>
	</curves.control>
	<curves.pixel type=list>
		<head type=matrix rownames=FALSE colnames=FALSE nrow=280 ncol=2 as.numeric=TRUE >
			23	180
			23	179
			24	179
			24	178
			25	177
			26	176
			27	175
			28	174
			28	173
			29	172
			29	171
			30	170
			31	169
			32	168
			33	167
			33	166
			34	166
			34	165
			35	164
			36	163
			37	162
			38	161
			38	160
			39	159
			40	158
			40	157
			41	156
			42	155
			43	154
			44	153
			44	152
			45	151
			46	150
			46	149
			47	148
			48	147
			49	146
			49	145
			50	144
			50	143
			51	142
			52	141
			53	140
			53	139
			54	138
			54	137
			55	136
			56	136
			56	135
			57	134
			58	134
			59	133
			60	132
			61	132
			62	131
			63	131
			64	130
			65	129
			66	129
			67	129
			68	129
			69	128
			70	128
			71	127
			72	127
			73	127
			74	126
			75	126
			76	126
			77	126
			78	125
			79	125
			80	125
			81	125
			82	124
			83	124
			84	124
			85	124
			86	123
			87	123
			88	122
			89	122
			90	122
			91	122
			91	121
			92	121
			93	121
			94	121
			95	120
			96	120
			97	120
			98	119
			99	119
			100	119
			101	119
			102	118
			103	118
			104	118
			105	118
			106	117
			107	117
			108	117
			109	117
			110	116
			111	116
			112	116
			113	116
			114	115
			115	115
			116	115
			117	115
			118	115
			118	114
			119	114
			120	114
			121	114
			122	114
			123	113
			124	113
			125	113
			126	113
			127	113
			128	112
			129	112
			130	112
			131	112
			132	112
			133	111
			134	111
			135	111
			136	111
			137	111
			138	110
			139	110
			140	110
			141	110
			142	110
			143	110
			144	110
			145	110
			146	110
			147	110
			148	110
			149	110
			150	110
			151	110
			152	109
			153	109
			154	109
			155	109
			156	109
			157	109
			158	109
			159	109
			160	109
			161	109
			162	109
			163	109
			164	109
			165	109
			166	109
			167	109
			168	109
			169	109
			170	109
			171	109
			172	109
			173	109
			174	109
			175	109
			176	109
			177	109
			178	109
			179	109
			180	109
			181	109
			182	109
			183	109
			184	109
			185	109
			186	109
			187	109
			188	109
			189	109
			190	109
			191	109
			192	109
			193	109
			194	109
			195	109
			196	109
			197	109
			198	109
			199	109
			200	109
			201	109
			202	109
			203	109
			204	109
			205	109
			206	109
			207	109
			208	109
			209	109
			210	109
			211	109
			212	110
			213	110
			214	110
			215	110
			216	110
			217	110
			218	110
			219	110
			220	110
			221	110
			222	110
			223	110
			224	110
			225	110
			226	110
			227	110
			228	111
			229	111
			230	111
			231	111
			232	111
			233	112
			234	112
			235	112
			236	113
			237	113
			238	113
			239	113
			240	114
			241	114
			242	114
			243	114
			244	115
			245	115
			246	115
			247	115
			248	115
			249	116
			250	116
			251	116
			252	117
			253	117
			254	117
			255	117
			256	117
			257	118
			258	118
			259	118
			260	118
			261	118
			261	119
			262	119
			263	119
			264	119
			265	119
			265	120
			266	120
			267	120
			268	120
			269	120
			270	120
			270	121
			271	121
			272	121
			273	121
			274	121
			274	122
			275	122
			276	122
			277	122
			278	122
			279	123
			280	123
			281	123
		</head>
		<dorsal type=matrix rownames=FALSE colnames=FALSE nrow=42 ncol=2 as.numeric=TRUE >
			281	123
			282	124
			283	124
			284	125
			285	125
			286	126
			287	126
			288	127
			289	127
			290	128
			291	128
			292	129
			293	129
			294	129
			295	130
			296	130
			297	131
			298	131
			299	132
			300	132
			301	133
			302	133
			302	134
			303	134
			304	135
			305	135
			306	136
			307	136
			308	136
			308	137
			309	137
			310	138
			311	138
			312	139
			313	140
			314	140
			315	141
			316	141
			317	142
			318	142
			318	143
			319	143
		</dorsal>
		<caudal_dors_ant type=matrix rownames=FALSE colnames=FALSE nrow=60 ncol=2 as.numeric=TRUE >
			319	143
			320	143
			321	144
			322	144
			323	144
			324	145
			325	145
			326	146
			327	146
			328	146
			329	147
			330	147
			331	147
			331	148
			332	148
			333	148
			334	149
			335	149
			336	149
			337	150
			338	150
			339	150
			340	151
			341	151
			342	151
			343	152
			344	152
			345	152
			346	153
			347	153
			348	153
			349	154
			350	154
			351	154
			352	155
			353	155
			354	155
			355	156
			356	156
			357	156
			358	156
			358	157
			359	157
			360	157
			361	157
			362	158
			363	158
			364	159
			365	159
			366	159
			367	159
			368	160
			369	160
			370	160
			371	161
			372	161
			373	161
			374	161
			375	162
			376	162
		</caudal_dors_ant>
		<caud_dors_post type=matrix rownames=FALSE colnames=FALSE nrow=19 ncol=2 as.numeric=TRUE >
			376	162
			377	162
			378	162
			379	162
			380	162
			381	162
			382	162
			383	162
			384	162
			385	162
			386	162
			387	162
			388	162
			389	162
			390	162
			391	162
			392	162
			393	162
			394	162
		</caud_dors_post>
		<caud_vent_post type=matrix rownames=FALSE colnames=FALSE nrow=16 ncol=2 as.numeric=TRUE >
			388	210
			387	210
			386	209
			385	209
			384	209
			383	209
			382	209
			381	208
			380	208
			379	208
			378	208
			377	208
			376	207
			375	207
			374	207
			373	207
		</caud_vent_post>
		<caudal_vent_ant type=matrix rownames=FALSE colnames=FALSE nrow=56 ncol=2 as.numeric=TRUE >
			373	207
			372	207
			371	207
			370	207
			369	207
			368	207
			367	207
			366	207
			365	207
			364	207
			363	207
			362	207
			361	207
			360	207
			359	207
			358	207
			357	207
			356	207
			355	207
			354	207
			353	207
			352	207
			351	207
			350	207
			349	207
			348	207
			347	208
			346	208
			345	208
			344	208
			343	208
			342	208
			341	208
			340	208
			339	208
			338	208
			337	208
			336	208
			335	208
			334	208
			333	208
			332	208
			331	208
			330	208
			329	208
			328	208
			327	208
			327	209
			326	209
			325	209
			324	209
			323	209
			322	209
			321	209
			320	209
			319	209
		</caudal_vent_ant>
		<anal type=matrix rownames=FALSE colnames=FALSE nrow=35 ncol=2 as.numeric=TRUE >
			319	209
			318	209
			317	209
			316	209
			315	209
			314	210
			313	210
			312	210
			311	210
			310	210
			309	210
			308	210
			307	211
			306	211
			305	211
			304	211
			303	211
			302	211
			301	211
			300	212
			299	212
			298	212
			297	212
			296	212
			295	213
			294	213
			293	213
			292	213
			291	214
			290	214
			289	214
			288	214
			287	214
			286	215
			285	215
		</anal>
		<ventral_body type=matrix rownames=FALSE colnames=FALSE nrow=263 ncol=2 as.numeric=TRUE >
			285	215
			284	215
			283	215
			282	216
			281	216
			280	216
			279	216
			278	217
			277	217
			276	217
			275	217
			274	218
			273	218
			272	218
			271	218
			270	218
			270	219
			269	219
			268	219
			267	219
			266	219
			265	219
			265	220
			264	220
			263	220
			262	220
			261	220
			260	220
			259	221
			258	221
			257	221
			256	221
			255	221
			254	221
			253	222
			252	222
			251	222
			250	222
			249	222
			248	222
			247	223
			246	223
			245	223
			244	223
			243	223
			242	223
			241	224
			240	224
			239	224
			238	224
			237	224
			236	224
			235	225
			234	225
			233	225
			232	225
			231	225
			230	225
			229	226
			228	226
			227	226
			226	226
			225	226
			224	226
			223	226
			222	227
			221	227
			220	227
			219	227
			218	227
			217	227
			216	227
			215	228
			214	228
			213	228
			212	228
			211	228
			210	228
			209	228
			208	228
			207	228
			206	228
			205	229
			204	229
			203	229
			202	229
			201	229
			200	229
			199	229
			198	229
			197	229
			196	229
			195	229
			194	229
			193	229
			192	229
			191	229
			190	230
			189	230
			188	230
			187	230
			186	230
			185	230
			184	230
			183	230
			182	230
			181	230
			180	230
			179	230
			178	230
			177	230
			176	230
			175	230
			174	230
			173	230
			172	230
			171	230
			170	230
			169	230
			168	231
			167	231
			166	231
			165	231
			164	231
			163	231
			162	231
			161	231
			160	231
			159	231
			158	231
			157	231
			156	231
			155	231
			154	231
			153	231
			152	231
			151	231
			150	231
			149	231
			148	231
			147	231
			146	230
			145	230
			144	230
			143	230
			142	230
			141	230
			140	230
			139	230
			138	230
			137	230
			136	230
			135	230
			134	229
			133	229
			132	229
			131	229
			130	229
			129	229
			128	228
			127	228
			126	228
			125	228
			124	228
			123	228
			122	227
			121	227
			120	227
			119	227
			118	227
			117	227
			116	226
			115	226
			114	226
			113	226
			112	226
			111	226
			110	225
			109	225
			108	225
			107	225
			106	225
			105	225
			104	225
			103	224
			102	224
			101	224
			100	224
			99	224
			98	224
			97	224
			96	223
			95	223
			94	223
			93	223
			92	223
			91	223
			90	223
			89	222
			88	222
			87	222
			86	222
			85	222
			84	222
			83	222
			82	221
			81	221
			80	221
			79	221
			78	221
			77	221
			77	220
			76	220
			75	220
			74	220
			73	220
			72	219
			71	219
			70	219
			69	219
			68	219
			67	218
			66	218
			65	218
			64	218
			63	217
			62	217
			61	217
			60	217
			59	216
			58	216
			57	216
			56	216
			55	215
			54	215
			53	215
			52	215
			51	214
			50	214
			49	214
			48	214
			47	213
			46	213
			45	213
			44	212
			43	212
			42	212
			42	211
			41	211
			40	210
			39	210
			38	210
			37	209
			36	209
			35	209
			34	209
			33	209
			32	208
			31	207
			31	206
			30	205
			30	204
			30	203
		</ventral_body>
		<operculum type=matrix rownames=FALSE colnames=FALSE nrow=29 ncol=2 as.numeric=TRUE >
			158	167
			158	166
			157	165
			157	164
			156	163
			156	162
			156	161
			155	160
			155	159
			155	158
			155	157
			155	156
			155	155
			155	154
			155	153
			155	152
			155	151
			155	150
			155	149
			155	148
			155	147
			156	146
			156	145
			156	144
			156	143
			157	143
			157	142
			157	141
			158	140
		</operculum>
	</curves.pixel>
</shapes>

