<shapes type=list>
	<scaling type=logical names=FALSE length=1 as.numeric=FALSE >NA</scaling>
	<landmarks.pixel type=matrix rownames=TRUE colnames=FALSE nrow=17 ncol=2 as.numeric=TRUE >
		pectoral_dors	172	240
		pectoral_vent	176	266
		premax_post	59	198
		eye_ant	143	169
		eye_post	169	169
		upper_jaw	54	181
		dorsal_ant	288	82
		dorsal_post	410	169
		caud_pedunc_dors	428	179
		caud_scale_dors	445	171
		caud_scale_vent	444	238
		caud_pedunc_vent	430	235
		anal_post	416	238
		anal_ant	313	323
		lower_jaw	42	194
		operc_vent	153	242
		oper_dor	170	206
	</landmarks.pixel>
	<curves.control type=list>
		<head type=matrix rownames=FALSE colnames=FALSE nrow=11 ncol=2 as.numeric=TRUE >
			54	181
			78	175
			95	172
			126	158
			146	142
			157	131
			181	128
			221	119
			259	99
			278	92
			288	82
		</head>
		<dorsal type=matrix rownames=FALSE colnames=FALSE nrow=7 ncol=2 as.numeric=TRUE >
			288	82
			319	91
			343	103
			369	125
			391	147
			402	161
			410	169
		</dorsal>
		<caudal_dors_ant type=matrix rownames=FALSE colnames=FALSE nrow=5 ncol=2 as.numeric=TRUE >
			410	169
			410	176
			416	179
			422	179
			428	179
		</caudal_dors_ant>
		<caud_dors_post type=matrix rownames=FALSE colnames=FALSE nrow=3 ncol=2 as.numeric=TRUE >
			428	179
			438	177
			445	171
		</caud_dors_post>
		<caud_vent_post type=matrix rownames=FALSE colnames=FALSE nrow=3 ncol=2 as.numeric=TRUE >
			444	238
			438	236
			430	235
		</caud_vent_post>
		<caudal_vent_ant type=matrix rownames=FALSE colnames=FALSE nrow=3 ncol=2 as.numeric=TRUE >
			430	235
			424	236
			416	238
		</caudal_vent_ant>
		<anal type=matrix rownames=FALSE colnames=FALSE nrow=7 ncol=2 as.numeric=TRUE >
			416	238
			417	246
			408	271
			382	293
			362	306
			337	315
			313	323
		</anal>
		<ventral_body type=matrix rownames=FALSE colnames=FALSE nrow=17 ncol=2 as.numeric=TRUE >
			313	323
			312	329
			302	354
			285	388
			264	407
			238	431
			209	438
			199	435
			173	407
			142	363
			124	318
			117	297
			101	273
			82	256
			65	231
			47	212
			42	194
		</ventral_body>
		<operculum type=matrix rownames=FALSE colnames=FALSE nrow=3 ncol=2 as.numeric=TRUE >
			153	242
			164	225
			170	206
		</operculum>
	</curves.control>
	<curves.pixel type=list>
		<head type=matrix rownames=FALSE colnames=FALSE nrow=243 ncol=2 as.numeric=TRUE >
			54	181
			55	181
			56	181
			57	180
			58	180
			59	180
			60	180
			60	179
			61	179
			62	179
			63	179
			64	179
			65	178
			66	178
			67	178
			68	178
			69	177
			70	177
			71	177
			72	177
			73	176
			74	176
			75	176
			76	176
			77	176
			78	175
			79	175
			80	175
			81	175
			82	175
			83	174
			84	174
			85	174
			86	174
			87	173
			88	173
			89	173
			90	173
			91	173
			92	173
			93	172
			94	172
			95	172
			96	171
			97	171
			98	171
			99	170
			100	170
			101	169
			102	169
			103	168
			104	168
			105	167
			106	167
			107	166
			108	166
			109	165
			110	165
			111	164
			112	164
			113	163
			114	163
			115	162
			116	162
			117	161
			118	161
			119	160
			120	159
			121	159
			122	158
			123	158
			123	157
			124	157
			125	156
			126	156
			127	155
			128	155
			129	154
			130	153
			131	153
			132	152
			133	151
			134	151
			135	150
			136	149
			137	149
			138	148
			139	147
			140	147
			141	146
			142	145
			143	144
			144	143
			145	142
			146	142
			147	141
			148	140
			149	139
			150	139
			151	138
			152	137
			153	136
			154	136
			155	135
			156	135
			157	134
			158	134
			159	134
			160	133
			161	133
			162	132
			163	132
			164	132
			165	131
			166	131
			167	131
			168	131
			169	130
			170	130
			171	130
			172	130
			173	129
			174	129
			175	129
			176	129
			177	129
			178	128
			179	128
			180	128
			181	128
			182	128
			183	128
			184	127
			185	127
			186	127
			187	127
			188	126
			189	126
			190	126
			191	126
			191	125
			192	125
			193	125
			194	125
			195	124
			196	124
			197	124
			198	124
			199	123
			200	123
			201	123
			202	123
			203	122
			204	122
			205	122
			206	121
			207	121
			208	120
			209	120
			210	120
			211	120
			212	119
			213	119
			214	119
			215	118
			216	118
			217	117
			218	117
			219	117
			220	116
			221	116
			222	116
			223	115
			224	115
			225	115
			226	114
			227	114
			228	114
			228	113
			229	113
			230	112
			231	112
			232	112
			233	111
			234	111
			235	110
			236	110
			237	110
			238	109
			239	109
			240	108
			241	108
			242	108
			242	107
			243	107
			244	106
			245	106
			246	105
			247	105
			248	105
			249	104
			250	104
			251	103
			252	103
			253	102
			254	102
			254	101
			255	101
			256	100
			257	100
			258	99
			259	99
			260	99
			261	98
			262	98
			263	98
			263	97
			264	97
			265	97
			266	96
			267	96
			268	95
			269	95
			270	94
			271	94
			272	93
			273	93
			274	92
			275	92
			276	91
			277	90
			278	90
			279	89
			280	89
			281	88
			282	87
			283	87
			284	86
			284	85
			285	85
			286	84
			287	83
			288	82
		</head>
		<dorsal type=matrix rownames=FALSE colnames=FALSE nrow=134 ncol=2 as.numeric=TRUE >
			288	82
			289	82
			290	83
			291	83
			292	83
			293	83
			293	84
			294	84
			295	84
			296	84
			297	85
			298	85
			299	85
			300	86
			301	86
			302	86
			303	87
			304	87
			305	87
			306	88
			307	88
			308	88
			309	89
			310	89
			311	89
			312	90
			313	90
			314	90
			315	91
			316	91
			317	92
			318	92
			319	93
			320	93
			321	93
			322	94
			323	94
			324	94
			325	95
			326	95
			327	96
			328	96
			329	97
			330	97
			331	97
			332	98
			333	98
			334	99
			335	99
			336	100
			337	100
			338	101
			339	101
			340	102
			341	102
			342	102
			343	103
			344	104
			345	105
			346	106
			347	106
			348	107
			348	108
			349	108
			350	109
			351	110
			352	111
			353	112
			354	113
			355	113
			356	114
			357	115
			358	116
			359	117
			360	117
			360	118
			361	119
			362	120
			363	121
			364	121
			365	122
			366	123
			367	124
			367	125
			368	125
			369	126
			370	127
			371	128
			372	129
			373	129
			374	130
			374	131
			375	132
			376	133
			377	133
			378	134
			379	135
			379	136
			380	137
			381	137
			382	138
			383	139
			384	140
			384	141
			385	141
			386	142
			387	143
			388	144
			389	145
			390	146
			391	147
			392	148
			393	149
			394	150
			394	151
			395	152
			396	153
			397	154
			397	155
			398	156
			399	157
			400	158
			401	159
			402	160
			403	161
			404	162
			404	163
			405	164
			406	165
			407	165
			407	166
			408	167
			409	168
			410	169
		</dorsal>
		<caudal_dors_ant type=matrix rownames=FALSE colnames=FALSE nrow=25 ncol=2 as.numeric=TRUE >
			410	169
			410	170
			410	171
			410	172
			411	173
			411	174
			411	175
			412	176
			413	176
			413	177
			414	178
			415	178
			416	179
			417	179
			418	179
			419	179
			420	179
			421	179
			422	179
			423	179
			424	179
			425	179
			426	179
			427	179
			428	179
		</caudal_dors_ant>
		<caud_dors_post type=matrix rownames=FALSE colnames=FALSE nrow=18 ncol=2 as.numeric=TRUE >
			428	179
			429	179
			430	179
			431	178
			432	178
			433	178
			434	177
			435	177
			436	177
			437	176
			438	176
			439	175
			440	174
			441	174
			442	173
			443	172
			444	172
			445	171
		</caud_dors_post>
		<caud_vent_post type=matrix rownames=FALSE colnames=FALSE nrow=15 ncol=2 as.numeric=TRUE >
			444	238
			443	238
			442	237
			441	237
			440	237
			439	237
			438	236
			437	236
			436	236
			435	236
			434	236
			433	235
			432	235
			431	235
			430	235
		</caud_vent_post>
		<caudal_vent_ant type=matrix rownames=FALSE colnames=FALSE nrow=15 ncol=2 as.numeric=TRUE >
			430	235
			429	235
			428	235
			427	235
			426	236
			425	236
			424	236
			423	236
			422	237
			421	237
			420	237
			419	237
			418	237
			417	238
			416	238
		</caudal_vent_ant>
		<anal type=matrix rownames=FALSE colnames=FALSE nrow=137 ncol=2 as.numeric=TRUE >
			416	238
			416	239
			416	240
			416	241
			416	242
			416	243
			416	244
			416	245
			415	246
			415	247
			415	248
			415	249
			415	250
			414	250
			414	251
			414	252
			414	253
			413	254
			413	255
			413	256
			413	257
			412	258
			412	259
			412	260
			411	261
			411	262
			411	263
			410	264
			410	265
			410	266
			409	267
			409	268
			409	269
			408	270
			408	271
			407	272
			406	272
			405	273
			404	274
			403	275
			403	276
			402	276
			401	277
			400	278
			399	279
			398	279
			397	280
			396	281
			395	282
			394	282
			393	283
			392	284
			391	285
			390	286
			389	287
			388	288
			387	288
			386	289
			385	289
			385	290
			384	290
			383	291
			382	292
			381	293
			380	294
			379	294
			378	295
			377	296
			376	296
			376	297
			375	297
			374	298
			373	299
			372	299
			371	300
			370	300
			370	301
			369	301
			368	302
			367	303
			366	303
			366	304
			365	304
			364	305
			363	305
			362	306
			361	306
			361	307
			360	307
			359	307
			358	308
			357	308
			356	308
			355	309
			354	309
			353	309
			352	310
			351	310
			350	310
			349	311
			348	311
			347	311
			346	312
			345	312
			344	312
			343	313
			342	313
			341	313
			340	314
			339	314
			338	314
			338	315
			337	315
			336	315
			335	316
			334	316
			333	316
			332	317
			331	317
			330	317
			329	318
			328	318
			327	318
			326	319
			325	319
			324	319
			323	320
			322	320
			321	320
			320	321
			319	321
			318	321
			317	322
			316	322
			315	322
			314	323
			313	323
		</anal>
		<ventral_body type=matrix rownames=FALSE colnames=FALSE nrow=414 ncol=2 as.numeric=TRUE >
			313	323
			313	324
			313	325
			312	326
			312	327
			312	328
			311	329
			311	330
			311	331
			310	332
			310	333
			310	334
			309	335
			309	336
			308	337
			308	338
			308	339
			307	340
			307	341
			307	342
			306	343
			306	344
			305	345
			305	346
			305	347
			304	348
			304	349
			304	350
			303	351
			303	352
			302	353
			302	354
			302	355
			301	356
			301	357
			300	357
			300	358
			299	359
			299	360
			298	361
			298	362
			297	363
			297	364
			296	365
			295	366
			295	367
			294	368
			294	369
			293	370
			293	371
			292	372
			292	373
			291	374
			290	375
			290	376
			289	376
			289	377
			288	378
			288	379
			287	380
			286	381
			286	382
			285	382
			285	383
			284	384
			283	385
			283	386
			282	387
			281	388
			280	389
			280	390
			279	391
			278	392
			277	393
			277	394
			276	395
			275	395
			275	396
			274	397
			273	398
			272	399
			272	400
			271	400
			270	401
			269	402
			269	403
			268	403
			267	404
			266	405
			265	406
			264	407
			263	408
			262	409
			261	410
			260	410
			259	411
			259	412
			258	412
			257	413
			256	414
			255	415
			254	415
			253	416
			252	417
			251	418
			250	419
			249	419
			248	420
			247	421
			246	422
			245	422
			244	422
			244	423
			243	423
			242	424
			241	424
			240	425
			239	426
			238	426
			237	427
			236	427
			236	428
			235	428
			234	429
			233	429
			232	429
			232	430
			231	430
			230	430
			229	431
			228	432
			227	432
			226	432
			225	433
			224	433
			223	434
			222	434
			221	434
			220	435
			219	435
			218	435
			217	436
			216	436
			215	436
			214	437
			213	437
			212	437
			211	437
			210	438
			209	438
			208	438
			207	437
			206	437
			205	436
			204	436
			203	435
			202	434
			201	434
			200	433
			199	432
			198	431
			197	430
			196	429
			195	429
			194	428
			193	427
			192	426
			191	425
			190	424
			189	423
			188	422
			187	421
			186	420
			185	419
			184	418
			183	417
			182	417
			181	416
			181	415
			180	414
			179	414
			179	413
			178	412
			177	411
			176	411
			176	410
			175	409
			174	408
			173	407
			173	406
			172	405
			171	404
			170	403
			170	402
			169	401
			168	400
			167	399
			167	398
			166	397
			165	396
			165	395
			164	394
			164	393
			163	392
			162	391
			162	390
			161	389
			161	388
			160	387
			159	387
			159	386
			158	385
			158	384
			157	383
			156	382
			156	381
			155	380
			155	379
			154	378
			153	377
			153	376
			152	375
			152	374
			151	373
			151	372
			150	371
			150	370
			149	369
			148	368
			148	367
			147	366
			146	365
			146	364
			145	363
			145	362
			144	361
			144	360
			143	359
			143	358
			142	357
			141	356
			141	355
			140	354
			140	353
			139	352
			139	351
			138	350
			138	349
			137	348
			137	347
			136	346
			136	345
			135	344
			135	343
			134	342
			134	341
			133	340
			133	339
			133	338
			132	337
			132	336
			131	335
			131	334
			130	333
			130	332
			129	331
			129	330
			129	329
			128	328
			128	327
			127	326
			127	325
			126	324
			126	323
			126	322
			125	321
			125	320
			124	319
			124	318
			124	317
			123	316
			123	315
			123	314
			122	313
			122	312
			121	311
			121	310
			121	309
			120	309
			120	308
			120	307
			119	306
			119	305
			119	304
			118	303
			117	302
			117	301
			116	300
			116	299
			115	298
			115	297
			114	296
			114	295
			114	294
			113	293
			113	292
			112	291
			111	290
			111	289
			111	288
			110	288
			110	287
			109	286
			109	285
			108	285
			108	284
			107	283
			107	282
			106	281
			105	280
			105	279
			104	278
			104	277
			103	276
			102	275
			102	274
			101	273
			100	273
			100	272
			99	271
			98	270
			97	270
			97	269
			96	268
			95	268
			94	267
			94	266
			93	265
			92	265
			91	264
			91	263
			90	262
			89	262
			89	261
			88	260
			87	259
			86	258
			85	257
			84	256
			83	255
			82	254
			81	253
			81	252
			80	251
			79	250
			78	249
			77	248
			77	247
			76	246
			75	245
			74	244
			74	243
			73	242
			72	241
			72	240
			71	240
			71	239
			70	238
			69	237
			69	236
			68	236
			68	235
			67	234
			66	233
			66	232
			65	231
			64	230
			63	229
			62	228
			61	227
			61	226
			60	225
			59	225
			59	224
			58	223
			57	222
			56	221
			56	220
			55	219
			54	218
			53	217
			53	216
			52	215
			52	214
			51	213
			50	212
			49	211
			49	210
			48	209
			48	208
			47	207
			47	206
			46	205
			46	204
			45	203
			45	202
			44	201
			44	200
			44	199
			43	198
			43	197
			43	196
			42	195
			42	194
		</ventral_body>
		<operculum type=matrix rownames=FALSE colnames=FALSE nrow=38 ncol=2 as.numeric=TRUE >
			153	242
			154	241
			154	240
			155	239
			156	238
			156	237
			157	236
			158	235
			158	234
			158	233
			159	232
			159	231
			160	230
			161	229
			161	228
			161	227
			162	227
			162	226
			162	225
			163	224
			164	223
			164	222
			164	221
			165	220
			165	219
			166	218
			166	217
			166	216
			167	215
			167	214
			168	213
			168	212
			168	211
			169	210
			169	209
			169	208
			170	207
			170	206
		</operculum>
	</curves.pixel>
</shapes>

