<shapes type=list>
	<scaling type=logical names=FALSE length=1 as.numeric=FALSE >NA</scaling>
	<landmarks.pixel type=matrix rownames=TRUE colnames=FALSE nrow=17 ncol=2 as.numeric=TRUE >
		pectoral_dors	2048	1150
		pectoral_vent	2307	1413
		premax_post	744	1535
		eye_ant	1225	1262
		eye_post	1531	1236
		upper_jaw	668	1463
		dorsal_ant	3093	899
		dorsal_post	3442	1003
		caud_pedunc_dors	3862	1032
		caud_scale_dors	3995	985
		caud_scale_vent	4067	1387
		caud_pedunc_vent	3927	1395
		anal_post	3589	1520
		anal_ant	3359	1668
		lower_jaw	672	1567
		operc_vent	2102	1287
		oper_dor	2012	1046
	</landmarks.pixel>
	<curves.control type=list>
		<head type=matrix rownames=FALSE colnames=FALSE nrow=13 ncol=2 as.numeric=TRUE >
			668	1463
			683	1395
			823	1301
			1024	1190
			1394	978
			1710	859
			2030	791
			2256	780
			2540	823
			2749	870
			2943	906
			3029	908
			3093	899
		</head>
		<dorsal type=matrix rownames=FALSE colnames=FALSE nrow=3 ncol=2 as.numeric=TRUE >
			3093	899
			3259	938
			3442	1003
		</dorsal>
		<caudal_dors_ant type=matrix rownames=FALSE colnames=FALSE nrow=5 ncol=2 as.numeric=TRUE >
			3442	1003
			3532	1024
			3694	1032
			3791	1039
			3862	1032
		</caudal_dors_ant>
		<caud_dors_post type=matrix rownames=FALSE colnames=FALSE nrow=3 ncol=2 as.numeric=TRUE >
			3862	1032
			3934	999
			3995	985
		</caud_dors_post>
		<caud_vent_post type=matrix rownames=FALSE colnames=FALSE nrow=3 ncol=2 as.numeric=TRUE >
			4067	1387
			4006	1391
			3927	1395
		</caud_vent_post>
		<caudal_vent_ant type=matrix rownames=FALSE colnames=FALSE nrow=3 ncol=2 as.numeric=TRUE >
			3927	1395
			3808	1427
			3589	1520
		</caudal_vent_ant>
		<anal type=matrix rownames=FALSE colnames=FALSE nrow=3 ncol=2 as.numeric=TRUE >
			3589	1520
			3464	1599
			3359	1668
		</anal>
		<ventral_body type=matrix rownames=FALSE colnames=FALSE nrow=15 ncol=2 as.numeric=TRUE >
			3359	1668
			3320	1693
			3295	1740
			3111	1826
			2731	1966
			2274	1998
			1818	1952
			1523	1916
			1236	1869
			1103	1847
			945	1786
			826	1740
			693	1661
			675	1617
			672	1567
		</ventral_body>
		<operculum type=matrix rownames=FALSE colnames=FALSE nrow=5 ncol=2 as.numeric=TRUE >
			2102	1287
			2034	1258
			1976	1183
			1980	1118
			2012	1046
		</operculum>
	</curves.control>
	<curves.pixel type=list>
		<head type=matrix rownames=FALSE colnames=FALSE nrow=2523 ncol=2 as.numeric=TRUE >
			668	1463
			668	1462
			668	1461
			669	1460
			669	1459
			669	1458
			670	1457
			670	1456
			670	1455
			671	1454
			671	1453
			671	1452
			671	1451
			672	1450
			672	1449
			673	1448
			673	1447
			673	1446
			674	1446
			674	1445
			675	1444
			675	1443
			675	1442
			676	1441
			676	1440
			677	1439
			677	1438
			678	1437
			678	1436
			679	1435
			679	1434
			680	1433
			680	1432
			681	1431
			682	1430
			682	1429
			683	1428
			683	1427
			684	1426
			685	1425
			685	1424
			686	1423
			687	1422
			687	1421
			688	1420
			689	1419
			689	1418
			690	1417
			691	1416
			691	1415
			692	1414
			693	1413
			694	1412
			695	1411
			695	1410
			696	1409
			697	1408
			698	1407
			699	1406
			699	1405
			700	1404
			701	1403
			702	1402
			703	1401
			704	1400
			705	1399
			706	1398
			707	1397
			708	1396
			708	1395
			709	1394
			710	1393
			711	1392
			712	1391
			713	1390
			714	1389
			715	1388
			716	1387
			717	1386
			717	1385
			718	1385
			719	1384
			720	1383
			720	1382
			721	1381
			722	1381
			723	1380
			724	1379
			724	1378
			725	1378
			726	1377
			727	1376
			728	1375
			728	1374
			729	1374
			730	1373
			731	1372
			732	1371
			733	1370
			734	1370
			734	1369
			735	1368
			736	1367
			737	1366
			738	1366
			739	1365
			740	1364
			741	1363
			742	1362
			743	1362
			744	1361
			744	1360
			745	1359
			746	1358
			747	1358
			748	1357
			749	1356
			750	1355
			751	1354
			752	1353
			753	1353
			754	1352
			755	1351
			756	1350
			757	1349
			758	1349
			759	1348
			760	1347
			761	1346
			762	1345
			763	1344
			764	1344
			765	1343
			766	1342
			767	1341
			768	1341
			768	1340
			769	1340
			770	1339
			771	1338
			772	1337
			773	1337
			774	1336
			775	1336
			775	1335
			776	1334
			777	1334
			778	1333
			779	1332
			780	1331
			781	1331
			782	1330
			783	1329
			784	1328
			785	1328
			786	1327
			787	1326
			788	1325
			789	1325
			790	1324
			791	1323
			792	1322
			793	1322
			794	1321
			795	1320
			796	1319
			797	1319
			798	1318
			799	1318
			800	1317
			801	1316
			802	1316
			803	1315
			803	1314
			804	1314
			805	1313
			806	1313
			806	1312
			807	1312
			808	1311
			809	1311
			810	1310
			811	1309
			812	1308
			813	1308
			814	1307
			815	1306
			816	1306
			817	1305
			818	1304
			819	1304
			820	1303
			821	1302
			822	1302
			823	1301
			824	1300
			825	1300
			826	1299
			827	1299
			828	1298
			829	1298
			829	1297
			830	1297
			831	1296
			832	1296
			833	1296
			834	1295
			835	1295
			836	1294
			837	1293
			838	1293
			839	1292
			840	1291
			841	1291
			842	1291
			842	1290
			843	1290
			844	1290
			844	1289
			845	1289
			846	1289
			846	1288
			847	1288
			847	1287
			848	1287
			849	1287
			849	1286
			850	1286
			851	1286
			851	1285
			852	1285
			853	1285
			853	1284
			854	1284
			855	1283
			856	1283
			857	1282
			858	1282
			859	1281
			860	1281
			860	1280
			861	1280
			862	1279
			863	1279
			864	1278
			865	1278
			866	1277
			867	1277
			868	1276
			869	1275
			870	1275
			871	1274
			872	1274
			873	1273
			874	1273
			875	1272
			876	1272
			877	1271
			878	1271
			879	1270
			880	1269
			881	1269
			882	1268
			883	1268
			884	1267
			885	1267
			886	1266
			887	1266
			888	1265
			889	1265
			890	1264
			891	1263
			892	1263
			893	1262
			894	1262
			895	1261
			896	1261
			897	1260
			898	1259
			899	1259
			900	1258
			901	1258
			902	1257
			903	1257
			904	1256
			905	1255
			906	1255
			907	1254
			908	1254
			909	1253
			910	1253
			911	1252
			912	1251
			913	1251
			914	1250
			915	1250
			916	1249
			917	1249
			918	1248
			919	1248
			920	1247
			921	1247
			922	1246
			923	1245
			924	1245
			925	1245
			925	1244
			926	1244
			927	1243
			928	1243
			928	1242
			929	1242
			930	1242
			931	1241
			932	1240
			933	1240
			934	1239
			935	1239
			936	1238
			937	1238
			938	1237
			939	1237
			940	1236
			941	1236
			941	1235
			942	1235
			943	1234
			944	1233
			945	1233
			946	1232
			947	1232
			948	1231
			949	1231
			950	1230
			951	1230
			952	1229
			953	1229
			954	1228
			955	1228
			956	1227
			957	1227
			958	1226
			959	1225
			960	1224
			961	1224
			962	1224
			963	1223
			964	1222
			965	1222
			966	1221
			967	1221
			968	1220
			969	1220
			969	1219
			970	1219
			971	1218
			972	1218
			973	1217
			974	1217
			975	1216
			976	1216
			977	1215
			978	1214
			979	1214
			980	1213
			981	1213
			982	1212
			983	1211
			984	1211
			985	1210
			986	1210
			987	1209
			988	1209
			989	1208
			990	1208
			991	1207
			992	1207
			993	1206
			994	1206
			994	1205
			995	1205
			996	1204
			997	1204
			998	1203
			999	1203
			1000	1202
			1001	1202
			1002	1201
			1003	1201
			1004	1200
			1005	1200
			1005	1199
			1006	1199
			1007	1198
			1008	1198
			1009	1197
			1010	1197
			1011	1196
			1012	1195
			1013	1195
			1014	1194
			1015	1194
			1015	1193
			1016	1193
			1017	1192
			1018	1192
			1019	1191
			1020	1191
			1021	1190
			1022	1190
			1023	1189
			1024	1189
			1025	1188
			1026	1188
			1027	1187
			1028	1187
			1028	1186
			1029	1186
			1030	1185
			1031	1184
			1032	1184
			1033	1183
			1034	1183
			1035	1182
			1036	1182
			1037	1181
			1038	1181
			1039	1180
			1040	1180
			1041	1179
			1042	1179
			1043	1178
			1044	1178
			1045	1177
			1045	1176
			1046	1176
			1047	1175
			1048	1175
			1049	1174
			1050	1174
			1051	1173
			1052	1173
			1053	1172
			1054	1172
			1055	1171
			1056	1171
			1057	1170
			1058	1169
			1059	1169
			1060	1168
			1061	1168
			1062	1167
			1063	1167
			1064	1166
			1065	1166
			1066	1165
			1067	1165
			1068	1164
			1069	1163
			1070	1163
			1071	1162
			1072	1162
			1073	1161
			1074	1161
			1075	1160
			1076	1159
			1077	1159
			1078	1158
			1079	1158
			1079	1157
			1080	1157
			1081	1157
			1081	1156
			1082	1156
			1083	1155
			1084	1155
			1085	1154
			1086	1153
			1087	1153
			1088	1152
			1089	1152
			1090	1151
			1091	1151
			1092	1150
			1093	1149
			1094	1149
			1095	1148
			1096	1148
			1097	1147
			1098	1147
			1099	1146
			1100	1146
			1101	1145
			1102	1145
			1103	1144
			1104	1144
			1104	1143
			1105	1143
			1106	1142
			1107	1142
			1108	1141
			1109	1141
			1110	1140
			1111	1140
			1112	1139
			1113	1138
			1114	1138
			1114	1137
			1115	1137
			1116	1136
			1117	1136
			1118	1135
			1119	1135
			1120	1134
			1121	1134
			1122	1133
			1123	1133
			1124	1132
			1125	1132
			1125	1131
			1126	1131
			1127	1130
			1128	1130
			1129	1129
			1130	1129
			1131	1128
			1132	1128
			1133	1127
			1134	1126
			1135	1126
			1136	1125
			1137	1125
			1138	1124
			1139	1123
			1140	1123
			1141	1123
			1141	1122
			1142	1122
			1143	1121
			1144	1121
			1145	1120
			1146	1120
			1147	1119
			1148	1118
			1149	1118
			1150	1117
			1151	1117
			1152	1116
			1153	1115
			1154	1115
			1155	1114
			1156	1114
			1157	1113
			1158	1113
			1159	1112
			1160	1112
			1161	1111
			1162	1110
			1163	1110
			1164	1109
			1165	1109
			1166	1108
			1167	1108
			1168	1107
			1169	1106
			1170	1106
			1171	1105
			1172	1105
			1173	1104
			1174	1104
			1175	1103
			1176	1103
			1177	1102
			1178	1101
			1179	1101
			1180	1100
			1181	1100
			1182	1099
			1183	1099
			1184	1098
			1185	1097
			1186	1097
			1187	1096
			1188	1096
			1189	1095
			1190	1094
			1191	1094
			1192	1093
			1193	1093
			1194	1092
			1195	1092
			1196	1091
			1197	1090
			1198	1090
			1199	1089
			1200	1089
			1201	1088
			1202	1088
			1203	1087
			1204	1086
			1205	1086
			1206	1085
			1207	1085
			1208	1084
			1209	1083
			1210	1083
			1211	1083
			1211	1082
			1212	1082
			1213	1082
			1213	1081
			1214	1081
			1215	1080
			1216	1080
			1217	1079
			1218	1079
			1219	1078
			1220	1077
			1221	1077
			1222	1076
			1223	1076
			1224	1075
			1225	1075
			1225	1074
			1226	1074
			1227	1073
			1228	1073
			1229	1072
			1230	1072
			1231	1071
			1232	1071
			1233	1070
			1234	1070
			1234	1069
			1235	1069
			1236	1068
			1237	1068
			1238	1067
			1239	1067
			1240	1066
			1241	1066
			1242	1065
			1243	1065
			1244	1064
			1245	1063
			1246	1062
			1247	1062
			1248	1061
			1249	1061
			1250	1060
			1251	1060
			1252	1059
			1253	1059
			1254	1058
			1255	1058
			1255	1057
			1256	1057
			1257	1056
			1258	1056
			1259	1055
			1260	1055
			1261	1054
			1262	1053
			1263	1053
			1264	1052
			1265	1052
			1266	1051
			1267	1051
			1268	1050
			1269	1050
			1270	1049
			1271	1048
			1272	1048
			1273	1047
			1274	1047
			1275	1046
			1276	1046
			1277	1045
			1278	1045
			1279	1044
			1280	1043
			1281	1043
			1282	1042
			1283	1042
			1283	1041
			1284	1041
			1285	1041
			1285	1040
			1286	1040
			1287	1039
			1288	1039
			1289	1038
			1290	1038
			1291	1037
			1292	1037
			1292	1036
			1293	1036
			1294	1035
			1295	1035
			1296	1034
			1297	1034
			1298	1033
			1299	1032
			1300	1032
			1301	1031
			1302	1030
			1303	1030
			1304	1029
			1305	1029
			1306	1028
			1307	1028
			1308	1027
			1309	1027
			1310	1026
			1311	1026
			1312	1025
			1313	1024
			1314	1024
			1315	1023
			1316	1023
			1316	1022
			1317	1022
			1318	1022
			1319	1021
			1320	1020
			1321	1020
			1322	1019
			1323	1019
			1324	1018
			1325	1018
			1326	1017
			1327	1016
			1328	1016
			1329	1015
			1330	1015
			1331	1014
			1332	1013
			1333	1013
			1334	1012
			1335	1012
			1336	1011
			1337	1011
			1337	1010
			1338	1010
			1339	1010
			1340	1009
			1341	1008
			1342	1008
			1343	1007
			1344	1007
			1345	1006
			1346	1006
			1347	1005
			1348	1004
			1349	1004
			1350	1003
			1351	1003
			1352	1002
			1353	1002
			1354	1001
			1355	1000
			1356	1000
			1357	999
			1358	999
			1359	998
			1360	998
			1361	997
			1362	996
			1363	996
			1364	995
			1365	994
			1366	994
			1367	993
			1368	993
			1369	992
			1370	992
			1371	991
			1372	990
			1373	990
			1374	989
			1375	989
			1376	988
			1377	988
			1378	987
			1379	986
			1380	986
			1381	985
			1382	985
			1383	984
			1384	984
			1385	983
			1386	982
			1387	982
			1388	981
			1389	981
			1390	980
			1391	980
			1392	979
			1393	978
			1394	978
			1395	978
			1396	977
			1397	977
			1398	977
			1399	976
			1400	976
			1401	975
			1402	975
			1403	974
			1404	974
			1405	974
			1406	974
			1406	973
			1407	973
			1408	973
			1409	972
			1410	972
			1411	972
			1412	971
			1413	971
			1414	971
			1414	970
			1415	970
			1416	970
			1417	970
			1417	969
			1418	969
			1419	969
			1420	968
			1421	968
			1422	968
			1423	967
			1424	967
			1425	967
			1426	966
			1427	966
			1428	965
			1429	965
			1430	965
			1431	964
			1432	964
			1433	963
			1434	963
			1435	963
			1436	963
			1436	962
			1437	962
			1438	962
			1439	961
			1440	961
			1441	961
			1442	960
			1443	960
			1444	960
			1445	959
			1446	959
			1447	959
			1448	958
			1449	958
			1450	957
			1451	957
			1452	957
			1453	956
			1454	956
			1455	955
			1456	955
			1457	955
			1458	954
			1459	954
			1460	954
			1461	953
			1462	953
			1463	953
			1464	952
			1465	952
			1466	952
			1467	951
			1468	951
			1469	951
			1470	950
			1471	950
			1472	950
			1473	949
			1474	949
			1475	948
			1476	948
			1477	948
			1478	947
			1479	947
			1480	947
			1481	946
			1482	946
			1483	946
			1484	945
			1485	945
			1486	944
			1487	944
			1488	944
			1489	943
			1490	943
			1491	943
			1492	942
			1493	942
			1494	942
			1495	941
			1496	941
			1497	941
			1498	940
			1499	940
			1500	939
			1501	939
			1502	939
			1503	938
			1504	938
			1505	938
			1506	937
			1507	937
			1508	937
			1509	936
			1510	936
			1511	936
			1512	935
			1513	935
			1514	935
			1515	934
			1516	934
			1517	934
			1518	933
			1519	933
			1520	933
			1521	932
			1522	932
			1523	932
			1524	931
			1525	931
			1526	930
			1527	930
			1528	930
			1529	929
			1530	929
			1531	929
			1532	928
			1533	928
			1534	928
			1535	927
			1536	927
			1537	927
			1538	926
			1539	926
			1540	926
			1541	925
			1542	925
			1543	925
			1544	924
			1545	924
			1546	924
			1547	923
			1548	923
			1549	923
			1550	922
			1551	922
			1552	922
			1553	921
			1554	921
			1555	921
			1556	920
			1557	920
			1558	920
			1559	919
			1560	919
			1561	919
			1562	918
			1563	918
			1564	918
			1565	917
			1566	917
			1567	917
			1568	916
			1569	916
			1570	916
			1571	915
			1572	915
			1573	915
			1574	914
			1575	914
			1576	914
			1577	913
			1578	913
			1579	913
			1580	912
			1581	912
			1582	912
			1583	911
			1584	911
			1585	911
			1586	910
			1587	910
			1588	910
			1589	909
			1590	909
			1591	909
			1592	908
			1593	908
			1594	908
			1595	907
			1596	907
			1597	907
			1598	907
			1599	906
			1600	906
			1601	906
			1602	905
			1603	905
			1604	905
			1605	904
			1606	904
			1607	904
			1608	903
			1609	903
			1610	903
			1611	902
			1612	902
			1613	902
			1614	901
			1615	901
			1616	901
			1617	900
			1618	900
			1619	900
			1620	899
			1621	899
			1622	899
			1623	898
			1624	898
			1625	898
			1626	898
			1627	897
			1628	897
			1629	897
			1630	896
			1631	896
			1632	896
			1633	895
			1634	895
			1635	895
			1636	894
			1637	894
			1638	894
			1639	893
			1640	893
			1641	893
			1642	892
			1643	892
			1644	892
			1645	892
			1646	891
			1647	891
			1648	891
			1649	890
			1650	890
			1651	890
			1652	889
			1653	889
			1654	889
			1655	889
			1656	888
			1657	888
			1658	888
			1659	887
			1660	887
			1661	887
			1662	886
			1663	886
			1664	886
			1665	886
			1665	885
			1666	885
			1667	885
			1668	885
			1669	884
			1670	884
			1671	884
			1672	883
			1673	883
			1674	883
			1675	883
			1676	882
			1677	882
			1678	882
			1679	881
			1680	881
			1681	881
			1682	880
			1683	880
			1684	880
			1685	879
			1686	879
			1687	879
			1688	879
			1688	878
			1689	878
			1690	878
			1691	878
			1692	878
			1692	877
			1693	877
			1694	877
			1695	877
			1695	876
			1696	876
			1697	876
			1698	876
			1699	875
			1700	875
			1701	875
			1702	874
			1703	874
			1704	874
			1705	874
			1706	873
			1707	873
			1708	873
			1708	872
			1709	872
			1710	872
			1711	872
			1712	871
			1713	871
			1714	871
			1715	871
			1716	870
			1717	870
			1718	870
			1719	869
			1720	869
			1721	869
			1722	869
			1722	868
			1723	868
			1724	868
			1725	868
			1726	867
			1727	867
			1728	867
			1729	866
			1730	866
			1731	866
			1732	866
			1733	865
			1734	865
			1735	865
			1736	865
			1736	864
			1737	864
			1738	864
			1739	864
			1740	863
			1741	863
			1742	863
			1743	862
			1744	862
			1745	862
			1746	862
			1747	861
			1748	861
			1749	861
			1750	861
			1750	860
			1751	860
			1752	860
			1753	860
			1754	859
			1755	859
			1756	859
			1757	858
			1758	858
			1759	858
			1760	858
			1761	857
			1762	857
			1763	857
			1764	857
			1764	856
			1765	856
			1766	856
			1767	856
			1768	855
			1769	855
			1770	855
			1771	855
			1772	854
			1773	854
			1774	854
			1775	854
			1776	853
			1777	853
			1778	853
			1778	852
			1779	852
			1780	852
			1781	852
			1782	851
			1783	851
			1784	851
			1785	851
			1786	850
			1787	850
			1788	850
			1789	850
			1790	849
			1791	849
			1792	849
			1793	848
			1794	848
			1795	848
			1796	848
			1797	847
			1798	847
			1799	847
			1800	847
			1801	846
			1802	846
			1803	846
			1804	845
			1805	845
			1806	845
			1807	845
			1808	844
			1809	844
			1810	844
			1811	844
			1812	843
			1813	843
			1814	843
			1815	843
			1816	842
			1817	842
			1818	842
			1819	842
			1820	841
			1821	841
			1822	841
			1823	840
			1824	840
			1825	840
			1826	840
			1827	839
			1828	839
			1829	839
			1830	839
			1831	838
			1832	838
			1833	838
			1834	837
			1835	837
			1836	837
			1837	837
			1838	836
			1839	836
			1840	836
			1841	836
			1842	835
			1843	835
			1844	835
			1845	835
			1846	834
			1847	834
			1848	834
			1849	834
			1850	833
			1851	833
			1852	833
			1853	833
			1854	832
			1855	832
			1856	832
			1857	831
			1858	831
			1859	831
			1860	831
			1861	830
			1862	830
			1863	830
			1864	830
			1865	829
			1866	829
			1867	829
			1868	829
			1869	828
			1870	828
			1871	828
			1872	828
			1873	827
			1874	827
			1875	827
			1876	827
			1877	826
			1878	826
			1879	826
			1880	826
			1881	825
			1882	825
			1883	825
			1884	825
			1885	824
			1886	824
			1887	824
			1888	824
			1889	823
			1890	823
			1891	823
			1892	823
			1893	822
			1894	822
			1895	822
			1896	822
			1897	822
			1898	821
			1899	821
			1900	821
			1901	820
			1902	820
			1903	820
			1904	820
			1905	820
			1905	819
			1906	819
			1907	819
			1908	819
			1909	819
			1910	818
			1911	818
			1912	818
			1913	818
			1914	817
			1915	817
			1916	817
			1917	817
			1918	816
			1919	816
			1920	816
			1921	816
			1922	815
			1923	815
			1924	815
			1925	815
			1926	814
			1927	814
			1928	814
			1929	814
			1930	813
			1931	813
			1932	813
			1933	813
			1934	813
			1935	812
			1936	812
			1937	812
			1938	812
			1939	811
			1940	811
			1941	811
			1942	811
			1943	810
			1944	810
			1945	810
			1946	810
			1947	810
			1948	809
			1949	809
			1950	809
			1951	809
			1951	808
			1952	808
			1953	808
			1954	808
			1955	808
			1956	807
			1957	807
			1958	807
			1959	807
			1960	806
			1961	806
			1962	806
			1963	806
			1964	806
			1965	805
			1966	805
			1967	805
			1968	805
			1969	804
			1970	804
			1971	804
			1972	804
			1973	804
			1974	803
			1975	803
			1976	803
			1977	803
			1978	802
			1979	802
			1980	802
			1981	802
			1982	802
			1982	801
			1983	801
			1984	801
			1985	801
			1986	801
			1987	800
			1988	800
			1989	800
			1990	800
			1991	799
			1992	799
			1993	799
			1994	799
			1995	799
			1996	798
			1997	798
			1998	798
			1999	798
			2000	797
			2001	797
			2002	797
			2003	797
			2004	797
			2005	796
			2006	796
			2007	796
			2008	796
			2009	796
			2010	795
			2011	795
			2012	795
			2013	795
			2014	795
			2015	794
			2016	794
			2017	794
			2018	794
			2019	793
			2020	793
			2021	793
			2022	793
			2023	792
			2024	792
			2025	792
			2026	792
			2027	792
			2028	791
			2029	791
			2030	791
			2031	791
			2032	791
			2033	791
			2034	791
			2035	791
			2036	791
			2037	791
			2038	791
			2039	791
			2040	791
			2041	790
			2042	790
			2043	790
			2044	790
			2045	790
			2046	790
			2047	790
			2048	790
			2049	790
			2050	790
			2051	790
			2052	790
			2053	790
			2054	790
			2055	790
			2056	790
			2057	790
			2058	790
			2059	790
			2060	790
			2061	790
			2062	790
			2063	790
			2064	790
			2065	790
			2066	790
			2067	790
			2068	790
			2069	790
			2070	789
			2071	789
			2072	789
			2073	789
			2074	789
			2075	789
			2076	789
			2077	789
			2078	789
			2079	789
			2080	789
			2081	789
			2082	789
			2083	789
			2084	789
			2085	789
			2086	789
			2087	789
			2088	789
			2089	789
			2090	789
			2091	789
			2092	789
			2093	789
			2094	789
			2095	789
			2096	789
			2097	789
			2098	789
			2099	789
			2100	789
			2101	789
			2102	789
			2103	789
			2104	789
			2105	789
			2106	789
			2107	789
			2108	789
			2109	789
			2110	789
			2111	789
			2112	789
			2113	789
			2114	789
			2115	789
			2116	789
			2117	789
			2118	789
			2119	789
			2120	789
			2121	789
			2122	789
			2123	789
			2124	789
			2125	789
			2126	789
			2127	789
			2128	789
			2129	789
			2130	789
			2131	789
			2132	789
			2133	789
			2134	789
			2135	789
			2136	789
			2137	789
			2138	789
			2139	789
			2140	789
			2141	789
			2142	789
			2143	789
			2144	789
			2145	789
			2146	789
			2147	789
			2148	789
			2149	789
			2150	789
			2151	789
			2152	789
			2153	789
			2154	789
			2155	789
			2156	789
			2157	789
			2158	789
			2159	789
			2160	789
			2161	789
			2162	789
			2163	789
			2164	789
			2165	789
			2166	789
			2167	789
			2168	789
			2169	789
			2170	789
			2171	789
			2172	789
			2173	789
			2174	789
			2175	789
			2176	789
			2177	789
			2178	789
			2179	789
			2180	789
			2181	790
			2182	790
			2183	790
			2184	790
			2185	790
			2186	790
			2187	790
			2188	790
			2189	790
			2190	790
			2191	790
			2192	790
			2193	790
			2194	790
			2195	790
			2196	790
			2197	790
			2198	790
			2199	790
			2200	790
			2201	790
			2202	790
			2203	790
			2204	790
			2205	790
			2206	790
			2207	790
			2208	790
			2209	790
			2210	790
			2211	790
			2212	791
			2213	791
			2214	791
			2215	791
			2216	791
			2217	791
			2218	791
			2219	791
			2220	791
			2221	791
			2222	791
			2223	791
			2224	791
			2225	791
			2226	791
			2227	791
			2228	791
			2229	791
			2230	791
			2231	791
			2232	791
			2233	791
			2234	791
			2235	792
			2236	792
			2237	792
			2238	792
			2239	792
			2240	792
			2241	792
			2242	792
			2243	792
			2244	792
			2245	792
			2246	792
			2247	792
			2248	792
			2249	792
			2250	792
			2251	792
			2252	792
			2253	792
			2254	793
			2255	793
			2256	793
			2257	793
			2258	793
			2259	793
			2260	793
			2261	793
			2262	793
			2263	793
			2264	793
			2265	793
			2266	793
			2267	793
			2268	793
			2269	793
			2270	793
			2271	794
			2272	794
			2273	794
			2274	794
			2275	794
			2276	794
			2277	794
			2278	794
			2279	794
			2280	794
			2281	794
			2282	794
			2283	794
			2284	794
			2285	794
			2286	794
			2286	795
			2287	795
			2288	795
			2289	795
			2290	795
			2291	795
			2292	795
			2293	795
			2294	795
			2295	795
			2296	795
			2297	795
			2298	795
			2299	795
			2300	795
			2300	796
			2301	796
			2302	796
			2303	796
			2304	796
			2305	796
			2306	796
			2307	796
			2308	796
			2309	796
			2310	796
			2311	796
			2312	796
			2313	796
			2314	797
			2315	797
			2316	797
			2317	797
			2318	797
			2319	797
			2320	797
			2321	797
			2322	797
			2323	797
			2324	797
			2325	797
			2326	798
			2327	798
			2328	798
			2329	798
			2330	798
			2331	798
			2332	798
			2333	798
			2334	798
			2335	798
			2336	798
			2337	799
			2338	799
			2339	799
			2340	799
			2341	799
			2342	799
			2343	799
			2344	799
			2345	799
			2346	799
			2347	799
			2348	799
			2349	800
			2350	800
			2351	800
			2352	800
			2353	800
			2354	800
			2355	800
			2356	800
			2357	800
			2358	800
			2359	801
			2360	801
			2361	801
			2362	801
			2363	801
			2364	801
			2365	801
			2366	801
			2367	801
			2368	801
			2369	801
			2370	802
			2371	802
			2372	802
			2373	802
			2374	802
			2375	802
			2376	802
			2377	802
			2378	802
			2379	802
			2380	803
			2381	803
			2382	803
			2383	803
			2384	803
			2385	803
			2386	803
			2387	803
			2388	803
			2389	804
			2390	804
			2391	804
			2392	804
			2393	804
			2394	804
			2395	804
			2396	804
			2397	804
			2398	804
			2399	805
			2400	805
			2401	805
			2402	805
			2403	805
			2404	805
			2405	805
			2406	805
			2407	805
			2408	806
			2409	806
			2410	806
			2411	806
			2412	806
			2413	806
			2414	806
			2415	806
			2416	807
			2417	807
			2418	807
			2419	807
			2420	807
			2421	807
			2422	807
			2423	807
			2424	807
			2425	808
			2426	808
			2427	808
			2428	808
			2429	808
			2430	808
			2431	808
			2432	808
			2433	808
			2434	809
			2435	809
			2436	809
			2437	809
			2438	809
			2439	809
			2440	809
			2441	809
			2442	810
			2443	810
			2444	810
			2445	810
			2446	810
			2447	810
			2448	810
			2449	810
			2450	811
			2451	811
			2452	811
			2453	811
			2454	811
			2455	811
			2456	811
			2457	811
			2458	812
			2459	812
			2460	812
			2461	812
			2462	812
			2463	812
			2464	812
			2465	812
			2466	813
			2467	813
			2468	813
			2469	813
			2470	813
			2471	813
			2472	813
			2473	813
			2474	814
			2475	814
			2476	814
			2477	814
			2478	814
			2479	814
			2480	814
			2481	815
			2482	815
			2483	815
			2484	815
			2485	815
			2486	815
			2487	815
			2488	815
			2489	816
			2490	816
			2491	816
			2492	816
			2493	816
			2494	816
			2495	817
			2496	817
			2497	817
			2498	817
			2499	817
			2500	817
			2501	817
			2502	817
			2503	818
			2504	818
			2505	818
			2506	818
			2507	818
			2508	818
			2509	819
			2510	819
			2511	819
			2512	819
			2513	819
			2514	819
			2515	819
			2516	819
			2517	820
			2518	820
			2519	820
			2520	820
			2521	820
			2522	820
			2523	820
			2524	821
			2525	821
			2526	821
			2527	821
			2528	821
			2529	821
			2530	821
			2530	822
			2531	822
			2532	822
			2533	822
			2534	822
			2535	822
			2536	822
			2537	822
			2537	823
			2538	823
			2539	823
			2540	823
			2541	823
			2542	823
			2543	824
			2544	824
			2545	824
			2546	824
			2547	825
			2548	825
			2549	825
			2550	825
			2551	825
			2552	826
			2553	826
			2554	826
			2555	826
			2556	827
			2557	827
			2558	827
			2559	827
			2560	827
			2561	828
			2562	828
			2563	828
			2564	828
			2565	829
			2566	829
			2567	829
			2568	829
			2569	829
			2570	830
			2571	830
			2572	830
			2573	830
			2574	831
			2575	831
			2576	831
			2577	831
			2578	831
			2578	832
			2579	832
			2580	832
			2581	832
			2582	832
			2583	833
			2584	833
			2585	833
			2586	833
			2587	834
			2588	834
			2589	834
			2590	834
			2591	834
			2592	835
			2593	835
			2594	835
			2595	835
			2596	835
			2597	836
			2598	836
			2599	836
			2600	836
			2601	837
			2602	837
			2603	837
			2604	837
			2605	837
			2606	838
			2607	838
			2608	838
			2609	838
			2610	839
			2611	839
			2612	839
			2613	839
			2614	839
			2615	840
			2616	840
			2617	840
			2618	840
			2619	841
			2620	841
			2621	841
			2622	841
			2623	841
			2624	842
			2625	842
			2626	842
			2627	842
			2628	843
			2629	843
			2630	843
			2631	843
			2632	843
			2633	844
			2634	844
			2635	844
			2636	844
			2637	844
			2638	845
			2639	845
			2640	845
			2641	845
			2642	846
			2643	846
			2644	846
			2645	846
			2646	846
			2647	847
			2648	847
			2649	847
			2650	847
			2651	847
			2652	848
			2653	848
			2654	848
			2655	848
			2656	849
			2657	849
			2658	849
			2659	849
			2660	849
			2661	850
			2662	850
			2663	850
			2664	850
			2665	850
			2666	851
			2667	851
			2668	851
			2669	851
			2670	851
			2671	852
			2672	852
			2673	852
			2674	852
			2675	853
			2676	853
			2677	853
			2678	853
			2679	853
			2680	854
			2681	854
			2682	854
			2683	854
			2684	854
			2685	855
			2686	855
			2687	855
			2688	855
			2689	855
			2690	856
			2691	856
			2692	856
			2693	856
			2694	857
			2695	857
			2696	857
			2697	857
			2698	857
			2699	858
			2700	858
			2701	858
			2702	858
			2703	858
			2704	859
			2705	859
			2706	859
			2707	859
			2708	859
			2709	860
			2710	860
			2711	860
			2712	860
			2713	860
			2713	861
			2714	861
			2715	861
			2716	861
			2717	861
			2718	862
			2719	862
			2720	862
			2721	862
			2722	863
			2723	863
			2724	863
			2725	863
			2726	863
			2727	864
			2728	864
			2729	864
			2730	864
			2731	864
			2732	865
			2733	865
			2734	865
			2735	865
			2736	865
			2737	866
			2738	866
			2739	866
			2740	866
			2741	866
			2742	867
			2743	867
			2744	867
			2745	867
			2746	867
			2747	868
			2748	868
			2749	868
			2750	868
			2751	868
			2752	869
			2753	869
			2754	869
			2755	869
			2756	869
			2757	870
			2758	870
			2759	870
			2760	870
			2761	871
			2762	871
			2763	871
			2764	871
			2765	871
			2766	872
			2767	872
			2768	872
			2769	872
			2770	872
			2771	873
			2772	873
			2773	873
			2774	873
			2775	873
			2776	874
			2777	874
			2778	874
			2779	874
			2780	874
			2781	875
			2782	875
			2783	875
			2784	875
			2785	875
			2786	876
			2787	876
			2788	876
			2789	876
			2790	876
			2791	877
			2792	877
			2793	877
			2794	877
			2795	877
			2796	878
			2797	878
			2798	878
			2799	878
			2800	878
			2801	879
			2802	879
			2803	879
			2804	879
			2805	879
			2806	880
			2807	880
			2808	880
			2809	880
			2810	880
			2811	881
			2812	881
			2813	881
			2814	881
			2815	881
			2816	882
			2817	882
			2818	882
			2819	882
			2820	882
			2821	883
			2822	883
			2823	883
			2824	883
			2825	883
			2826	884
			2827	884
			2828	884
			2829	884
			2830	884
			2831	885
			2832	885
			2833	885
			2834	885
			2835	885
			2836	886
			2837	886
			2838	886
			2839	886
			2840	886
			2841	887
			2842	887
			2843	887
			2844	887
			2845	887
			2846	888
			2847	888
			2848	888
			2849	888
			2850	888
			2851	889
			2852	889
			2853	889
			2854	889
			2855	889
			2856	889
			2857	890
			2858	890
			2859	890
			2860	890
			2861	890
			2862	891
			2863	891
			2864	891
			2865	891
			2866	891
			2867	892
			2868	892
			2869	892
			2870	892
			2871	892
			2872	893
			2873	893
			2874	893
			2875	893
			2876	893
			2877	894
			2878	894
			2879	894
			2880	894
			2881	894
			2882	894
			2883	895
			2884	895
			2885	895
			2886	895
			2887	895
			2888	896
			2889	896
			2890	896
			2891	896
			2892	896
			2893	897
			2894	897
			2895	897
			2896	897
			2897	897
			2898	897
			2899	898
			2900	898
			2901	898
			2902	898
			2903	898
			2904	899
			2905	899
			2906	899
			2907	899
			2908	899
			2909	900
			2910	900
			2911	900
			2912	900
			2913	900
			2914	901
			2915	901
			2916	901
			2917	901
			2918	901
			2919	902
			2920	902
			2921	902
			2922	902
			2923	902
			2924	902
			2925	903
			2926	903
			2927	903
			2928	903
			2929	903
			2930	904
			2931	904
			2932	904
			2933	904
			2934	904
			2935	905
			2936	905
			2937	905
			2938	905
			2939	905
			2940	906
			2941	906
			2942	906
			2943	906
			2944	906
			2945	906
			2946	906
			2947	906
			2948	906
			2949	906
			2950	906
			2951	906
			2952	906
			2953	906
			2954	906
			2955	906
			2956	906
			2957	906
			2958	906
			2959	906
			2960	906
			2961	906
			2962	906
			2963	906
			2964	906
			2965	906
			2966	906
			2967	906
			2968	906
			2969	906
			2970	906
			2971	906
			2972	906
			2973	906
			2974	906
			2975	906
			2976	906
			2977	906
			2978	906
			2979	906
			2980	906
			2981	906
			2982	906
			2983	906
			2984	906
			2985	906
			2986	906
			2987	906
			2988	906
			2989	906
			2990	906
			2991	906
			2992	906
			2993	906
			2994	906
			2995	906
			2996	906
			2997	906
			2998	906
			2999	906
			3000	906
			3001	906
			3002	906
			3003	906
			3004	906
			3005	906
			3006	906
			3007	906
			3008	906
			3009	906
			3010	906
			3011	906
			3012	906
			3013	906
			3014	906
			3015	906
			3016	906
			3017	906
			3018	905
			3019	905
			3020	905
			3021	905
			3022	905
			3023	905
			3024	905
			3025	905
			3026	905
			3027	905
			3028	905
			3029	905
			3030	905
			3031	905
			3032	905
			3033	905
			3034	905
			3035	905
			3036	905
			3037	904
			3038	904
			3039	904
			3040	904
			3041	904
			3042	904
			3043	904
			3044	904
			3045	904
			3046	904
			3047	904
			3048	904
			3049	904
			3050	904
			3051	904
			3052	903
			3053	903
			3054	903
			3055	903
			3056	903
			3057	903
			3058	903
			3059	903
			3060	903
			3061	903
			3062	903
			3063	903
			3063	902
			3064	902
			3065	902
			3066	902
			3067	902
			3068	902
			3069	902
			3070	902
			3071	902
			3072	902
			3073	902
			3074	901
			3075	901
			3076	901
			3077	901
			3078	901
			3079	901
			3080	901
			3081	901
			3082	900
			3083	900
			3084	900
			3085	900
			3086	900
			3087	900
			3088	900
			3089	900
			3090	899
			3091	899
			3092	899
			3093	899
		</head>
		<dorsal type=matrix rownames=FALSE colnames=FALSE nrow=361 ncol=2 as.numeric=TRUE >
			3093	899
			3094	899
			3095	899
			3096	900
			3097	900
			3098	900
			3099	901
			3100	901
			3101	901
			3102	901
			3103	901
			3104	902
			3105	902
			3106	902
			3107	902
			3108	902
			3108	903
			3109	903
			3110	903
			3111	903
			3112	903
			3112	904
			3113	904
			3114	904
			3115	904
			3116	904
			3116	905
			3117	905
			3118	905
			3119	905
			3120	906
			3121	906
			3122	906
			3123	906
			3124	906
			3125	907
			3126	907
			3127	907
			3128	907
			3129	908
			3130	908
			3131	908
			3132	908
			3133	909
			3134	909
			3135	909
			3136	909
			3137	910
			3138	910
			3139	910
			3140	910
			3140	911
			3141	911
			3142	911
			3143	911
			3144	911
			3145	912
			3146	912
			3147	912
			3148	912
			3149	913
			3150	913
			3151	913
			3152	914
			3153	914
			3154	914
			3155	914
			3156	915
			3157	915
			3158	915
			3159	915
			3160	916
			3161	916
			3162	916
			3163	916
			3164	917
			3165	917
			3166	917
			3167	918
			3168	918
			3169	918
			3170	918
			3171	919
			3172	919
			3173	919
			3174	919
			3175	920
			3176	920
			3177	920
			3178	920
			3179	921
			3180	921
			3181	921
			3182	922
			3183	922
			3184	922
			3185	922
			3186	923
			3187	923
			3188	923
			3189	923
			3190	924
			3191	924
			3192	924
			3193	925
			3194	925
			3195	925
			3196	925
			3197	926
			3198	926
			3199	926
			3200	926
			3201	927
			3202	927
			3203	927
			3204	928
			3205	928
			3206	928
			3207	928
			3208	929
			3209	929
			3210	929
			3211	929
			3212	930
			3213	930
			3214	930
			3215	930
			3216	931
			3217	931
			3218	931
			3219	932
			3220	932
			3221	932
			3222	933
			3223	933
			3224	933
			3225	933
			3226	934
			3227	934
			3228	934
			3229	934
			3230	935
			3231	935
			3232	935
			3233	936
			3234	936
			3235	936
			3236	937
			3237	937
			3238	937
			3239	937
			3240	938
			3241	938
			3242	938
			3243	938
			3243	939
			3244	939
			3245	939
			3246	939
			3247	940
			3248	940
			3249	940
			3250	941
			3251	941
			3252	941
			3253	941
			3254	942
			3255	942
			3256	942
			3257	943
			3258	943
			3259	943
			3260	943
			3261	944
			3262	944
			3263	945
			3264	945
			3265	945
			3266	945
			3267	946
			3268	946
			3269	946
			3270	947
			3271	947
			3272	947
			3273	948
			3274	948
			3275	948
			3276	948
			3277	949
			3278	949
			3279	949
			3280	950
			3281	950
			3282	950
			3283	951
			3284	951
			3285	951
			3286	951
			3287	952
			3288	952
			3289	952
			3290	953
			3291	953
			3292	953
			3293	954
			3294	954
			3295	954
			3296	955
			3297	955
			3298	955
			3299	955
			3300	956
			3301	956
			3302	956
			3303	957
			3304	957
			3305	957
			3306	958
			3307	958
			3308	958
			3309	959
			3310	959
			3311	959
			3312	960
			3313	960
			3314	960
			3315	960
			3316	961
			3317	961
			3318	961
			3319	962
			3320	962
			3321	962
			3322	963
			3323	963
			3324	963
			3325	964
			3326	964
			3327	964
			3328	965
			3329	965
			3330	965
			3331	966
			3332	966
			3333	966
			3334	967
			3335	967
			3336	967
			3337	968
			3338	968
			3339	968
			3340	968
			3341	969
			3342	969
			3343	969
			3344	970
			3345	970
			3346	970
			3347	971
			3348	971
			3349	971
			3350	972
			3351	972
			3352	972
			3353	973
			3354	973
			3355	973
			3356	974
			3357	974
			3358	974
			3359	975
			3360	975
			3361	975
			3362	976
			3363	976
			3364	976
			3365	976
			3365	977
			3366	977
			3367	977
			3368	977
			3368	978
			3369	978
			3370	978
			3371	978
			3371	979
			3372	979
			3373	979
			3374	979
			3374	980
			3375	980
			3376	980
			3377	980
			3378	981
			3379	981
			3380	982
			3381	982
			3382	982
			3383	982
			3384	983
			3385	983
			3386	984
			3387	984
			3388	984
			3389	985
			3390	985
			3391	985
			3392	986
			3393	986
			3394	986
			3395	987
			3396	987
			3397	987
			3398	988
			3399	988
			3400	988
			3401	989
			3402	989
			3403	989
			3404	990
			3405	990
			3406	990
			3407	991
			3408	991
			3409	991
			3410	992
			3411	992
			3412	992
			3412	993
			3413	993
			3414	993
			3415	994
			3416	994
			3417	994
			3418	995
			3419	995
			3420	995
			3421	996
			3422	996
			3423	996
			3424	997
			3425	997
			3426	997
			3427	998
			3428	998
			3429	998
			3430	999
			3431	999
			3432	999
			3433	1000
			3434	1000
			3435	1000
			3436	1001
			3437	1001
			3438	1002
			3439	1002
			3440	1002
			3441	1002
			3441	1003
			3442	1003
		</dorsal>
		<caudal_dors_ant type=matrix rownames=FALSE colnames=FALSE nrow=424 ncol=2 as.numeric=TRUE >
			3442	1003
			3443	1003
			3444	1003
			3445	1004
			3446	1004
			3447	1004
			3448	1004
			3449	1005
			3450	1005
			3451	1005
			3452	1005
			3453	1006
			3454	1006
			3455	1006
			3456	1006
			3457	1006
			3458	1007
			3459	1007
			3460	1007
			3461	1007
			3462	1007
			3463	1008
			3464	1008
			3465	1008
			3466	1008
			3467	1008
			3468	1008
			3469	1009
			3470	1009
			3471	1009
			3472	1009
			3473	1009
			3474	1010
			3475	1010
			3476	1010
			3477	1010
			3478	1010
			3479	1011
			3480	1011
			3481	1011
			3482	1011
			3483	1011
			3484	1011
			3485	1012
			3486	1012
			3487	1012
			3488	1012
			3489	1012
			3490	1012
			3491	1013
			3492	1013
			3493	1013
			3494	1013
			3495	1013
			3496	1013
			3497	1014
			3498	1014
			3499	1014
			3500	1014
			3501	1014
			3502	1014
			3503	1014
			3503	1015
			3504	1015
			3505	1015
			3506	1015
			3507	1015
			3508	1015
			3509	1015
			3510	1016
			3511	1016
			3512	1016
			3513	1016
			3514	1016
			3515	1016
			3516	1016
			3517	1017
			3518	1017
			3519	1017
			3520	1017
			3521	1017
			3522	1017
			3523	1017
			3524	1018
			3525	1018
			3526	1018
			3527	1018
			3528	1018
			3529	1018
			3530	1018
			3531	1018
			3532	1019
			3533	1019
			3534	1019
			3535	1019
			3536	1019
			3537	1019
			3538	1019
			3539	1019
			3540	1020
			3541	1020
			3542	1020
			3543	1020
			3544	1020
			3545	1020
			3546	1020
			3547	1020
			3548	1020
			3549	1021
			3550	1021
			3551	1021
			3552	1021
			3553	1021
			3554	1021
			3555	1021
			3556	1021
			3557	1021
			3558	1022
			3559	1022
			3560	1022
			3561	1022
			3562	1022
			3563	1022
			3564	1022
			3565	1022
			3566	1022
			3566	1023
			3567	1023
			3568	1023
			3569	1023
			3570	1023
			3571	1023
			3572	1023
			3573	1023
			3574	1023
			3575	1023
			3576	1024
			3577	1024
			3578	1024
			3579	1024
			3580	1024
			3581	1024
			3582	1024
			3583	1024
			3584	1024
			3585	1024
			3586	1024
			3586	1025
			3587	1025
			3588	1025
			3589	1025
			3590	1025
			3591	1025
			3592	1025
			3593	1025
			3594	1025
			3595	1025
			3596	1025
			3597	1025
			3598	1026
			3599	1026
			3600	1026
			3601	1026
			3602	1026
			3603	1026
			3604	1026
			3605	1026
			3606	1026
			3607	1026
			3608	1026
			3609	1026
			3610	1027
			3611	1027
			3612	1027
			3613	1027
			3614	1027
			3615	1027
			3616	1027
			3617	1027
			3618	1027
			3619	1027
			3620	1027
			3621	1027
			3622	1028
			3623	1028
			3624	1028
			3625	1028
			3626	1028
			3627	1028
			3628	1028
			3629	1028
			3630	1028
			3631	1028
			3632	1028
			3633	1028
			3634	1028
			3635	1028
			3636	1029
			3637	1029
			3638	1029
			3639	1029
			3640	1029
			3641	1029
			3642	1029
			3643	1029
			3644	1029
			3645	1029
			3646	1029
			3647	1029
			3648	1029
			3649	1029
			3650	1030
			3651	1030
			3652	1030
			3653	1030
			3654	1030
			3655	1030
			3656	1030
			3657	1030
			3658	1030
			3659	1030
			3660	1030
			3661	1030
			3662	1030
			3663	1030
			3664	1030
			3665	1030
			3666	1030
			3667	1031
			3668	1031
			3669	1031
			3670	1031
			3671	1031
			3672	1031
			3673	1031
			3674	1031
			3675	1031
			3676	1031
			3677	1031
			3678	1031
			3679	1031
			3680	1031
			3681	1031
			3682	1031
			3683	1031
			3684	1031
			3685	1032
			3686	1032
			3687	1032
			3688	1032
			3689	1032
			3690	1032
			3691	1032
			3692	1032
			3693	1032
			3694	1032
			3695	1032
			3696	1032
			3697	1032
			3698	1032
			3699	1032
			3700	1032
			3701	1032
			3702	1033
			3703	1033
			3704	1033
			3705	1033
			3706	1033
			3707	1033
			3708	1033
			3709	1033
			3710	1033
			3711	1033
			3712	1033
			3713	1033
			3714	1033
			3715	1033
			3716	1033
			3717	1033
			3718	1034
			3719	1034
			3720	1034
			3721	1034
			3722	1034
			3723	1034
			3724	1034
			3725	1034
			3726	1034
			3727	1034
			3728	1034
			3729	1034
			3730	1034
			3731	1034
			3732	1034
			3733	1034
			3734	1034
			3735	1034
			3736	1034
			3737	1034
			3738	1034
			3739	1035
			3740	1035
			3741	1035
			3742	1035
			3743	1035
			3744	1035
			3745	1035
			3746	1035
			3747	1035
			3748	1035
			3749	1035
			3750	1035
			3751	1035
			3752	1035
			3753	1035
			3754	1035
			3755	1035
			3756	1035
			3757	1035
			3758	1035
			3759	1035
			3760	1035
			3761	1035
			3762	1035
			3763	1035
			3764	1035
			3765	1035
			3766	1035
			3767	1035
			3768	1035
			3769	1035
			3770	1035
			3771	1035
			3772	1035
			3773	1035
			3774	1035
			3775	1035
			3776	1035
			3777	1035
			3778	1035
			3779	1035
			3780	1035
			3781	1035
			3782	1035
			3783	1035
			3784	1035
			3785	1035
			3786	1035
			3787	1035
			3788	1035
			3789	1035
			3790	1035
			3791	1035
			3792	1035
			3793	1035
			3794	1035
			3795	1035
			3796	1035
			3797	1035
			3798	1035
			3799	1035
			3800	1035
			3801	1035
			3802	1035
			3803	1035
			3804	1035
			3805	1035
			3806	1035
			3807	1035
			3808	1035
			3809	1035
			3810	1035
			3811	1035
			3812	1035
			3813	1035
			3814	1035
			3815	1035
			3816	1035
			3817	1035
			3818	1035
			3819	1035
			3820	1035
			3821	1035
			3822	1035
			3823	1035
			3824	1035
			3825	1035
			3826	1035
			3827	1035
			3828	1034
			3829	1034
			3830	1034
			3831	1034
			3832	1034
			3833	1034
			3834	1034
			3835	1034
			3836	1034
			3837	1034
			3838	1034
			3839	1034
			3840	1034
			3841	1034
			3842	1034
			3843	1034
			3844	1034
			3845	1033
			3846	1033
			3847	1033
			3848	1033
			3849	1033
			3850	1033
			3851	1033
			3852	1033
			3853	1033
			3854	1033
			3855	1033
			3856	1033
			3857	1032
			3858	1032
			3859	1032
			3860	1032
			3861	1032
			3862	1032
		</caudal_dors_ant>
		<caud_dors_post type=matrix rownames=FALSE colnames=FALSE nrow=138 ncol=2 as.numeric=TRUE >
			3862	1032
			3863	1032
			3864	1031
			3865	1031
			3866	1030
			3867	1030
			3868	1029
			3869	1029
			3870	1028
			3871	1028
			3872	1027
			3873	1027
			3874	1027
			3875	1026
			3876	1026
			3877	1025
			3878	1025
			3879	1024
			3880	1024
			3881	1023
			3882	1023
			3883	1023
			3884	1022
			3885	1022
			3886	1021
			3887	1021
			3888	1020
			3889	1020
			3890	1020
			3891	1019
			3892	1019
			3893	1018
			3894	1018
			3895	1018
			3896	1017
			3897	1017
			3898	1016
			3899	1016
			3900	1016
			3901	1015
			3902	1015
			3903	1014
			3904	1014
			3905	1014
			3906	1013
			3907	1013
			3908	1013
			3909	1012
			3910	1012
			3911	1011
			3912	1011
			3913	1011
			3914	1010
			3915	1010
			3916	1009
			3917	1009
			3918	1009
			3919	1008
			3920	1008
			3921	1008
			3921	1007
			3922	1007
			3923	1007
			3924	1006
			3925	1006
			3926	1006
			3926	1005
			3927	1005
			3928	1005
			3929	1005
			3930	1004
			3931	1004
			3932	1003
			3933	1003
			3934	1003
			3935	1002
			3936	1002
			3937	1002
			3938	1001
			3939	1001
			3940	1001
			3941	1000
			3942	1000
			3943	1000
			3944	999
			3945	999
			3946	999
			3947	998
			3948	998
			3949	998
			3950	998
			3951	997
			3952	997
			3953	996
			3954	996
			3955	996
			3956	995
			3957	995
			3958	995
			3959	995
			3959	994
			3960	994
			3961	994
			3962	994
			3963	994
			3963	993
			3964	993
			3965	993
			3966	993
			3967	992
			3968	992
			3969	992
			3970	991
			3971	991
			3972	991
			3973	991
			3974	990
			3975	990
			3976	990
			3977	990
			3978	989
			3979	989
			3980	989
			3981	989
			3982	988
			3983	988
			3984	988
			3985	987
			3986	987
			3987	987
			3988	987
			3989	986
			3990	986
			3991	986
			3992	986
			3993	985
			3994	985
			3995	985
		</caud_dors_post>
		<caud_vent_post type=matrix rownames=FALSE colnames=FALSE nrow=142 ncol=2 as.numeric=TRUE >
			4067	1387
			4066	1387
			4065	1387
			4064	1387
			4063	1387
			4062	1387
			4061	1387
			4060	1387
			4059	1388
			4058	1388
			4057	1388
			4056	1388
			4055	1388
			4054	1388
			4053	1388
			4052	1388
			4051	1388
			4050	1388
			4049	1388
			4048	1388
			4047	1388
			4046	1388
			4045	1388
			4044	1388
			4043	1389
			4042	1389
			4041	1389
			4040	1389
			4039	1389
			4038	1389
			4037	1389
			4036	1389
			4035	1389
			4034	1389
			4033	1389
			4032	1389
			4031	1389
			4030	1389
			4029	1389
			4028	1389
			4027	1390
			4026	1390
			4025	1390
			4024	1390
			4023	1390
			4022	1390
			4021	1390
			4020	1390
			4019	1390
			4018	1390
			4017	1390
			4016	1390
			4015	1390
			4014	1390
			4013	1390
			4012	1390
			4011	1390
			4010	1391
			4009	1391
			4008	1391
			4007	1391
			4006	1391
			4005	1391
			4004	1391
			4003	1391
			4002	1391
			4001	1391
			4000	1391
			3999	1391
			3998	1391
			3997	1391
			3996	1391
			3995	1391
			3994	1391
			3993	1391
			3992	1392
			3991	1392
			3990	1392
			3989	1392
			3988	1392
			3987	1392
			3986	1392
			3985	1392
			3984	1392
			3983	1392
			3982	1392
			3981	1392
			3980	1392
			3979	1392
			3978	1392
			3977	1392
			3976	1392
			3975	1392
			3974	1393
			3973	1393
			3972	1393
			3971	1393
			3970	1393
			3969	1393
			3968	1393
			3967	1393
			3966	1393
			3965	1393
			3964	1393
			3963	1393
			3962	1393
			3961	1393
			3960	1393
			3959	1393
			3958	1393
			3957	1393
			3956	1394
			3955	1394
			3954	1394
			3953	1394
			3952	1394
			3951	1394
			3950	1394
			3949	1394
			3948	1394
			3947	1394
			3946	1394
			3945	1394
			3944	1394
			3943	1394
			3942	1394
			3941	1394
			3940	1394
			3939	1394
			3938	1394
			3937	1394
			3937	1395
			3936	1395
			3935	1395
			3934	1395
			3933	1395
			3932	1395
			3931	1395
			3930	1395
			3929	1395
			3928	1395
			3927	1395
		</caud_vent_post>
		<caudal_vent_ant type=matrix rownames=FALSE colnames=FALSE nrow=344 ncol=2 as.numeric=TRUE >
			3927	1395
			3926	1395
			3925	1396
			3924	1396
			3923	1396
			3922	1396
			3921	1397
			3920	1397
			3919	1397
			3918	1398
			3917	1398
			3916	1398
			3915	1398
			3914	1399
			3913	1399
			3912	1399
			3911	1399
			3910	1400
			3909	1400
			3908	1400
			3907	1401
			3906	1401
			3905	1401
			3904	1402
			3903	1402
			3902	1402
			3901	1402
			3900	1403
			3899	1403
			3898	1403
			3897	1404
			3896	1404
			3895	1404
			3894	1404
			3894	1405
			3893	1405
			3892	1405
			3891	1405
			3890	1406
			3889	1406
			3888	1406
			3887	1407
			3886	1407
			3885	1407
			3884	1408
			3883	1408
			3882	1408
			3881	1408
			3880	1409
			3879	1409
			3878	1409
			3877	1410
			3876	1410
			3875	1410
			3874	1411
			3873	1411
			3872	1411
			3871	1412
			3870	1412
			3869	1412
			3868	1413
			3867	1413
			3866	1413
			3865	1414
			3864	1414
			3863	1414
			3862	1415
			3861	1415
			3860	1415
			3859	1415
			3858	1416
			3857	1416
			3856	1417
			3855	1417
			3854	1417
			3853	1418
			3852	1418
			3851	1418
			3850	1419
			3849	1419
			3848	1419
			3847	1419
			3846	1420
			3845	1420
			3844	1421
			3843	1421
			3842	1421
			3841	1422
			3840	1422
			3839	1422
			3838	1422
			3837	1423
			3836	1423
			3835	1424
			3834	1424
			3833	1424
			3832	1425
			3831	1425
			3830	1425
			3829	1426
			3828	1426
			3827	1427
			3826	1427
			3825	1427
			3824	1428
			3823	1428
			3822	1428
			3821	1429
			3820	1429
			3819	1429
			3818	1430
			3817	1430
			3816	1430
			3815	1431
			3814	1431
			3813	1432
			3812	1432
			3811	1432
			3810	1432
			3809	1433
			3808	1433
			3807	1434
			3806	1434
			3805	1434
			3804	1435
			3803	1435
			3802	1435
			3801	1436
			3800	1436
			3799	1436
			3798	1437
			3797	1437
			3796	1437
			3795	1438
			3794	1438
			3793	1439
			3792	1439
			3791	1439
			3790	1440
			3789	1440
			3788	1441
			3787	1441
			3786	1441
			3785	1441
			3784	1442
			3783	1442
			3782	1443
			3781	1443
			3780	1443
			3779	1444
			3778	1444
			3777	1444
			3776	1445
			3775	1445
			3774	1446
			3773	1446
			3772	1446
			3771	1447
			3770	1447
			3769	1447
			3768	1448
			3767	1448
			3766	1449
			3765	1449
			3764	1449
			3763	1450
			3762	1450
			3761	1450
			3760	1451
			3759	1451
			3758	1452
			3757	1452
			3756	1452
			3755	1453
			3754	1453
			3753	1454
			3752	1454
			3751	1454
			3750	1455
			3749	1455
			3748	1455
			3747	1456
			3746	1456
			3745	1457
			3744	1457
			3743	1457
			3742	1458
			3741	1458
			3740	1459
			3739	1459
			3738	1459
			3737	1460
			3736	1460
			3735	1460
			3734	1461
			3733	1461
			3732	1462
			3731	1462
			3730	1462
			3729	1463
			3728	1463
			3727	1464
			3726	1464
			3725	1464
			3724	1465
			3723	1465
			3722	1465
			3722	1466
			3721	1466
			3720	1466
			3719	1467
			3718	1467
			3717	1468
			3716	1468
			3715	1468
			3714	1469
			3713	1469
			3712	1469
			3711	1470
			3710	1470
			3709	1470
			3708	1471
			3707	1472
			3706	1472
			3705	1472
			3704	1473
			3703	1473
			3702	1473
			3701	1474
			3700	1474
			3699	1475
			3698	1475
			3697	1476
			3696	1476
			3695	1476
			3694	1477
			3693	1477
			3692	1477
			3691	1478
			3690	1478
			3689	1479
			3688	1479
			3687	1480
			3686	1480
			3685	1480
			3684	1481
			3683	1481
			3682	1482
			3681	1482
			3680	1482
			3679	1483
			3678	1483
			3677	1484
			3676	1484
			3675	1484
			3674	1485
			3673	1485
			3672	1486
			3671	1486
			3670	1486
			3669	1487
			3668	1487
			3667	1487
			3666	1488
			3665	1489
			3664	1489
			3663	1489
			3662	1489
			3662	1490
			3661	1490
			3660	1490
			3659	1491
			3658	1491
			3657	1492
			3656	1492
			3655	1492
			3654	1493
			3653	1493
			3652	1493
			3652	1494
			3651	1494
			3650	1495
			3649	1495
			3648	1495
			3647	1496
			3646	1496
			3645	1496
			3644	1497
			3643	1497
			3642	1498
			3641	1498
			3640	1499
			3639	1499
			3638	1499
			3637	1500
			3636	1500
			3635	1501
			3634	1501
			3633	1502
			3632	1502
			3631	1502
			3631	1503
			3630	1503
			3629	1503
			3628	1504
			3627	1504
			3626	1505
			3625	1505
			3624	1505
			3623	1506
			3622	1506
			3621	1507
			3620	1507
			3619	1507
			3618	1508
			3617	1508
			3616	1509
			3615	1509
			3614	1509
			3613	1510
			3612	1510
			3611	1511
			3610	1511
			3609	1512
			3608	1512
			3607	1512
			3606	1513
			3605	1513
			3604	1514
			3603	1514
			3602	1514
			3601	1515
			3600	1515
			3599	1516
			3598	1516
			3597	1517
			3596	1517
			3595	1517
			3594	1518
			3593	1518
			3592	1519
			3591	1519
			3590	1520
			3589	1520
		</caudal_vent_ant>
		<anal type=matrix rownames=FALSE colnames=FALSE nrow=246 ncol=2 as.numeric=TRUE >
			3589	1520
			3588	1521
			3587	1521
			3586	1522
			3585	1522
			3584	1523
			3583	1524
			3582	1525
			3581	1525
			3580	1526
			3579	1526
			3578	1527
			3577	1528
			3576	1528
			3575	1529
			3574	1529
			3574	1530
			3573	1530
			3572	1531
			3571	1531
			3571	1532
			3570	1532
			3569	1533
			3568	1533
			3567	1534
			3566	1535
			3565	1535
			3564	1536
			3563	1536
			3562	1537
			3561	1538
			3560	1538
			3559	1539
			3558	1539
			3558	1540
			3557	1541
			3556	1541
			3555	1542
			3554	1542
			3553	1543
			3552	1543
			3551	1544
			3550	1545
			3549	1545
			3548	1546
			3547	1546
			3546	1547
			3545	1548
			3544	1549
			3543	1549
			3542	1550
			3541	1550
			3541	1551
			3540	1551
			3539	1552
			3538	1552
			3537	1553
			3536	1554
			3535	1554
			3534	1555
			3533	1555
			3533	1556
			3532	1556
			3531	1557
			3530	1557
			3529	1558
			3528	1559
			3527	1559
			3526	1560
			3525	1561
			3524	1561
			3523	1562
			3522	1562
			3521	1563
			3520	1564
			3519	1564
			3519	1565
			3518	1565
			3517	1566
			3516	1567
			3515	1567
			3514	1568
			3513	1568
			3512	1569
			3511	1570
			3510	1570
			3509	1571
			3508	1571
			3507	1572
			3506	1573
			3505	1573
			3505	1574
			3504	1574
			3503	1575
			3502	1575
			3501	1576
			3500	1577
			3499	1577
			3498	1578
			3497	1578
			3496	1579
			3495	1580
			3494	1580
			3493	1581
			3492	1582
			3491	1582
			3490	1583
			3489	1584
			3488	1585
			3487	1585
			3486	1586
			3485	1586
			3484	1587
			3483	1588
			3482	1588
			3481	1589
			3480	1589
			3479	1590
			3478	1591
			3477	1591
			3476	1592
			3475	1592
			3474	1593
			3473	1594
			3472	1595
			3471	1595
			3470	1596
			3469	1597
			3468	1597
			3467	1598
			3466	1598
			3465	1599
			3464	1600
			3463	1600
			3463	1601
			3462	1601
			3461	1602
			3460	1602
			3459	1603
			3458	1604
			3457	1604
			3456	1605
			3455	1606
			3454	1606
			3453	1607
			3452	1607
			3451	1608
			3450	1609
			3449	1609
			3448	1610
			3447	1610
			3446	1611
			3445	1612
			3444	1612
			3443	1613
			3443	1614
			3442	1614
			3441	1615
			3440	1615
			3439	1616
			3438	1617
			3437	1617
			3436	1618
			3435	1618
			3434	1619
			3433	1620
			3432	1620
			3431	1621
			3430	1622
			3429	1622
			3428	1623
			3427	1623
			3426	1624
			3426	1625
			3425	1625
			3424	1626
			3423	1626
			3422	1627
			3421	1628
			3420	1628
			3419	1629
			3418	1629
			3417	1630
			3416	1631
			3415	1631
			3414	1632
			3413	1632
			3412	1633
			3412	1634
			3411	1634
			3410	1635
			3409	1635
			3408	1636
			3407	1637
			3406	1637
			3405	1638
			3404	1639
			3403	1639
			3402	1640
			3401	1640
			3400	1641
			3399	1642
			3398	1643
			3397	1643
			3396	1644
			3395	1644
			3395	1645
			3394	1645
			3393	1646
			3392	1646
			3391	1647
			3390	1648
			3389	1648
			3388	1649
			3387	1649
			3387	1650
			3386	1650
			3385	1651
			3384	1651
			3384	1652
			3383	1652
			3382	1653
			3381	1653
			3380	1654
			3379	1655
			3378	1656
			3377	1656
			3376	1657
			3375	1657
			3374	1658
			3373	1659
			3372	1659
			3371	1660
			3370	1660
			3370	1661
			3369	1662
			3368	1662
			3367	1663
			3366	1664
			3365	1664
			3364	1665
			3363	1665
			3362	1666
			3361	1667
			3360	1667
			3359	1668
		</anal>
		<ventral_body type=matrix rownames=FALSE colnames=FALSE nrow=2820 ncol=2 as.numeric=TRUE >
			3359	1668
			3358	1668
			3357	1669
			3356	1670
			3355	1671
			3354	1672
			3353	1672
			3352	1673
			3351	1673
			3350	1674
			3349	1675
			3348	1675
			3348	1676
			3347	1677
			3346	1677
			3345	1678
			3344	1679
			3343	1679
			3342	1680
			3342	1681
			3341	1682
			3340	1682
			3339	1683
			3338	1684
			3337	1685
			3336	1686
			3335	1687
			3334	1688
			3333	1689
			3332	1690
			3331	1691
			3330	1692
			3329	1692
			3328	1693
			3327	1694
			3326	1695
			3325	1696
			3325	1697
			3324	1698
			3323	1699
			3322	1700
			3321	1701
			3320	1702
			3319	1703
			3319	1704
			3318	1705
			3317	1706
			3316	1707
			3316	1708
			3315	1709
			3314	1710
			3313	1711
			3312	1712
			3312	1713
			3311	1714
			3310	1715
			3310	1716
			3309	1717
			3308	1718
			3308	1719
			3307	1720
			3306	1721
			3306	1722
			3305	1723
			3304	1724
			3304	1725
			3303	1726
			3302	1727
			3302	1728
			3301	1729
			3301	1730
			3300	1731
			3299	1732
			3299	1733
			3298	1734
			3298	1735
			3297	1736
			3297	1737
			3296	1737
			3296	1738
			3296	1739
			3295	1740
			3294	1741
			3293	1741
			3292	1741
			3291	1742
			3290	1742
			3289	1743
			3288	1743
			3287	1744
			3286	1744
			3285	1745
			3284	1745
			3283	1746
			3282	1746
			3281	1747
			3280	1747
			3279	1748
			3278	1748
			3277	1749
			3276	1749
			3275	1749
			3274	1750
			3273	1750
			3272	1751
			3271	1751
			3270	1751
			3270	1752
			3269	1752
			3268	1752
			3267	1753
			3266	1753
			3265	1754
			3264	1754
			3263	1755
			3262	1755
			3261	1756
			3260	1756
			3259	1756
			3258	1757
			3257	1757
			3256	1758
			3255	1758
			3255	1759
			3254	1759
			3253	1759
			3252	1760
			3251	1760
			3250	1761
			3249	1761
			3248	1762
			3247	1762
			3246	1762
			3245	1763
			3244	1763
			3243	1764
			3242	1764
			3241	1765
			3240	1765
			3239	1765
			3238	1766
			3237	1766
			3236	1767
			3235	1767
			3234	1768
			3233	1768
			3232	1768
			3231	1769
			3230	1769
			3229	1770
			3228	1770
			3227	1771
			3226	1771
			3225	1772
			3224	1772
			3223	1772
			3222	1773
			3221	1773
			3220	1774
			3219	1774
			3218	1775
			3217	1775
			3216	1776
			3215	1776
			3214	1777
			3213	1777
			3212	1777
			3211	1778
			3210	1778
			3209	1779
			3208	1779
			3207	1779
			3206	1780
			3205	1780
			3204	1781
			3203	1781
			3202	1782
			3201	1782
			3200	1782
			3199	1783
			3198	1783
			3197	1783
			3197	1784
			3196	1784
			3195	1785
			3194	1785
			3193	1785
			3192	1786
			3191	1786
			3190	1787
			3189	1787
			3188	1787
			3187	1788
			3186	1788
			3185	1789
			3184	1789
			3183	1790
			3182	1790
			3181	1790
			3181	1791
			3180	1791
			3179	1792
			3178	1792
			3177	1792
			3176	1793
			3175	1793
			3174	1794
			3173	1794
			3172	1794
			3171	1795
			3170	1795
			3169	1796
			3168	1796
			3167	1796
			3166	1797
			3165	1797
			3164	1798
			3163	1798
			3162	1799
			3161	1799
			3160	1799
			3159	1800
			3158	1800
			3157	1801
			3156	1801
			3155	1801
			3154	1802
			3153	1802
			3152	1803
			3151	1803
			3150	1804
			3149	1804
			3148	1804
			3147	1805
			3146	1805
			3145	1806
			3144	1806
			3143	1806
			3142	1807
			3141	1807
			3140	1808
			3139	1808
			3138	1809
			3137	1809
			3136	1809
			3135	1810
			3134	1810
			3133	1811
			3132	1811
			3131	1812
			3130	1812
			3129	1812
			3128	1813
			3127	1813
			3126	1814
			3125	1814
			3124	1814
			3123	1815
			3122	1815
			3121	1816
			3120	1816
			3119	1816
			3119	1817
			3118	1817
			3117	1817
			3116	1817
			3116	1818
			3115	1818
			3114	1818
			3113	1819
			3112	1819
			3111	1820
			3110	1820
			3109	1820
			3108	1821
			3107	1821
			3106	1822
			3105	1822
			3104	1822
			3104	1823
			3103	1823
			3102	1823
			3101	1824
			3100	1824
			3099	1825
			3098	1825
			3097	1825
			3096	1826
			3095	1826
			3094	1827
			3093	1827
			3092	1827
			3091	1828
			3090	1828
			3089	1828
			3088	1829
			3087	1830
			3086	1830
			3085	1830
			3084	1831
			3083	1831
			3082	1831
			3081	1832
			3080	1832
			3079	1833
			3078	1833
			3077	1834
			3076	1834
			3075	1834
			3074	1835
			3073	1835
			3072	1836
			3071	1836
			3070	1836
			3069	1837
			3068	1837
			3067	1838
			3066	1838
			3065	1838
			3064	1839
			3063	1839
			3062	1840
			3061	1840
			3060	1840
			3059	1841
			3058	1841
			3057	1842
			3056	1842
			3055	1842
			3054	1843
			3053	1843
			3052	1844
			3051	1844
			3050	1844
			3049	1845
			3048	1845
			3047	1845
			3047	1846
			3046	1846
			3045	1846
			3044	1847
			3043	1847
			3042	1847
			3041	1848
			3040	1848
			3039	1849
			3038	1849
			3037	1850
			3036	1850
			3035	1850
			3034	1851
			3033	1851
			3032	1852
			3031	1852
			3030	1852
			3029	1853
			3028	1853
			3027	1853
			3026	1854
			3025	1854
			3024	1855
			3023	1855
			3022	1855
			3021	1856
			3020	1856
			3019	1857
			3018	1857
			3017	1857
			3016	1858
			3015	1858
			3014	1858
			3013	1859
			3012	1859
			3012	1860
			3011	1860
			3010	1860
			3009	1861
			3008	1861
			3007	1861
			3006	1862
			3005	1862
			3004	1863
			3003	1863
			3002	1863
			3001	1864
			3000	1864
			2999	1865
			2998	1865
			2997	1865
			2996	1866
			2995	1866
			2994	1866
			2993	1867
			2992	1867
			2991	1868
			2990	1868
			2989	1868
			2988	1869
			2987	1869
			2986	1870
			2985	1870
			2984	1870
			2983	1871
			2982	1871
			2981	1871
			2980	1872
			2979	1872
			2978	1873
			2977	1873
			2976	1873
			2975	1874
			2974	1874
			2973	1875
			2972	1875
			2971	1875
			2970	1876
			2969	1876
			2968	1877
			2967	1877
			2966	1877
			2965	1878
			2964	1878
			2963	1879
			2962	1879
			2961	1879
			2960	1880
			2959	1880
			2958	1881
			2957	1881
			2956	1881
			2955	1882
			2954	1882
			2953	1883
			2952	1883
			2951	1883
			2950	1884
			2949	1884
			2948	1884
			2947	1885
			2946	1885
			2945	1886
			2944	1886
			2943	1886
			2942	1887
			2941	1887
			2940	1887
			2939	1888
			2938	1888
			2937	1888
			2936	1889
			2935	1889
			2934	1890
			2933	1890
			2932	1891
			2931	1891
			2930	1891
			2929	1892
			2928	1892
			2927	1892
			2926	1893
			2925	1893
			2924	1894
			2923	1894
			2922	1894
			2921	1895
			2920	1895
			2919	1895
			2918	1896
			2917	1896
			2916	1897
			2915	1897
			2914	1897
			2913	1898
			2912	1898
			2911	1898
			2910	1899
			2909	1899
			2908	1899
			2907	1900
			2906	1901
			2905	1901
			2904	1901
			2903	1901
			2903	1902
			2902	1902
			2901	1902
			2900	1903
			2899	1903
			2898	1904
			2897	1904
			2896	1904
			2895	1905
			2894	1905
			2893	1905
			2892	1906
			2891	1906
			2890	1907
			2889	1907
			2888	1907
			2887	1908
			2886	1908
			2885	1909
			2884	1909
			2883	1909
			2882	1910
			2881	1910
			2880	1910
			2879	1911
			2878	1911
			2877	1912
			2876	1912
			2875	1912
			2874	1913
			2873	1913
			2872	1913
			2871	1914
			2870	1914
			2869	1915
			2868	1915
			2867	1915
			2866	1916
			2865	1916
			2864	1916
			2864	1917
			2863	1917
			2862	1917
			2861	1918
			2860	1918
			2859	1918
			2858	1919
			2857	1919
			2856	1919
			2855	1920
			2854	1920
			2853	1921
			2852	1921
			2851	1921
			2850	1922
			2849	1922
			2848	1923
			2847	1923
			2846	1923
			2845	1923
			2844	1924
			2843	1924
			2842	1925
			2841	1925
			2840	1925
			2839	1926
			2838	1926
			2837	1926
			2836	1927
			2835	1927
			2834	1928
			2833	1928
			2832	1928
			2832	1929
			2831	1929
			2830	1929
			2829	1930
			2828	1930
			2827	1930
			2826	1931
			2825	1931
			2824	1931
			2823	1932
			2822	1932
			2821	1933
			2820	1933
			2819	1933
			2818	1934
			2817	1934
			2816	1934
			2815	1935
			2814	1935
			2813	1935
			2812	1936
			2811	1936
			2810	1937
			2809	1937
			2808	1938
			2807	1938
			2806	1938
			2805	1938
			2805	1939
			2804	1939
			2803	1939
			2802	1940
			2801	1940
			2800	1941
			2799	1941
			2798	1941
			2797	1941
			2796	1942
			2795	1942
			2794	1943
			2793	1943
			2792	1944
			2791	1944
			2790	1944
			2789	1945
			2788	1945
			2787	1945
			2786	1946
			2785	1946
			2784	1946
			2784	1947
			2783	1947
			2782	1947
			2781	1947
			2780	1948
			2779	1948
			2778	1949
			2777	1949
			2776	1949
			2775	1950
			2774	1950
			2773	1950
			2772	1951
			2771	1951
			2770	1951
			2769	1952
			2768	1952
			2767	1953
			2766	1953
			2765	1954
			2764	1954
			2763	1954
			2762	1955
			2761	1955
			2760	1955
			2759	1956
			2758	1956
			2757	1956
			2756	1957
			2755	1957
			2754	1958
			2753	1958
			2752	1958
			2751	1959
			2750	1959
			2749	1959
			2748	1960
			2747	1960
			2746	1960
			2746	1961
			2745	1961
			2744	1961
			2743	1962
			2742	1962
			2741	1962
			2740	1963
			2739	1963
			2738	1963
			2737	1964
			2736	1964
			2735	1964
			2734	1965
			2733	1965
			2732	1966
			2731	1966
			2730	1966
			2729	1966
			2728	1966
			2727	1966
			2726	1966
			2725	1966
			2724	1966
			2723	1967
			2722	1967
			2721	1967
			2720	1967
			2719	1967
			2718	1967
			2717	1967
			2716	1967
			2715	1967
			2714	1967
			2713	1967
			2712	1967
			2711	1967
			2710	1967
			2709	1968
			2708	1968
			2707	1968
			2706	1968
			2705	1968
			2704	1968
			2703	1968
			2702	1968
			2701	1968
			2700	1968
			2699	1968
			2698	1968
			2697	1968
			2696	1968
			2695	1968
			2694	1968
			2693	1969
			2692	1969
			2691	1969
			2690	1969
			2689	1969
			2688	1969
			2687	1969
			2686	1969
			2685	1969
			2684	1969
			2683	1969
			2682	1969
			2681	1969
			2680	1969
			2679	1969
			2678	1969
			2677	1969
			2676	1970
			2675	1970
			2674	1970
			2673	1970
			2672	1970
			2671	1970
			2670	1970
			2669	1970
			2668	1970
			2667	1970
			2666	1970
			2665	1970
			2664	1970
			2663	1970
			2662	1970
			2661	1970
			2660	1970
			2660	1971
			2659	1971
			2658	1971
			2657	1971
			2656	1971
			2655	1971
			2654	1971
			2653	1971
			2652	1971
			2651	1971
			2650	1971
			2649	1971
			2648	1971
			2647	1971
			2646	1971
			2645	1971
			2644	1971
			2643	1971
			2642	1972
			2641	1972
			2640	1972
			2639	1972
			2638	1972
			2637	1972
			2636	1972
			2635	1972
			2634	1972
			2633	1972
			2632	1972
			2631	1972
			2630	1972
			2629	1972
			2628	1972
			2627	1972
			2626	1972
			2625	1972
			2624	1972
			2623	1972
			2622	1973
			2621	1973
			2620	1973
			2619	1973
			2618	1973
			2617	1973
			2616	1973
			2615	1973
			2614	1973
			2613	1973
			2612	1973
			2611	1973
			2610	1973
			2609	1973
			2608	1973
			2607	1973
			2606	1973
			2605	1973
			2604	1973
			2603	1973
			2602	1973
			2601	1974
			2600	1974
			2599	1974
			2598	1974
			2597	1974
			2596	1974
			2595	1974
			2594	1974
			2593	1974
			2592	1974
			2591	1974
			2590	1974
			2589	1974
			2588	1974
			2587	1974
			2586	1974
			2585	1974
			2584	1974
			2583	1974
			2582	1974
			2581	1974
			2580	1974
			2579	1975
			2578	1975
			2577	1975
			2576	1975
			2575	1975
			2574	1975
			2573	1975
			2572	1975
			2571	1975
			2570	1975
			2569	1975
			2568	1975
			2567	1975
			2566	1975
			2565	1975
			2564	1975
			2563	1975
			2562	1975
			2561	1975
			2560	1975
			2559	1975
			2558	1975
			2557	1975
			2556	1975
			2555	1975
			2554	1975
			2553	1976
			2552	1976
			2551	1976
			2550	1976
			2549	1976
			2548	1976
			2547	1976
			2546	1976
			2545	1976
			2544	1976
			2543	1976
			2542	1976
			2541	1976
			2540	1976
			2539	1976
			2538	1976
			2537	1976
			2536	1976
			2535	1976
			2534	1976
			2533	1976
			2532	1976
			2531	1976
			2530	1976
			2529	1976
			2528	1976
			2527	1976
			2526	1976
			2525	1976
			2524	1977
			2523	1977
			2522	1977
			2521	1977
			2520	1977
			2519	1977
			2518	1977
			2517	1977
			2516	1977
			2515	1977
			2514	1977
			2513	1977
			2512	1977
			2511	1977
			2510	1977
			2509	1977
			2508	1977
			2507	1977
			2506	1977
			2505	1977
			2504	1977
			2503	1977
			2502	1977
			2501	1977
			2500	1977
			2499	1977
			2498	1977
			2497	1977
			2496	1977
			2495	1977
			2494	1977
			2493	1977
			2492	1977
			2491	1977
			2490	1977
			2489	1977
			2488	1978
			2487	1978
			2486	1978
			2485	1978
			2484	1978
			2483	1978
			2482	1978
			2481	1978
			2480	1978
			2479	1978
			2478	1978
			2477	1978
			2476	1978
			2475	1978
			2474	1978
			2473	1978
			2472	1978
			2471	1978
			2470	1978
			2469	1978
			2468	1978
			2467	1978
			2466	1978
			2465	1978
			2464	1978
			2463	1978
			2462	1978
			2461	1978
			2460	1978
			2459	1978
			2458	1978
			2457	1978
			2456	1978
			2455	1978
			2454	1978
			2453	1978
			2452	1978
			2451	1978
			2450	1978
			2449	1978
			2448	1978
			2447	1978
			2446	1978
			2445	1978
			2444	1978
			2443	1978
			2442	1978
			2441	1978
			2440	1978
			2439	1978
			2438	1979
			2437	1979
			2436	1979
			2435	1979
			2434	1979
			2433	1979
			2432	1979
			2431	1979
			2430	1979
			2429	1979
			2428	1979
			2427	1979
			2426	1979
			2425	1979
			2424	1979
			2423	1979
			2422	1979
			2421	1979
			2420	1979
			2419	1979
			2418	1979
			2417	1979
			2416	1979
			2415	1979
			2414	1979
			2413	1979
			2412	1979
			2411	1979
			2410	1979
			2409	1979
			2408	1979
			2407	1979
			2406	1979
			2405	1979
			2404	1979
			2403	1979
			2402	1979
			2401	1979
			2400	1979
			2399	1979
			2398	1979
			2397	1979
			2396	1979
			2395	1979
			2394	1979
			2393	1979
			2392	1979
			2391	1979
			2390	1979
			2389	1979
			2388	1979
			2387	1979
			2386	1979
			2385	1979
			2384	1979
			2383	1979
			2382	1979
			2381	1979
			2380	1979
			2379	1979
			2378	1979
			2377	1979
			2376	1979
			2375	1979
			2374	1979
			2373	1979
			2372	1979
			2371	1979
			2370	1979
			2369	1979
			2368	1979
			2367	1979
			2366	1979
			2365	1979
			2364	1979
			2363	1979
			2362	1979
			2361	1979
			2360	1979
			2359	1979
			2358	1979
			2357	1979
			2356	1979
			2355	1979
			2354	1979
			2353	1979
			2352	1979
			2351	1979
			2350	1979
			2349	1979
			2348	1979
			2347	1979
			2346	1979
			2345	1979
			2344	1979
			2343	1979
			2342	1979
			2341	1979
			2340	1979
			2339	1979
			2338	1979
			2337	1979
			2336	1979
			2335	1979
			2334	1979
			2333	1979
			2332	1979
			2331	1979
			2330	1979
			2329	1979
			2328	1979
			2327	1979
			2326	1979
			2325	1979
			2324	1979
			2323	1979
			2322	1979
			2321	1979
			2320	1979
			2319	1979
			2318	1979
			2317	1979
			2316	1979
			2315	1979
			2314	1979
			2313	1979
			2312	1979
			2311	1979
			2310	1979
			2309	1979
			2308	1979
			2307	1979
			2306	1979
			2305	1979
			2304	1979
			2303	1979
			2302	1979
			2301	1979
			2300	1979
			2299	1979
			2298	1979
			2297	1979
			2296	1979
			2295	1979
			2294	1979
			2293	1979
			2292	1979
			2291	1979
			2290	1979
			2289	1979
			2288	1979
			2287	1979
			2286	1979
			2285	1979
			2284	1979
			2283	1979
			2282	1979
			2281	1979
			2280	1979
			2279	1979
			2278	1979
			2277	1979
			2276	1979
			2275	1979
			2274	1979
			2274	1978
			2273	1978
			2272	1978
			2271	1978
			2270	1978
			2269	1978
			2268	1978
			2267	1978
			2266	1978
			2265	1978
			2264	1978
			2263	1978
			2262	1978
			2261	1978
			2260	1978
			2259	1978
			2258	1978
			2257	1978
			2256	1978
			2255	1978
			2254	1978
			2253	1978
			2252	1978
			2251	1978
			2250	1978
			2249	1978
			2248	1978
			2247	1978
			2246	1978
			2245	1978
			2244	1978
			2243	1978
			2242	1978
			2241	1978
			2240	1978
			2239	1978
			2238	1978
			2237	1978
			2236	1978
			2235	1978
			2234	1978
			2233	1978
			2232	1978
			2231	1978
			2230	1978
			2229	1978
			2228	1978
			2227	1978
			2226	1978
			2225	1978
			2224	1977
			2223	1977
			2222	1977
			2221	1977
			2220	1977
			2219	1977
			2218	1977
			2217	1977
			2216	1977
			2215	1977
			2214	1977
			2213	1977
			2212	1977
			2211	1977
			2210	1977
			2209	1977
			2208	1977
			2207	1977
			2206	1977
			2205	1977
			2204	1977
			2203	1977
			2202	1977
			2201	1977
			2200	1977
			2199	1977
			2198	1977
			2197	1977
			2196	1977
			2195	1977
			2194	1977
			2193	1977
			2192	1977
			2191	1977
			2190	1977
			2189	1977
			2188	1976
			2187	1976
			2186	1976
			2185	1976
			2184	1976
			2183	1976
			2182	1976
			2181	1976
			2180	1976
			2179	1976
			2178	1976
			2177	1976
			2176	1976
			2175	1976
			2174	1976
			2173	1976
			2172	1976
			2171	1976
			2170	1976
			2169	1976
			2168	1976
			2167	1976
			2166	1976
			2165	1976
			2164	1976
			2163	1976
			2162	1976
			2161	1976
			2160	1976
			2159	1975
			2158	1975
			2157	1975
			2156	1975
			2155	1975
			2154	1975
			2153	1975
			2152	1975
			2151	1975
			2150	1975
			2149	1975
			2148	1975
			2147	1975
			2146	1975
			2145	1975
			2144	1975
			2143	1975
			2142	1975
			2141	1975
			2140	1975
			2139	1975
			2138	1975
			2137	1975
			2136	1975
			2135	1975
			2134	1975
			2133	1974
			2132	1974
			2131	1974
			2130	1974
			2129	1974
			2128	1974
			2127	1974
			2126	1974
			2125	1974
			2124	1974
			2123	1974
			2122	1974
			2121	1974
			2120	1974
			2119	1974
			2118	1974
			2117	1974
			2116	1974
			2115	1974
			2114	1974
			2113	1974
			2112	1974
			2111	1974
			2111	1973
			2110	1973
			2109	1973
			2108	1973
			2107	1973
			2106	1973
			2105	1973
			2104	1973
			2103	1973
			2102	1973
			2101	1973
			2100	1973
			2099	1973
			2098	1973
			2097	1973
			2096	1973
			2095	1973
			2094	1973
			2093	1973
			2092	1973
			2091	1973
			2090	1973
			2090	1972
			2089	1972
			2088	1972
			2087	1972
			2086	1972
			2085	1972
			2084	1972
			2083	1972
			2082	1972
			2081	1972
			2080	1972
			2079	1972
			2078	1972
			2077	1972
			2076	1972
			2075	1972
			2074	1972
			2073	1972
			2072	1972
			2071	1972
			2070	1971
			2069	1971
			2068	1971
			2067	1971
			2066	1971
			2065	1971
			2064	1971
			2063	1971
			2062	1971
			2061	1971
			2060	1971
			2059	1971
			2058	1971
			2057	1971
			2056	1971
			2055	1971
			2054	1971
			2053	1971
			2052	1970
			2051	1970
			2050	1970
			2049	1970
			2048	1970
			2047	1970
			2046	1970
			2045	1970
			2044	1970
			2043	1970
			2042	1970
			2041	1970
			2040	1970
			2039	1970
			2038	1970
			2037	1970
			2036	1970
			2035	1969
			2034	1969
			2033	1969
			2032	1969
			2031	1969
			2030	1969
			2029	1969
			2028	1969
			2027	1969
			2026	1969
			2025	1969
			2024	1969
			2023	1969
			2022	1969
			2021	1969
			2020	1969
			2019	1968
			2018	1968
			2017	1968
			2016	1968
			2015	1968
			2014	1968
			2013	1968
			2012	1968
			2011	1968
			2010	1968
			2009	1968
			2008	1968
			2007	1968
			2006	1968
			2005	1968
			2004	1968
			2003	1967
			2002	1967
			2001	1967
			2000	1967
			1999	1967
			1998	1967
			1997	1967
			1996	1967
			1995	1967
			1994	1967
			1993	1967
			1992	1967
			1991	1967
			1990	1967
			1989	1966
			1988	1966
			1987	1966
			1986	1966
			1985	1966
			1984	1966
			1983	1966
			1982	1966
			1981	1966
			1980	1966
			1979	1966
			1978	1966
			1977	1966
			1976	1966
			1975	1966
			1974	1965
			1973	1965
			1972	1965
			1971	1965
			1970	1965
			1969	1965
			1968	1965
			1967	1965
			1966	1965
			1965	1965
			1964	1965
			1963	1965
			1962	1965
			1961	1964
			1960	1964
			1959	1964
			1958	1964
			1957	1964
			1956	1964
			1955	1964
			1954	1964
			1953	1964
			1952	1964
			1951	1964
			1950	1964
			1949	1964
			1948	1964
			1947	1963
			1946	1963
			1945	1963
			1944	1963
			1943	1963
			1942	1963
			1941	1963
			1940	1963
			1939	1963
			1938	1963
			1937	1963
			1936	1963
			1935	1963
			1934	1962
			1933	1962
			1932	1962
			1931	1962
			1930	1962
			1929	1962
			1928	1962
			1927	1962
			1926	1962
			1925	1962
			1924	1962
			1923	1962
			1922	1961
			1921	1961
			1920	1961
			1919	1961
			1918	1961
			1917	1961
			1916	1961
			1915	1961
			1914	1961
			1913	1961
			1912	1961
			1911	1961
			1910	1961
			1910	1960
			1909	1960
			1908	1960
			1907	1960
			1906	1960
			1905	1960
			1904	1960
			1903	1960
			1902	1960
			1901	1960
			1900	1960
			1899	1960
			1898	1959
			1897	1959
			1896	1959
			1895	1959
			1894	1959
			1893	1959
			1892	1959
			1891	1959
			1890	1959
			1889	1959
			1888	1959
			1887	1959
			1886	1958
			1885	1958
			1884	1958
			1883	1958
			1882	1958
			1881	1958
			1880	1958
			1879	1958
			1878	1958
			1877	1958
			1876	1958
			1875	1957
			1874	1957
			1873	1957
			1872	1957
			1871	1957
			1870	1957
			1869	1957
			1868	1957
			1867	1957
			1866	1957
			1865	1957
			1864	1956
			1863	1956
			1862	1956
			1861	1956
			1860	1956
			1859	1956
			1858	1956
			1857	1956
			1856	1956
			1855	1956
			1854	1955
			1853	1955
			1852	1955
			1851	1955
			1850	1955
			1849	1955
			1848	1955
			1847	1955
			1846	1955
			1845	1955
			1844	1955
			1843	1954
			1842	1954
			1841	1954
			1840	1954
			1839	1954
			1838	1954
			1837	1954
			1836	1954
			1835	1954
			1834	1954
			1833	1954
			1832	1953
			1831	1953
			1830	1953
			1829	1953
			1828	1953
			1827	1953
			1826	1953
			1825	1953
			1824	1953
			1823	1953
			1823	1952
			1822	1952
			1821	1952
			1820	1952
			1819	1952
			1818	1952
			1817	1952
			1816	1952
			1815	1952
			1814	1951
			1813	1951
			1812	1951
			1811	1951
			1810	1951
			1809	1951
			1808	1951
			1807	1951
			1806	1951
			1805	1950
			1804	1950
			1803	1950
			1802	1950
			1801	1950
			1800	1950
			1799	1950
			1798	1950
			1797	1949
			1796	1949
			1795	1949
			1794	1949
			1793	1949
			1792	1949
			1791	1949
			1790	1949
			1789	1948
			1788	1948
			1787	1948
			1786	1948
			1785	1948
			1784	1948
			1783	1948
			1782	1948
			1781	1947
			1780	1947
			1779	1947
			1778	1947
			1777	1947
			1776	1947
			1775	1947
			1774	1947
			1773	1946
			1772	1946
			1771	1946
			1770	1946
			1769	1946
			1768	1946
			1767	1946
			1766	1946
			1765	1945
			1764	1945
			1763	1945
			1762	1945
			1761	1945
			1760	1945
			1759	1945
			1758	1945
			1757	1944
			1756	1944
			1755	1944
			1754	1944
			1753	1944
			1752	1944
			1751	1944
			1750	1943
			1749	1943
			1748	1943
			1747	1943
			1746	1943
			1745	1943
			1744	1943
			1743	1943
			1742	1943
			1742	1942
			1741	1942
			1740	1942
			1739	1942
			1738	1942
			1737	1942
			1736	1942
			1735	1942
			1734	1942
			1733	1941
			1732	1941
			1731	1941
			1730	1941
			1729	1941
			1728	1941
			1727	1941
			1726	1941
			1725	1940
			1724	1940
			1723	1940
			1722	1940
			1721	1940
			1720	1940
			1719	1940
			1718	1939
			1717	1939
			1716	1939
			1715	1939
			1714	1939
			1713	1939
			1712	1939
			1711	1939
			1710	1938
			1709	1938
			1708	1938
			1707	1938
			1706	1938
			1705	1938
			1704	1938
			1703	1937
			1702	1937
			1701	1937
			1700	1937
			1699	1937
			1698	1937
			1697	1937
			1696	1937
			1695	1936
			1694	1936
			1693	1936
			1692	1936
			1691	1936
			1690	1936
			1689	1936
			1688	1936
			1687	1935
			1686	1935
			1685	1935
			1684	1935
			1683	1935
			1682	1935
			1681	1935
			1680	1934
			1679	1934
			1678	1934
			1677	1934
			1676	1934
			1675	1934
			1674	1934
			1673	1934
			1672	1933
			1671	1933
			1670	1933
			1669	1933
			1668	1933
			1667	1933
			1666	1933
			1665	1933
			1664	1932
			1663	1932
			1662	1932
			1661	1932
			1660	1932
			1659	1932
			1658	1932
			1657	1931
			1656	1931
			1655	1931
			1654	1931
			1653	1931
			1652	1931
			1651	1931
			1650	1931
			1649	1930
			1648	1930
			1647	1930
			1646	1930
			1645	1930
			1644	1930
			1643	1930
			1642	1929
			1641	1929
			1640	1929
			1639	1929
			1638	1929
			1637	1929
			1636	1929
			1635	1928
			1634	1928
			1633	1928
			1632	1928
			1631	1928
			1630	1928
			1629	1928
			1628	1928
			1627	1927
			1626	1927
			1625	1927
			1624	1927
			1623	1927
			1622	1927
			1621	1927
			1620	1926
			1619	1926
			1618	1926
			1617	1926
			1616	1926
			1615	1926
			1614	1926
			1613	1925
			1612	1925
			1611	1925
			1610	1925
			1609	1925
			1608	1925
			1607	1925
			1606	1925
			1605	1924
			1604	1924
			1603	1924
			1602	1924
			1601	1924
			1600	1924
			1599	1924
			1598	1923
			1597	1923
			1596	1923
			1595	1923
			1594	1923
			1593	1923
			1592	1923
			1591	1922
			1590	1922
			1589	1922
			1588	1922
			1587	1922
			1586	1922
			1585	1922
			1584	1921
			1583	1921
			1582	1921
			1581	1921
			1580	1921
			1579	1921
			1578	1921
			1577	1921
			1576	1920
			1575	1920
			1574	1920
			1573	1920
			1572	1920
			1571	1920
			1570	1920
			1569	1919
			1568	1919
			1567	1919
			1566	1919
			1565	1919
			1564	1919
			1563	1919
			1562	1918
			1561	1918
			1560	1918
			1559	1918
			1558	1918
			1557	1918
			1556	1918
			1555	1917
			1554	1917
			1553	1917
			1552	1917
			1551	1917
			1550	1917
			1549	1917
			1548	1916
			1547	1916
			1546	1916
			1545	1916
			1544	1916
			1543	1916
			1542	1916
			1541	1915
			1540	1915
			1539	1915
			1538	1915
			1537	1915
			1536	1915
			1535	1915
			1534	1914
			1533	1914
			1532	1914
			1531	1914
			1530	1914
			1529	1914
			1528	1914
			1527	1913
			1526	1913
			1525	1913
			1524	1913
			1523	1913
			1522	1913
			1521	1913
			1520	1912
			1519	1912
			1518	1912
			1517	1912
			1516	1912
			1515	1912
			1514	1912
			1513	1911
			1512	1911
			1511	1911
			1510	1911
			1509	1911
			1508	1911
			1507	1911
			1506	1910
			1505	1910
			1504	1910
			1503	1910
			1502	1910
			1501	1910
			1500	1910
			1499	1909
			1498	1909
			1497	1909
			1496	1909
			1495	1909
			1494	1909
			1493	1909
			1492	1908
			1491	1908
			1490	1908
			1489	1908
			1488	1908
			1487	1908
			1486	1908
			1485	1907
			1484	1907
			1483	1907
			1482	1907
			1481	1907
			1480	1907
			1479	1907
			1478	1906
			1477	1906
			1476	1906
			1475	1906
			1474	1906
			1473	1906
			1472	1906
			1471	1905
			1470	1905
			1469	1905
			1468	1905
			1467	1905
			1466	1905
			1465	1905
			1464	1904
			1463	1904
			1462	1904
			1461	1904
			1460	1904
			1459	1904
			1458	1904
			1457	1903
			1456	1903
			1455	1903
			1454	1903
			1453	1903
			1452	1903
			1451	1902
			1450	1902
			1449	1902
			1448	1902
			1447	1902
			1446	1902
			1445	1902
			1444	1901
			1443	1901
			1442	1901
			1441	1901
			1440	1901
			1439	1901
			1438	1901
			1437	1900
			1436	1900
			1435	1900
			1434	1900
			1433	1900
			1432	1900
			1431	1900
			1430	1899
			1429	1899
			1428	1899
			1427	1899
			1426	1899
			1425	1899
			1424	1898
			1423	1898
			1422	1898
			1421	1898
			1420	1898
			1419	1898
			1418	1898
			1417	1897
			1416	1897
			1415	1897
			1414	1897
			1413	1897
			1412	1897
			1411	1897
			1410	1896
			1409	1896
			1408	1896
			1407	1896
			1406	1896
			1405	1896
			1404	1895
			1403	1895
			1402	1895
			1401	1895
			1400	1895
			1399	1895
			1398	1895
			1397	1894
			1396	1894
			1395	1894
			1394	1894
			1393	1894
			1392	1894
			1391	1894
			1390	1893
			1389	1893
			1388	1893
			1387	1893
			1386	1893
			1385	1893
			1384	1892
			1383	1892
			1382	1892
			1381	1892
			1380	1892
			1379	1892
			1378	1892
			1377	1891
			1376	1891
			1375	1891
			1374	1891
			1373	1891
			1372	1891
			1371	1890
			1370	1890
			1369	1890
			1368	1890
			1367	1890
			1366	1890
			1365	1890
			1364	1889
			1363	1889
			1362	1889
			1361	1889
			1360	1889
			1359	1889
			1358	1888
			1357	1888
			1356	1888
			1355	1888
			1354	1888
			1353	1888
			1352	1888
			1352	1887
			1351	1887
			1350	1887
			1349	1887
			1348	1887
			1347	1887
			1346	1886
			1345	1886
			1344	1886
			1343	1886
			1342	1886
			1341	1886
			1340	1886
			1339	1885
			1338	1885
			1337	1885
			1336	1885
			1335	1885
			1334	1885
			1333	1884
			1332	1884
			1331	1884
			1330	1884
			1329	1884
			1328	1884
			1327	1884
			1326	1883
			1325	1883
			1324	1883
			1323	1883
			1322	1883
			1321	1883
			1320	1882
			1319	1882
			1318	1882
			1317	1882
			1316	1882
			1315	1882
			1314	1882
			1313	1881
			1312	1881
			1311	1881
			1310	1881
			1309	1881
			1308	1881
			1307	1880
			1306	1880
			1305	1880
			1304	1880
			1303	1880
			1302	1880
			1301	1879
			1300	1879
			1299	1879
			1298	1879
			1297	1879
			1296	1879
			1295	1879
			1294	1878
			1293	1878
			1292	1878
			1291	1878
			1290	1878
			1289	1878
			1288	1877
			1287	1877
			1286	1877
			1285	1877
			1284	1877
			1283	1877
			1282	1876
			1281	1876
			1280	1876
			1279	1876
			1278	1876
			1277	1876
			1276	1876
			1275	1875
			1274	1875
			1273	1875
			1272	1875
			1271	1875
			1270	1875
			1269	1874
			1268	1874
			1267	1874
			1266	1874
			1265	1874
			1264	1874
			1264	1873
			1263	1873
			1262	1873
			1261	1873
			1260	1873
			1259	1873
			1258	1873
			1257	1872
			1256	1872
			1255	1872
			1254	1872
			1253	1872
			1252	1872
			1251	1871
			1250	1871
			1249	1871
			1248	1871
			1247	1871
			1246	1871
			1245	1870
			1244	1870
			1243	1870
			1242	1870
			1241	1870
			1240	1870
			1239	1869
			1238	1869
			1237	1869
			1236	1869
			1235	1869
			1234	1869
			1233	1869
			1232	1868
			1231	1868
			1230	1868
			1229	1868
			1228	1868
			1227	1867
			1226	1867
			1225	1867
			1224	1867
			1223	1867
			1222	1867
			1221	1866
			1220	1866
			1219	1866
			1218	1866
			1217	1866
			1216	1865
			1215	1865
			1214	1865
			1213	1865
			1212	1865
			1211	1865
			1210	1864
			1209	1864
			1208	1864
			1207	1864
			1206	1864
			1205	1863
			1204	1863
			1203	1863
			1202	1863
			1201	1863
			1200	1863
			1199	1862
			1198	1862
			1197	1862
			1196	1862
			1195	1862
			1195	1861
			1194	1861
			1193	1861
			1192	1861
			1191	1860
			1190	1860
			1189	1860
			1188	1860
			1187	1860
			1186	1860
			1185	1859
			1184	1859
			1183	1859
			1182	1859
			1181	1858
			1180	1858
			1179	1858
			1178	1858
			1177	1858
			1176	1857
			1175	1857
			1174	1857
			1173	1857
			1172	1856
			1171	1856
			1170	1856
			1169	1856
			1168	1855
			1167	1855
			1166	1855
			1165	1855
			1164	1855
			1163	1854
			1162	1854
			1161	1854
			1160	1854
			1159	1854
			1159	1853
			1158	1853
			1157	1853
			1156	1853
			1155	1853
			1154	1852
			1153	1852
			1152	1852
			1151	1852
			1150	1851
			1149	1851
			1148	1851
			1147	1850
			1146	1850
			1145	1850
			1144	1850
			1143	1850
			1142	1849
			1141	1849
			1140	1849
			1139	1849
			1138	1848
			1137	1848
			1136	1848
			1135	1848
			1134	1847
			1133	1847
			1132	1847
			1131	1847
			1130	1846
			1129	1846
			1128	1846
			1127	1846
			1126	1845
			1125	1845
			1124	1845
			1123	1845
			1123	1844
			1122	1844
			1121	1844
			1120	1844
			1119	1843
			1118	1843
			1117	1843
			1116	1843
			1115	1842
			1114	1842
			1113	1842
			1112	1841
			1111	1841
			1110	1841
			1109	1841
			1108	1840
			1107	1840
			1106	1840
			1105	1840
			1104	1839
			1103	1839
			1102	1839
			1101	1838
			1100	1838
			1099	1838
			1098	1838
			1097	1837
			1096	1837
			1095	1837
			1094	1836
			1093	1836
			1092	1836
			1091	1836
			1090	1835
			1089	1835
			1088	1835
			1087	1834
			1086	1834
			1085	1834
			1084	1834
			1083	1833
			1082	1833
			1081	1833
			1080	1832
			1079	1832
			1078	1832
			1077	1831
			1076	1831
			1075	1831
			1074	1831
			1073	1830
			1072	1830
			1071	1830
			1070	1829
			1069	1829
			1068	1829
			1067	1828
			1066	1828
			1065	1828
			1064	1827
			1063	1827
			1062	1827
			1061	1826
			1060	1826
			1059	1826
			1058	1825
			1057	1825
			1056	1825
			1055	1825
			1054	1824
			1053	1824
			1052	1824
			1051	1823
			1050	1823
			1049	1823
			1048	1822
			1047	1822
			1046	1822
			1045	1822
			1044	1821
			1043	1821
			1042	1820
			1041	1820
			1040	1820
			1039	1819
			1038	1819
			1037	1819
			1036	1819
			1035	1818
			1034	1818
			1033	1818
			1032	1817
			1031	1817
			1030	1817
			1029	1816
			1028	1816
			1027	1816
			1026	1815
			1025	1815
			1024	1815
			1023	1814
			1022	1814
			1021	1814
			1021	1813
			1020	1813
			1019	1813
			1018	1812
			1017	1812
			1016	1812
			1015	1812
			1014	1811
			1013	1811
			1012	1811
			1011	1810
			1010	1810
			1009	1810
			1008	1809
			1007	1809
			1006	1808
			1005	1808
			1004	1808
			1003	1807
			1002	1807
			1001	1807
			1000	1806
			999	1806
			998	1806
			997	1805
			996	1805
			995	1804
			994	1804
			993	1804
			992	1803
			991	1803
			990	1803
			989	1802
			988	1802
			987	1802
			986	1801
			985	1801
			984	1801
			983	1800
			982	1800
			981	1800
			980	1799
			979	1799
			978	1798
			977	1798
			976	1798
			975	1797
			974	1797
			973	1797
			972	1796
			971	1796
			970	1796
			969	1795
			968	1795
			967	1794
			966	1794
			965	1794
			964	1793
			963	1793
			962	1793
			961	1792
			960	1792
			959	1791
			958	1791
			957	1791
			956	1790
			955	1790
			954	1790
			953	1789
			952	1789
			951	1788
			950	1788
			949	1788
			948	1787
			947	1787
			946	1786
			945	1786
			944	1786
			944	1785
			943	1785
			942	1785
			941	1785
			941	1784
			940	1784
			939	1784
			938	1783
			937	1783
			936	1782
			935	1782
			934	1782
			933	1781
			932	1781
			931	1781
			930	1780
			929	1780
			928	1779
			927	1779
			926	1778
			925	1778
			924	1778
			923	1777
			922	1777
			921	1776
			920	1776
			919	1776
			919	1775
			918	1775
			917	1775
			916	1774
			915	1774
			914	1773
			913	1773
			912	1773
			911	1772
			910	1772
			909	1771
			908	1771
			907	1771
			906	1770
			905	1770
			904	1769
			903	1769
			902	1769
			901	1768
			900	1768
			899	1767
			898	1767
			897	1767
			896	1766
			895	1765
			894	1765
			893	1765
			892	1764
			891	1764
			890	1763
			889	1763
			888	1762
			887	1762
			886	1762
			886	1761
			885	1761
			884	1761
			883	1760
			882	1760
			881	1759
			880	1759
			879	1758
			878	1758
			877	1757
			876	1757
			875	1757
			874	1756
			873	1756
			872	1755
			871	1755
			870	1754
			869	1754
			868	1753
			867	1753
			866	1752
			865	1752
			864	1751
			863	1751
			862	1750
			861	1750
			860	1750
			859	1749
			858	1749
			857	1748
			856	1748
			855	1747
			854	1747
			853	1746
			852	1746
			851	1746
			850	1745
			849	1745
			848	1744
			847	1744
			846	1743
			845	1743
			845	1742
			844	1742
			843	1742
			842	1741
			841	1741
			840	1740
			839	1740
			838	1739
			837	1739
			836	1738
			835	1738
			834	1737
			833	1737
			832	1737
			832	1736
			831	1736
			830	1736
			830	1735
			829	1735
			828	1735
			828	1734
			827	1734
			826	1734
			826	1733
			825	1733
			824	1732
			823	1732
			822	1731
			821	1731
			820	1731
			819	1730
			818	1729
			817	1729
			816	1729
			815	1728
			814	1728
			813	1727
			812	1727
			811	1726
			810	1725
			809	1725
			808	1725
			808	1724
			807	1724
			806	1724
			806	1723
			805	1723
			804	1723
			804	1722
			803	1722
			802	1722
			802	1721
			801	1721
			800	1720
			799	1720
			798	1719
			797	1719
			796	1718
			795	1718
			794	1717
			793	1717
			792	1716
			791	1716
			790	1715
			789	1715
			788	1714
			787	1714
			786	1713
			785	1713
			784	1712
			783	1712
			782	1711
			781	1710
			780	1710
			779	1709
			778	1709
			777	1708
			776	1708
			775	1707
			774	1707
			773	1706
			772	1706
			771	1705
			770	1705
			769	1704
			768	1704
			767	1703
			766	1703
			765	1702
			764	1702
			763	1701
			762	1700
			761	1700
			760	1699
			759	1699
			758	1698
			757	1698
			756	1697
			755	1697
			754	1696
			753	1696
			752	1695
			751	1695
			750	1694
			749	1693
			748	1692
			747	1692
			746	1692
			745	1691
			744	1690
			743	1690
			742	1689
			741	1689
			740	1688
			739	1688
			738	1687
			737	1687
			736	1686
			735	1685
			734	1685
			733	1684
			732	1683
			731	1683
			730	1682
			729	1682
			728	1681
			727	1681
			726	1680
			725	1680
			724	1679
			723	1678
			722	1678
			721	1677
			720	1677
			719	1676
			718	1676
			717	1675
			716	1675
			715	1674
			714	1673
			713	1673
			712	1672
			711	1671
			710	1671
			709	1670
			708	1670
			707	1669
			706	1669
			705	1668
			704	1667
			703	1667
			702	1666
			701	1666
			700	1665
			699	1665
			698	1664
			697	1663
			696	1663
			695	1662
			694	1662
			693	1661
			693	1660
			692	1659
			692	1658
			691	1657
			691	1656
			691	1655
			690	1654
			690	1653
			690	1652
			689	1651
			689	1650
			689	1649
			688	1648
			688	1647
			687	1646
			687	1645
			687	1644
			686	1643
			686	1642
			686	1641
			685	1640
			685	1639
			685	1638
			685	1637
			684	1637
			684	1636
			684	1635
			684	1634
			683	1633
			683	1632
			683	1631
			682	1630
			682	1629
			682	1628
			682	1627
			681	1626
			681	1625
			681	1624
			681	1623
			680	1622
			680	1621
			680	1620
			680	1619
			679	1618
			679	1617
			679	1616
			679	1615
			678	1614
			678	1613
			678	1612
			678	1611
			678	1610
			677	1609
			677	1608
			677	1607
			677	1606
			677	1605
			676	1604
			676	1603
			676	1602
			676	1601
			676	1600
			676	1599
			675	1598
			675	1597
			675	1596
			675	1595
			675	1594
			675	1593
			674	1592
			674	1591
			674	1590
			674	1589
			674	1588
			674	1587
			674	1586
			674	1585
			673	1584
			673	1583
			673	1582
			673	1581
			673	1580
			673	1579
			673	1578
			673	1577
			673	1576
			673	1575
			672	1574
			672	1573
			672	1572
			672	1571
			672	1570
			672	1569
			672	1568
			672	1567
		</ventral_body>
		<operculum type=matrix rownames=FALSE colnames=FALSE nrow=291 ncol=2 as.numeric=TRUE >
			2102	1287
			2101	1287
			2100	1286
			2099	1286
			2098	1285
			2097	1285
			2096	1284
			2095	1284
			2094	1283
			2093	1283
			2092	1283
			2092	1282
			2091	1282
			2090	1282
			2090	1281
			2089	1281
			2088	1280
			2087	1280
			2086	1279
			2085	1279
			2084	1279
			2084	1278
			2083	1278
			2082	1277
			2081	1277
			2080	1276
			2079	1276
			2078	1275
			2077	1275
			2076	1274
			2075	1274
			2075	1273
			2074	1273
			2073	1272
			2072	1272
			2071	1271
			2070	1271
			2069	1270
			2068	1269
			2067	1269
			2067	1268
			2066	1268
			2065	1267
			2064	1267
			2063	1266
			2062	1266
			2061	1265
			2060	1264
			2059	1263
			2058	1262
			2057	1262
			2056	1261
			2055	1260
			2054	1260
			2053	1259
			2052	1258
			2051	1258
			2050	1257
			2049	1256
			2048	1256
			2047	1255
			2047	1254
			2046	1254
			2045	1253
			2044	1253
			2044	1252
			2043	1252
			2042	1251
			2041	1250
			2040	1249
			2039	1249
			2038	1248
			2037	1247
			2036	1246
			2035	1246
			2035	1245
			2034	1244
			2033	1243
			2032	1243
			2031	1242
			2030	1241
			2029	1240
			2028	1240
			2028	1239
			2027	1238
			2026	1237
			2025	1237
			2024	1236
			2023	1235
			2022	1234
			2022	1233
			2021	1233
			2020	1232
			2019	1231
			2018	1230
			2017	1229
			2016	1228
			2015	1228
			2015	1227
			2014	1226
			2013	1225
			2012	1224
			2011	1223
			2010	1223
			2010	1222
			2009	1221
			2008	1220
			2007	1219
			2006	1218
			2005	1217
			2004	1216
			2004	1215
			2003	1215
			2002	1214
			2001	1213
			2000	1212
			1999	1211
			1999	1210
			1998	1209
			1997	1208
			1996	1207
			1995	1206
			1994	1205
			1994	1204
			1993	1203
			1992	1202
			1991	1201
			1990	1201
			1989	1200
			1989	1199
			1988	1198
			1987	1197
			1986	1196
			1985	1195
			1984	1194
			1984	1193
			1983	1192
			1982	1191
			1981	1190
			1980	1189
			1980	1188
			1979	1187
			1979	1186
			1978	1186
			1978	1185
			1977	1184
			1976	1183
			1976	1182
			1976	1181
			1976	1180
			1976	1179
			1976	1178
			1976	1177
			1977	1176
			1977	1175
			1977	1174
			1977	1173
			1977	1172
			1977	1171
			1977	1170
			1977	1169
			1977	1168
			1977	1167
			1978	1166
			1978	1165
			1978	1164
			1978	1163
			1978	1162
			1978	1161
			1978	1160
			1978	1159
			1978	1158
			1979	1157
			1979	1156
			1979	1155
			1979	1154
			1979	1153
			1980	1152
			1980	1151
			1980	1150
			1980	1149
			1980	1148
			1980	1147
			1980	1146
			1981	1145
			1981	1144
			1981	1143
			1981	1142
			1981	1141
			1982	1140
			1982	1139
			1982	1138
			1982	1137
			1982	1136
			1983	1135
			1983	1134
			1983	1133
			1983	1132
			1984	1131
			1984	1130
			1984	1129
			1984	1128
			1984	1127
			1985	1126
			1985	1125
			1985	1124
			1985	1123
			1986	1122
			1986	1121
			1986	1120
			1986	1119
			1987	1118
			1987	1117
			1987	1116
			1987	1115
			1988	1114
			1988	1113
			1988	1112
			1988	1111
			1989	1111
			1989	1110
			1989	1109
			1989	1108
			1990	1107
			1990	1106
			1990	1105
			1990	1104
			1991	1103
			1991	1102
			1991	1101
			1992	1100
			1992	1099
			1992	1098
			1992	1097
			1993	1097
			1993	1096
			1993	1095
			1994	1094
			1994	1093
			1994	1092
			1994	1091
			1995	1090
			1995	1089
			1996	1088
			1996	1087
			1996	1086
			1997	1085
			1997	1084
			1997	1083
			1998	1082
			1998	1081
			1998	1080
			1999	1079
			1999	1078
			1999	1077
			2000	1076
			2000	1075
			2001	1074
			2001	1073
			2001	1072
			2002	1071
			2002	1070
			2002	1069
			2003	1069
			2003	1068
			2003	1067
			2004	1066
			2004	1065
			2004	1064
			2005	1064
			2005	1063
			2005	1062
			2006	1061
			2006	1060
			2006	1059
			2007	1059
			2007	1058
			2007	1057
			2008	1056
			2008	1055
			2008	1054
			2009	1054
			2009	1053
			2009	1052
			2010	1051
			2010	1050
			2010	1049
			2011	1049
			2011	1048
			2012	1047
			2012	1046
		</operculum>
	</curves.pixel>
</shapes>

