<shapes type=list>
	<scaling type=logical names=FALSE length=1 as.numeric=FALSE >NA</scaling>
	<landmarks.pixel type=matrix rownames=TRUE colnames=FALSE nrow=17 ncol=2 as.numeric=TRUE >
		pectoral_dors	852	828
		pectoral_vent	877	921
		premax_post	304	845
		eye_ant	444	776
		eye_post	673	767
		upper_jaw	260	822
		dorsal_ant	1303	448
		dorsal_post	1485	631
		caud_pedunc_dors	1617	666
		caud_scale_dors	1725	642
		caud_scale_vent	1746	823
		caud_pedunc_vent	1636	823
		anal_post	1521	852
		anal_ant	1362	1013
		lower_jaw	240	865
		operc_vent	801	940
		oper_dor	767	731
	</landmarks.pixel>
	<curves.control type=list>
		<head type=matrix rownames=FALSE colnames=FALSE nrow=17 ncol=2 as.numeric=TRUE >
			260	822
			292	793
			323	793
			351	786
			407	757
			460	695
			537	644
			617	592
			688	531
			742	470
			781	434
			847	456
			919	460
			1012	460
			1125	450
			1229	443
			1303	448
		</head>
		<dorsal type=matrix rownames=FALSE colnames=FALSE nrow=3 ncol=2 as.numeric=TRUE >
			1303	448
			1418	532
			1485	631
		</dorsal>
		<caudal_dors_ant type=matrix rownames=FALSE colnames=FALSE nrow=3 ncol=2 as.numeric=TRUE >
			1485	631
			1543	661
			1617	666
		</caudal_dors_ant>
		<caud_dors_post type=matrix rownames=FALSE colnames=FALSE nrow=3 ncol=2 as.numeric=TRUE >
			1617	666
			1673	661
			1725	642
		</caud_dors_post>
		<caud_vent_post type=matrix rownames=FALSE colnames=FALSE nrow=3 ncol=2 as.numeric=TRUE >
			1746	823
			1688	822
			1636	823
		</caud_vent_post>
		<caudal_vent_ant type=matrix rownames=FALSE colnames=FALSE nrow=3 ncol=2 as.numeric=TRUE >
			1636	823
			1578	837
			1521	852
		</caudal_vent_ant>
		<anal type=matrix rownames=FALSE colnames=FALSE nrow=3 ncol=2 as.numeric=TRUE >
			1521	852
			1443	935
			1362	1013
		</anal>
		<ventral_body type=matrix rownames=FALSE colnames=FALSE nrow=19 ncol=2 as.numeric=TRUE >
			1362	1013
			1316	1067
			1323	1100
			1338	1127
			1320	1139
			1234	1141
			1112	1148
			980	1136
			874	1119
			711	1072
			610	1040
			519	1001
			444	977
			373	960
			331	928
			286	899
			265	898
			253	887
			240	865
		</ventral_body>
		<operculum type=matrix rownames=FALSE colnames=FALSE nrow=7 ncol=2 as.numeric=TRUE >
			801	940
			791	916
			779	882
			777	852
			791	822
			796	798
			767	731
		</operculum>
	</curves.control>
	<curves.pixel type=list>
		<head type=matrix rownames=FALSE colnames=FALSE nrow=1108 ncol=2 as.numeric=TRUE >
			260	822
			261	821
			262	820
			263	820
			263	819
			264	818
			265	817
			266	817
			267	816
			268	815
			269	815
			269	814
			270	813
			271	813
			272	812
			273	811
			274	811
			275	810
			276	810
			276	809
			277	808
			278	808
			279	807
			280	807
			281	806
			282	806
			282	805
			283	805
			284	804
			285	804
			286	803
			287	803
			287	802
			288	802
			289	801
			290	801
			291	801
			292	800
			293	800
			293	799
			294	799
			295	799
			296	798
			297	798
			298	798
			299	797
			300	797
			301	797
			302	796
			303	796
			304	796
			305	795
			306	795
			307	795
			308	795
			309	794
			310	794
			311	794
			312	794
			313	794
			314	794
			315	793
			316	793
			317	793
			318	793
			319	793
			320	793
			321	793
			322	793
			323	793
			324	793
			325	792
			326	792
			327	792
			328	792
			329	791
			330	791
			331	791
			332	790
			333	790
			334	790
			335	790
			336	789
			337	789
			338	789
			339	788
			340	788
			341	787
			342	787
			343	787
			344	786
			345	786
			346	786
			347	785
			348	785
			349	784
			350	784
			351	783
			352	783
			353	782
			354	782
			355	782
			356	781
			357	781
			358	781
			359	780
			360	780
			361	779
			362	779
			363	778
			364	778
			365	778
			365	777
			366	777
			367	776
			368	776
			369	776
			370	775
			371	775
			372	774
			373	774
			374	773
			375	773
			376	773
			377	772
			378	772
			379	771
			380	771
			381	770
			382	770
			383	769
			384	769
			385	768
			386	768
			387	767
			388	767
			389	766
			390	766
			391	765
			392	765
			393	764
			394	764
			395	763
			396	763
			397	762
			398	762
			399	761
			400	760
			401	760
			402	760
			403	759
			404	758
			405	758
			406	757
			407	757
			408	756
			409	755
			409	754
			410	753
			411	752
			412	752
			413	751
			413	750
			414	749
			415	748
			416	747
			416	746
			417	745
			418	744
			419	744
			420	743
			421	742
			421	741
			422	740
			423	739
			424	738
			425	737
			426	736
			427	735
			428	734
			429	733
			429	732
			430	732
			431	731
			431	730
			432	730
			433	729
			434	728
			435	727
			436	726
			436	725
			437	724
			438	724
			439	723
			439	722
			440	722
			441	721
			442	720
			442	719
			443	719
			444	718
			445	717
			446	716
			447	715
			448	714
			449	713
			450	712
			451	711
			452	711
			453	710
			454	709
			455	708
			456	707
			456	706
			457	705
			458	704
			459	704
			460	703
			461	702
			462	701
			463	700
			464	699
			465	698
			466	698
			467	697
			468	696
			469	695
			470	694
			471	693
			472	693
			473	692
			474	691
			475	690
			476	689
			477	688
			478	688
			479	687
			480	686
			481	685
			482	684
			483	683
			484	683
			485	682
			486	681
			487	680
			488	679
			489	678
			490	678
			491	677
			492	676
			493	676
			493	675
			494	675
			495	674
			496	673
			497	672
			498	671
			499	671
			500	670
			501	670
			502	669
			502	668
			503	668
			504	667
			505	667
			505	666
			506	666
			507	665
			508	664
			509	664
			509	663
			510	663
			511	662
			512	662
			512	661
			513	660
			514	660
			515	659
			516	659
			516	658
			517	658
			518	657
			519	656
			520	656
			520	655
			521	655
			522	654
			523	654
			524	653
			525	652
			526	651
			527	651
			528	650
			529	649
			530	649
			531	648
			532	647
			533	647
			534	646
			535	645
			536	645
			537	644
			538	643
			539	643
			540	642
			541	641
			542	641
			543	640
			544	639
			545	639
			546	638
			547	637
			548	636
			549	636
			550	636
			550	635
			551	635
			552	634
			553	634
			554	633
			555	632
			556	631
			557	631
			557	630
			558	630
			559	629
			560	629
			560	628
			561	628
			562	627
			563	627
			563	626
			564	626
			565	625
			566	625
			566	624
			567	624
			568	623
			569	623
			569	622
			570	622
			571	621
			572	620
			573	620
			574	619
			575	619
			576	618
			577	617
			578	616
			579	615
			580	615
			581	614
			582	613
			583	613
			584	612
			585	611
			586	610
			587	610
			588	609
			589	609
			589	608
			590	608
			591	607
			592	607
			592	606
			593	606
			594	605
			595	604
			596	603
			597	603
			598	602
			599	601
			600	601
			601	600
			602	600
			602	599
			603	598
			604	598
			605	597
			606	596
			607	596
			608	595
			609	594
			610	594
			610	593
			611	592
			612	592
			613	591
			614	590
			615	590
			616	589
			617	588
			618	587
			619	586
			620	585
			621	585
			622	584
			623	584
			623	583
			624	583
			625	582
			626	581
			627	580
			628	579
			629	579
			630	578
			631	578
			631	577
			632	577
			633	576
			634	575
			635	574
			636	574
			637	573
			638	572
			639	571
			640	571
			641	570
			641	569
			642	569
			643	568
			644	567
			645	566
			646	566
			647	565
			648	564
			649	564
			649	563
			650	562
			651	562
			652	561
			653	560
			654	559
			655	559
			656	558
			656	557
			657	557
			658	556
			659	555
			660	554
			661	554
			662	553
			663	552
			664	552
			664	551
			665	550
			666	549
			667	549
			668	548
			669	547
			670	546
			671	546
			671	545
			672	544
			673	544
			674	543
			675	542
			676	541
			677	541
			677	540
			678	539
			679	538
			680	538
			681	537
			682	536
			683	536
			684	535
			684	534
			685	533
			686	533
			687	532
			688	531
			689	530
			690	529
			691	528
			691	527
			692	526
			693	525
			694	525
			694	524
			695	523
			696	522
			697	521
			698	520
			698	519
			699	519
			700	518
			701	517
			701	516
			702	515
			703	514
			704	514
			704	513
			705	512
			706	511
			707	510
			707	509
			708	509
			709	508
			710	507
			710	506
			711	505
			712	505
			712	504
			713	503
			714	502
			715	501
			716	500
			717	499
			718	498
			719	497
			720	496
			720	495
			721	494
			722	493
			723	492
			724	491
			725	491
			726	490
			726	489
			727	488
			728	487
			729	486
			730	485
			731	484
			731	483
			732	483
			733	482
			734	481
			735	480
			736	479
			736	478
			737	477
			738	477
			739	476
			740	475
			740	474
			741	473
			742	472
			743	472
			744	471
			744	470
			745	469
			746	468
			747	467
			748	467
			748	466
			749	465
			750	464
			751	463
			752	462
			753	461
			754	460
			755	459
			756	458
			757	457
			758	456
			759	456
			759	455
			760	454
			761	453
			762	452
			763	451
			764	450
			765	449
			766	449
			767	448
			767	447
			768	446
			769	445
			770	444
			771	444
			772	443
			773	442
			773	441
			774	440
			775	440
			776	439
			777	438
			778	437
			778	436
			779	436
			780	435
			781	434
			782	434
			783	435
			784	435
			785	435
			786	436
			787	436
			788	436
			789	437
			790	437
			791	437
			792	438
			793	438
			794	438
			795	439
			796	439
			797	439
			798	439
			799	440
			800	440
			801	440
			802	441
			803	441
			804	441
			805	441
			806	442
			807	442
			808	442
			809	443
			810	443
			811	443
			812	443
			813	444
			814	444
			815	444
			816	444
			817	445
			818	445
			819	445
			820	445
			821	446
			822	446
			823	446
			824	446
			825	447
			826	447
			827	447
			828	447
			829	447
			829	448
			830	448
			831	448
			832	448
			833	448
			834	449
			835	449
			836	449
			837	449
			838	449
			839	450
			840	450
			841	450
			842	450
			843	450
			844	451
			845	451
			846	451
			847	451
			848	451
			849	452
			850	452
			851	452
			852	452
			853	452
			854	452
			855	453
			856	453
			857	453
			858	453
			859	453
			860	454
			861	454
			862	454
			863	454
			864	454
			865	454
			866	454
			867	455
			868	455
			869	455
			870	455
			871	455
			872	455
			873	456
			874	456
			875	456
			876	456
			877	456
			878	456
			879	456
			880	456
			881	457
			882	457
			883	457
			884	457
			885	457
			886	457
			887	457
			888	457
			889	458
			890	458
			891	458
			892	458
			893	458
			894	458
			895	458
			896	458
			897	458
			898	458
			899	459
			900	459
			901	459
			902	459
			903	459
			904	459
			905	459
			906	459
			907	459
			908	459
			909	459
			910	459
			911	459
			912	460
			913	460
			914	460
			915	460
			916	460
			917	460
			918	460
			919	460
			920	460
			921	460
			922	460
			923	460
			924	460
			925	460
			926	460
			927	460
			928	460
			929	460
			930	460
			931	460
			932	460
			933	460
			934	460
			935	460
			936	460
			937	460
			938	460
			939	460
			940	460
			941	460
			942	460
			943	460
			944	460
			945	460
			946	460
			947	460
			948	460
			949	460
			950	460
			951	460
			952	460
			953	460
			954	460
			955	460
			956	460
			957	460
			958	460
			959	460
			960	460
			961	460
			962	459
			963	459
			964	459
			965	459
			966	459
			967	459
			968	459
			969	459
			970	459
			971	459
			972	459
			973	459
			974	459
			975	459
			976	459
			977	459
			978	459
			979	459
			980	459
			981	459
			982	459
			983	459
			984	459
			985	459
			986	459
			987	459
			988	459
			989	459
			990	459
			991	459
			992	459
			993	459
			994	459
			995	458
			996	458
			997	458
			998	458
			999	458
			1000	458
			1001	458
			1002	458
			1003	458
			1004	458
			1005	458
			1006	458
			1007	458
			1008	458
			1009	458
			1010	458
			1011	458
			1012	458
			1013	458
			1014	458
			1015	458
			1016	458
			1017	457
			1018	457
			1019	457
			1020	457
			1021	457
			1022	457
			1023	457
			1024	457
			1025	457
			1026	457
			1027	457
			1028	457
			1029	457
			1030	457
			1031	457
			1032	457
			1033	457
			1034	457
			1035	457
			1036	456
			1037	456
			1038	456
			1039	456
			1040	456
			1041	456
			1042	456
			1043	456
			1044	456
			1045	456
			1046	456
			1047	456
			1048	456
			1049	456
			1050	456
			1051	456
			1052	456
			1053	455
			1054	455
			1055	455
			1056	455
			1057	455
			1058	455
			1059	455
			1060	455
			1061	455
			1062	455
			1063	455
			1064	455
			1065	455
			1066	455
			1067	455
			1068	454
			1069	454
			1070	454
			1071	454
			1072	454
			1073	454
			1074	454
			1075	454
			1076	454
			1077	454
			1078	454
			1079	454
			1080	454
			1081	454
			1082	454
			1082	453
			1083	453
			1084	453
			1085	453
			1086	453
			1087	453
			1088	453
			1089	453
			1090	453
			1091	453
			1092	453
			1093	453
			1094	453
			1095	452
			1096	452
			1097	452
			1098	452
			1099	452
			1100	452
			1101	452
			1102	452
			1103	452
			1104	452
			1105	452
			1106	452
			1107	452
			1108	451
			1109	451
			1110	451
			1111	451
			1112	451
			1113	451
			1114	451
			1115	451
			1116	451
			1117	451
			1118	451
			1119	451
			1120	450
			1121	450
			1122	450
			1123	450
			1124	450
			1125	450
			1126	450
			1127	450
			1128	450
			1129	450
			1130	450
			1131	450
			1132	450
			1133	449
			1134	449
			1135	449
			1136	449
			1137	449
			1138	449
			1139	449
			1140	449
			1141	449
			1142	449
			1143	449
			1144	449
			1145	449
			1146	449
			1147	449
			1148	449
			1149	449
			1150	448
			1151	448
			1152	448
			1153	448
			1154	448
			1155	448
			1156	448
			1157	448
			1158	448
			1159	448
			1160	448
			1161	448
			1162	448
			1163	448
			1164	448
			1165	448
			1166	448
			1167	448
			1168	448
			1169	448
			1170	447
			1171	447
			1172	447
			1173	447
			1174	447
			1175	447
			1176	447
			1177	447
			1178	447
			1179	447
			1180	447
			1181	447
			1182	447
			1183	447
			1184	447
			1185	447
			1186	447
			1187	447
			1188	447
			1189	447
			1190	447
			1191	447
			1192	447
			1193	447
			1194	447
			1195	447
			1196	447
			1197	446
			1198	446
			1199	446
			1200	446
			1201	446
			1202	446
			1203	446
			1204	446
			1205	446
			1206	446
			1207	446
			1208	446
			1209	446
			1210	446
			1211	446
			1212	446
			1213	446
			1214	446
			1215	446
			1216	446
			1217	446
			1218	446
			1219	446
			1220	446
			1221	446
			1222	446
			1223	446
			1224	446
			1225	446
			1226	446
			1227	446
			1228	446
			1229	446
			1230	446
			1231	446
			1232	446
			1233	446
			1234	446
			1235	446
			1236	446
			1237	446
			1238	446
			1239	446
			1240	446
			1241	446
			1242	446
			1243	446
			1244	446
			1245	446
			1246	446
			1247	446
			1248	446
			1249	446
			1250	446
			1251	446
			1252	446
			1253	446
			1254	446
			1255	446
			1256	446
			1257	446
			1258	446
			1259	446
			1260	446
			1261	446
			1262	446
			1263	446
			1264	446
			1265	446
			1266	446
			1267	446
			1268	446
			1269	446
			1270	446
			1271	446
			1272	446
			1273	447
			1274	447
			1275	447
			1276	447
			1277	447
			1278	447
			1279	447
			1280	447
			1281	447
			1282	447
			1283	447
			1284	447
			1285	447
			1286	447
			1287	447
			1288	447
			1289	447
			1290	447
			1291	447
			1292	447
			1293	447
			1294	447
			1295	447
			1296	448
			1297	448
			1298	448
			1299	448
			1300	448
			1301	448
			1302	448
			1303	448
		</head>
		<dorsal type=matrix rownames=FALSE colnames=FALSE nrow=210 ncol=2 as.numeric=TRUE >
			1303	448
			1304	449
			1305	449
			1306	450
			1307	451
			1308	452
			1309	453
			1310	453
			1311	454
			1312	455
			1313	455
			1314	456
			1315	457
			1316	458
			1317	459
			1318	459
			1319	460
			1320	460
			1320	461
			1321	462
			1322	462
			1323	463
			1324	464
			1325	465
			1326	465
			1327	466
			1328	467
			1329	467
			1329	468
			1330	469
			1331	469
			1332	470
			1333	471
			1334	471
			1335	472
			1336	473
			1336	474
			1337	474
			1338	475
			1339	476
			1340	476
			1341	477
			1342	478
			1343	479
			1344	480
			1345	481
			1346	482
			1347	482
			1348	483
			1349	484
			1350	485
			1351	486
			1352	487
			1353	487
			1354	488
			1355	489
			1356	490
			1357	491
			1358	492
			1359	492
			1360	493
			1361	494
			1362	495
			1363	496
			1364	497
			1365	498
			1366	498
			1367	499
			1368	500
			1369	501
			1370	502
			1371	503
			1372	503
			1373	504
			1374	505
			1375	506
			1376	507
			1377	508
			1378	509
			1379	510
			1380	511
			1381	512
			1382	513
			1383	514
			1384	515
			1385	515
			1386	516
			1387	517
			1387	518
			1388	518
			1389	519
			1390	520
			1391	521
			1392	522
			1393	523
			1394	524
			1395	525
			1396	526
			1397	527
			1398	528
			1399	529
			1400	529
			1401	530
			1401	531
			1402	532
			1403	533
			1404	534
			1405	535
			1406	536
			1407	537
			1408	538
			1409	539
			1410	539
			1411	540
			1411	541
			1412	542
			1413	543
			1414	544
			1415	545
			1416	546
			1417	547
			1418	548
			1418	549
			1419	550
			1420	550
			1421	551
			1422	552
			1423	553
			1424	554
			1425	555
			1425	556
			1426	557
			1427	558
			1428	559
			1429	560
			1430	561
			1430	562
			1431	562
			1432	563
			1433	564
			1434	565
			1435	566
			1435	567
			1436	568
			1437	569
			1438	570
			1439	571
			1440	572
			1440	573
			1441	574
			1442	575
			1443	576
			1444	577
			1445	578
			1446	579
			1446	580
			1447	580
			1447	581
			1448	582
			1449	583
			1450	584
			1451	585
			1451	586
			1452	587
			1453	588
			1453	589
			1454	589
			1455	590
			1455	591
			1456	592
			1457	593
			1458	594
			1459	595
			1460	596
			1460	597
			1461	598
			1462	599
			1463	600
			1464	601
			1464	602
			1465	603
			1466	604
			1467	605
			1467	606
			1468	607
			1469	608
			1470	609
			1470	610
			1471	611
			1472	612
			1473	613
			1473	614
			1474	615
			1475	616
			1475	617
			1476	618
			1477	619
			1478	620
			1478	621
			1479	622
			1480	623
			1480	624
			1481	625
			1482	626
			1483	627
			1483	628
			1484	629
			1484	630
			1485	630
			1485	631
		</dorsal>
		<caudal_dors_ant type=matrix rownames=FALSE colnames=FALSE nrow=137 ncol=2 as.numeric=TRUE >
			1485	631
			1486	631
			1487	632
			1488	632
			1488	633
			1489	633
			1490	634
			1491	634
			1492	634
			1493	635
			1494	635
			1494	636
			1495	636
			1496	636
			1497	637
			1498	637
			1499	638
			1500	638
			1501	639
			1502	639
			1503	640
			1504	640
			1505	640
			1506	641
			1507	641
			1508	642
			1509	642
			1510	642
			1511	643
			1512	643
			1513	644
			1514	644
			1515	644
			1516	645
			1517	645
			1518	645
			1519	646
			1520	646
			1521	647
			1522	647
			1523	647
			1523	648
			1524	648
			1525	648
			1526	649
			1527	649
			1528	649
			1529	649
			1530	650
			1531	650
			1532	650
			1533	651
			1534	651
			1535	651
			1536	652
			1537	652
			1538	652
			1539	652
			1540	653
			1541	653
			1542	653
			1543	654
			1544	654
			1545	654
			1546	654
			1547	655
			1548	655
			1549	655
			1550	655
			1551	656
			1552	656
			1553	656
			1554	656
			1555	657
			1556	657
			1557	657
			1558	657
			1559	658
			1560	658
			1561	658
			1562	658
			1563	659
			1564	659
			1565	659
			1566	659
			1567	659
			1568	660
			1569	660
			1570	660
			1571	660
			1572	660
			1573	661
			1574	661
			1575	661
			1576	661
			1577	661
			1578	661
			1579	662
			1580	662
			1581	662
			1582	662
			1583	662
			1584	662
			1585	663
			1586	663
			1587	663
			1588	663
			1589	663
			1590	663
			1591	663
			1592	663
			1592	664
			1593	664
			1594	664
			1595	664
			1596	664
			1597	664
			1598	664
			1599	664
			1600	664
			1601	665
			1602	665
			1603	665
			1604	665
			1605	665
			1606	665
			1607	665
			1608	665
			1609	665
			1610	665
			1611	666
			1612	666
			1613	666
			1614	666
			1615	666
			1616	666
			1617	666
		</caudal_dors_ant>
		<caud_dors_post type=matrix rownames=FALSE colnames=FALSE nrow=109 ncol=2 as.numeric=TRUE >
			1617	666
			1618	666
			1619	666
			1620	666
			1621	666
			1622	666
			1623	665
			1624	665
			1625	665
			1626	665
			1627	665
			1628	665
			1629	665
			1630	665
			1631	665
			1632	664
			1633	664
			1634	664
			1635	664
			1636	664
			1637	664
			1638	664
			1639	663
			1640	663
			1641	663
			1642	663
			1643	663
			1644	663
			1645	663
			1646	662
			1647	662
			1648	662
			1649	662
			1650	662
			1651	662
			1652	661
			1653	661
			1654	661
			1655	661
			1656	661
			1657	661
			1658	660
			1659	660
			1660	660
			1661	660
			1662	660
			1663	659
			1664	659
			1665	659
			1666	659
			1667	659
			1668	658
			1669	658
			1670	658
			1671	658
			1672	658
			1673	657
			1674	657
			1675	657
			1676	657
			1677	656
			1678	656
			1679	656
			1680	656
			1681	655
			1682	655
			1683	655
			1684	655
			1685	654
			1686	654
			1687	654
			1688	654
			1689	653
			1690	653
			1691	653
			1692	652
			1693	652
			1694	652
			1695	652
			1696	651
			1697	651
			1698	651
			1699	651
			1700	650
			1701	650
			1702	650
			1703	649
			1704	649
			1705	649
			1706	648
			1707	648
			1708	648
			1709	647
			1710	647
			1711	647
			1712	647
			1713	646
			1714	646
			1715	646
			1716	645
			1717	645
			1718	645
			1719	644
			1720	644
			1721	644
			1722	643
			1723	643
			1724	642
			1725	642
		</caud_dors_post>
		<caud_vent_post type=matrix rownames=FALSE colnames=FALSE nrow=111 ncol=2 as.numeric=TRUE >
			1746	823
			1745	823
			1744	823
			1743	823
			1742	823
			1741	823
			1740	823
			1739	823
			1738	823
			1737	823
			1736	823
			1735	823
			1734	823
			1733	823
			1732	823
			1731	823
			1730	823
			1729	823
			1728	823
			1727	823
			1726	823
			1725	823
			1724	823
			1723	823
			1722	823
			1721	823
			1720	823
			1719	823
			1718	823
			1717	823
			1716	823
			1715	823
			1714	823
			1713	823
			1712	823
			1711	823
			1710	823
			1709	823
			1708	823
			1707	823
			1706	823
			1705	823
			1704	823
			1703	823
			1702	823
			1701	823
			1700	823
			1699	823
			1698	823
			1697	823
			1696	823
			1695	823
			1694	823
			1693	823
			1692	823
			1691	823
			1690	823
			1689	823
			1688	823
			1687	823
			1686	823
			1685	823
			1684	823
			1683	823
			1682	823
			1681	823
			1680	823
			1679	823
			1678	823
			1677	823
			1676	823
			1675	823
			1674	823
			1673	823
			1672	823
			1671	823
			1670	823
			1669	823
			1668	823
			1667	823
			1666	823
			1665	823
			1664	823
			1663	823
			1662	823
			1661	823
			1660	823
			1659	823
			1658	823
			1657	823
			1656	823
			1655	823
			1654	823
			1653	823
			1652	823
			1651	823
			1650	823
			1649	823
			1648	823
			1647	823
			1646	823
			1645	823
			1644	823
			1643	823
			1642	823
			1641	823
			1640	823
			1639	823
			1638	823
			1637	823
			1636	823
		</caud_vent_post>
		<caudal_vent_ant type=matrix rownames=FALSE colnames=FALSE nrow=117 ncol=2 as.numeric=TRUE >
			1636	823
			1635	823
			1634	823
			1633	824
			1632	824
			1631	824
			1630	824
			1629	825
			1628	825
			1627	825
			1626	825
			1625	826
			1624	826
			1623	826
			1622	826
			1621	827
			1620	827
			1619	827
			1618	827
			1617	828
			1616	828
			1615	828
			1614	828
			1613	829
			1612	829
			1611	829
			1610	829
			1609	830
			1608	830
			1607	830
			1606	830
			1605	831
			1604	831
			1603	831
			1602	831
			1601	832
			1600	832
			1599	832
			1598	832
			1597	833
			1596	833
			1595	833
			1594	833
			1593	834
			1592	834
			1591	834
			1590	834
			1589	835
			1588	835
			1587	835
			1586	835
			1585	836
			1584	836
			1583	836
			1582	836
			1581	837
			1580	837
			1579	837
			1578	837
			1577	838
			1576	838
			1575	838
			1574	838
			1573	839
			1572	839
			1571	839
			1570	839
			1569	840
			1568	840
			1567	840
			1566	840
			1565	841
			1564	841
			1563	841
			1562	842
			1561	842
			1560	842
			1559	842
			1558	842
			1557	843
			1556	843
			1555	843
			1554	843
			1553	844
			1552	844
			1551	844
			1550	844
			1549	845
			1548	845
			1547	845
			1546	846
			1545	846
			1544	846
			1543	846
			1542	847
			1541	847
			1540	847
			1539	847
			1538	848
			1537	848
			1536	848
			1535	848
			1534	849
			1533	849
			1532	849
			1531	849
			1530	850
			1529	850
			1528	850
			1527	850
			1527	851
			1526	851
			1525	851
			1524	851
			1523	851
			1522	852
			1521	852
		</caudal_vent_ant>
		<anal type=matrix rownames=FALSE colnames=FALSE nrow=185 ncol=2 as.numeric=TRUE >
			1521	852
			1520	853
			1519	854
			1518	855
			1517	856
			1516	857
			1516	858
			1515	859
			1514	859
			1513	860
			1512	861
			1511	862
			1511	863
			1510	864
			1509	865
			1508	866
			1507	866
			1506	867
			1506	868
			1505	869
			1504	870
			1503	871
			1502	872
			1502	873
			1501	873
			1500	874
			1499	875
			1498	876
			1497	877
			1497	878
			1496	879
			1495	880
			1494	880
			1493	881
			1492	882
			1492	883
			1491	884
			1490	885
			1489	886
			1488	887
			1487	887
			1487	888
			1486	889
			1485	890
			1484	891
			1483	892
			1482	893
			1481	894
			1480	895
			1479	896
			1478	897
			1477	898
			1476	899
			1475	900
			1474	901
			1473	902
			1472	903
			1471	904
			1471	905
			1470	905
			1469	906
			1469	907
			1468	908
			1467	908
			1466	909
			1466	910
			1465	911
			1464	911
			1463	912
			1463	913
			1462	914
			1461	914
			1461	915
			1460	916
			1459	917
			1458	917
			1458	918
			1457	919
			1456	920
			1455	920
			1455	921
			1454	922
			1453	923
			1452	924
			1451	925
			1450	926
			1449	927
			1448	928
			1447	928
			1447	929
			1446	930
			1445	931
			1444	932
			1443	933
			1442	934
			1441	935
			1440	936
			1439	937
			1438	938
			1437	939
			1436	940
			1435	941
			1434	942
			1433	943
			1432	944
			1431	945
			1430	946
			1430	947
			1429	947
			1428	948
			1427	949
			1426	950
			1425	951
			1424	952
			1423	953
			1422	954
			1421	955
			1420	956
			1420	957
			1419	958
			1418	958
			1417	959
			1416	960
			1415	961
			1414	962
			1413	963
			1412	964
			1411	965
			1410	966
			1409	967
			1409	968
			1408	968
			1407	969
			1406	970
			1405	971
			1404	972
			1403	973
			1402	974
			1401	975
			1400	976
			1399	977
			1398	978
			1397	979
			1396	980
			1395	981
			1394	982
			1393	983
			1392	984
			1391	985
			1390	985
			1390	986
			1389	987
			1388	988
			1387	988
			1386	989
			1386	990
			1385	991
			1384	992
			1383	992
			1383	993
			1382	994
			1381	995
			1380	995
			1379	996
			1379	997
			1378	998
			1377	999
			1376	999
			1375	1000
			1375	1001
			1374	1002
			1373	1002
			1372	1003
			1371	1004
			1371	1005
			1370	1005
			1369	1006
			1368	1007
			1367	1008
			1367	1009
			1366	1009
			1365	1010
			1364	1011
			1363	1012
			1362	1013
		</anal>
		<ventral_body type=matrix rownames=FALSE colnames=FALSE nrow=1239 ncol=2 as.numeric=TRUE >
			1362	1013
			1361	1014
			1361	1015
			1360	1015
			1359	1016
			1359	1017
			1358	1018
			1357	1019
			1356	1020
			1355	1021
			1354	1022
			1354	1023
			1353	1024
			1352	1025
			1352	1026
			1351	1027
			1350	1027
			1350	1028
			1349	1029
			1348	1030
			1348	1031
			1347	1032
			1347	1033
			1346	1033
			1345	1034
			1345	1035
			1344	1036
			1344	1037
			1343	1038
			1342	1039
			1341	1040
			1341	1041
			1340	1042
			1339	1043
			1339	1044
			1338	1045
			1338	1046
			1337	1047
			1336	1048
			1336	1049
			1335	1050
			1335	1051
			1334	1052
			1334	1053
			1333	1053
			1333	1054
			1332	1055
			1332	1056
			1331	1057
			1331	1058
			1331	1059
			1330	1060
			1330	1061
			1329	1062
			1329	1063
			1328	1064
			1328	1065
			1327	1066
			1327	1067
			1326	1068
			1326	1069
			1326	1070
			1326	1071
			1325	1072
			1325	1073
			1325	1074
			1324	1075
			1324	1076
			1324	1077
			1324	1078
			1323	1079
			1323	1080
			1323	1081
			1323	1082
			1323	1083
			1323	1084
			1322	1085
			1322	1086
			1322	1087
			1322	1088
			1322	1089
			1322	1090
			1322	1091
			1322	1092
			1322	1093
			1322	1094
			1322	1095
			1322	1096
			1323	1097
			1323	1098
			1323	1099
			1323	1100
			1324	1101
			1324	1102
			1324	1103
			1325	1104
			1326	1105
			1326	1106
			1326	1107
			1327	1108
			1327	1109
			1327	1110
			1328	1111
			1328	1112
			1329	1113
			1329	1114
			1329	1115
			1329	1116
			1329	1117
			1330	1118
			1330	1119
			1330	1120
			1330	1121
			1330	1122
			1330	1123
			1330	1124
			1330	1125
			1329	1126
			1329	1127
			1329	1128
			1328	1129
			1328	1130
			1328	1131
			1327	1132
			1326	1133
			1325	1134
			1325	1135
			1324	1136
			1323	1137
			1322	1138
			1321	1138
			1320	1139
			1319	1139
			1318	1139
			1317	1139
			1316	1139
			1315	1139
			1314	1139
			1313	1139
			1312	1139
			1311	1139
			1310	1139
			1309	1139
			1308	1139
			1307	1139
			1306	1139
			1305	1139
			1304	1139
			1303	1139
			1302	1139
			1301	1139
			1300	1140
			1299	1140
			1298	1140
			1297	1140
			1296	1140
			1295	1140
			1294	1140
			1293	1140
			1292	1140
			1291	1140
			1290	1140
			1289	1140
			1288	1140
			1287	1140
			1286	1140
			1285	1140
			1284	1140
			1283	1140
			1282	1140
			1281	1140
			1280	1140
			1279	1140
			1278	1140
			1277	1140
			1276	1140
			1275	1140
			1274	1140
			1273	1140
			1272	1140
			1271	1140
			1270	1140
			1269	1141
			1268	1141
			1267	1141
			1266	1141
			1265	1141
			1264	1141
			1263	1141
			1262	1141
			1261	1141
			1260	1141
			1259	1141
			1258	1141
			1257	1141
			1256	1141
			1255	1141
			1254	1141
			1253	1141
			1252	1141
			1251	1141
			1250	1141
			1249	1141
			1248	1141
			1247	1141
			1246	1141
			1245	1141
			1244	1141
			1243	1141
			1242	1142
			1241	1142
			1240	1142
			1239	1142
			1238	1142
			1237	1142
			1236	1142
			1235	1142
			1234	1142
			1233	1142
			1232	1142
			1231	1142
			1230	1142
			1229	1142
			1228	1142
			1227	1142
			1226	1142
			1225	1142
			1224	1142
			1223	1142
			1222	1142
			1221	1142
			1220	1142
			1219	1143
			1218	1143
			1217	1143
			1216	1143
			1215	1143
			1214	1143
			1213	1143
			1212	1143
			1211	1143
			1210	1143
			1209	1143
			1208	1143
			1207	1143
			1206	1143
			1205	1143
			1204	1143
			1203	1143
			1202	1143
			1201	1143
			1200	1143
			1199	1143
			1198	1143
			1197	1144
			1196	1144
			1195	1144
			1194	1144
			1193	1144
			1192	1144
			1191	1144
			1190	1144
			1189	1144
			1188	1144
			1187	1144
			1186	1144
			1185	1144
			1184	1144
			1183	1144
			1182	1144
			1181	1144
			1180	1144
			1179	1144
			1178	1144
			1177	1144
			1176	1145
			1175	1145
			1174	1145
			1173	1145
			1172	1145
			1171	1145
			1170	1145
			1169	1145
			1168	1145
			1167	1145
			1166	1145
			1165	1145
			1164	1145
			1163	1145
			1162	1145
			1161	1145
			1160	1145
			1159	1145
			1158	1145
			1157	1146
			1156	1146
			1155	1146
			1154	1146
			1153	1146
			1152	1146
			1151	1146
			1150	1146
			1149	1146
			1148	1146
			1147	1146
			1146	1146
			1145	1146
			1144	1146
			1143	1146
			1142	1146
			1141	1146
			1140	1146
			1139	1146
			1138	1147
			1137	1147
			1136	1147
			1135	1147
			1134	1147
			1133	1147
			1132	1147
			1131	1147
			1130	1147
			1129	1147
			1128	1147
			1127	1147
			1126	1147
			1125	1147
			1124	1147
			1123	1147
			1122	1147
			1121	1147
			1120	1148
			1119	1148
			1118	1148
			1117	1148
			1116	1148
			1115	1148
			1114	1148
			1113	1148
			1112	1148
			1111	1148
			1110	1148
			1109	1148
			1108	1148
			1107	1148
			1106	1147
			1105	1147
			1104	1147
			1103	1147
			1102	1147
			1101	1147
			1100	1147
			1099	1147
			1098	1147
			1097	1147
			1096	1147
			1095	1146
			1094	1146
			1093	1146
			1092	1146
			1091	1146
			1090	1146
			1089	1146
			1088	1146
			1087	1146
			1086	1146
			1085	1145
			1084	1145
			1083	1145
			1082	1145
			1081	1145
			1080	1145
			1079	1145
			1078	1145
			1077	1145
			1076	1145
			1075	1144
			1074	1144
			1073	1144
			1072	1144
			1071	1144
			1070	1144
			1069	1144
			1068	1144
			1067	1144
			1066	1144
			1065	1144
			1064	1143
			1063	1143
			1062	1143
			1061	1143
			1060	1143
			1059	1143
			1058	1143
			1057	1143
			1056	1143
			1055	1142
			1054	1142
			1053	1142
			1052	1142
			1051	1142
			1050	1142
			1049	1142
			1048	1142
			1047	1142
			1046	1141
			1045	1141
			1044	1141
			1043	1141
			1042	1141
			1041	1141
			1040	1141
			1039	1141
			1038	1141
			1037	1141
			1036	1140
			1035	1140
			1034	1140
			1033	1140
			1032	1140
			1031	1140
			1030	1140
			1029	1140
			1028	1140
			1027	1140
			1026	1139
			1025	1139
			1024	1139
			1023	1139
			1022	1139
			1021	1139
			1020	1139
			1019	1139
			1018	1138
			1017	1138
			1016	1138
			1015	1138
			1014	1138
			1013	1138
			1012	1138
			1011	1138
			1010	1138
			1009	1137
			1008	1137
			1007	1137
			1006	1137
			1005	1137
			1004	1137
			1003	1137
			1002	1137
			1001	1136
			1000	1136
			999	1136
			998	1136
			997	1136
			996	1136
			995	1136
			994	1136
			993	1136
			992	1135
			991	1135
			990	1135
			989	1135
			988	1135
			987	1135
			986	1135
			985	1135
			984	1134
			983	1134
			982	1134
			981	1134
			980	1134
			979	1134
			978	1134
			977	1134
			976	1133
			975	1133
			974	1133
			973	1133
			972	1133
			971	1133
			970	1133
			969	1133
			968	1132
			967	1132
			966	1132
			965	1132
			964	1132
			963	1132
			962	1132
			961	1132
			960	1131
			959	1131
			958	1131
			957	1131
			956	1131
			955	1131
			954	1131
			953	1131
			952	1130
			951	1130
			950	1130
			949	1130
			948	1130
			947	1130
			946	1130
			945	1129
			944	1129
			943	1129
			942	1129
			941	1129
			940	1129
			939	1129
			938	1129
			938	1128
			937	1128
			936	1128
			935	1128
			934	1128
			933	1128
			932	1128
			931	1128
			930	1127
			929	1127
			928	1127
			927	1127
			926	1127
			925	1127
			924	1127
			923	1126
			922	1126
			921	1126
			920	1126
			919	1126
			918	1126
			917	1126
			916	1125
			915	1125
			914	1125
			913	1125
			912	1125
			911	1125
			910	1124
			909	1124
			908	1124
			907	1124
			906	1124
			905	1124
			904	1124
			903	1123
			902	1123
			901	1123
			900	1123
			899	1123
			898	1123
			897	1123
			896	1122
			895	1122
			894	1122
			893	1122
			892	1122
			891	1122
			890	1122
			889	1121
			888	1121
			887	1121
			886	1121
			885	1121
			884	1121
			883	1120
			882	1120
			881	1120
			880	1120
			879	1120
			878	1120
			877	1120
			877	1119
			876	1119
			875	1119
			874	1119
			873	1119
			872	1119
			871	1118
			870	1118
			869	1117
			868	1117
			867	1117
			866	1117
			865	1116
			864	1116
			863	1116
			862	1115
			861	1115
			860	1115
			859	1115
			858	1114
			857	1114
			856	1114
			855	1114
			854	1113
			853	1113
			852	1113
			851	1112
			850	1112
			849	1112
			848	1111
			847	1111
			846	1111
			845	1111
			844	1110
			843	1110
			842	1110
			841	1109
			840	1109
			839	1109
			838	1109
			837	1108
			836	1108
			835	1108
			834	1107
			833	1107
			832	1107
			831	1106
			830	1106
			829	1106
			828	1106
			827	1105
			826	1105
			825	1105
			824	1105
			823	1104
			822	1104
			821	1104
			820	1103
			819	1103
			818	1103
			817	1102
			816	1102
			815	1102
			814	1101
			813	1101
			812	1101
			811	1101
			810	1100
			809	1100
			808	1100
			807	1100
			806	1099
			805	1099
			804	1099
			803	1098
			802	1098
			801	1098
			800	1098
			799	1097
			798	1097
			797	1096
			796	1096
			795	1096
			794	1096
			793	1095
			792	1095
			791	1095
			790	1095
			789	1094
			788	1094
			787	1094
			786	1093
			785	1093
			784	1093
			783	1093
			782	1092
			781	1092
			780	1092
			779	1091
			778	1091
			777	1091
			776	1090
			775	1090
			774	1090
			773	1089
			772	1089
			771	1089
			770	1089
			769	1088
			768	1088
			767	1088
			766	1087
			765	1087
			764	1087
			763	1087
			762	1086
			761	1086
			760	1086
			759	1086
			758	1085
			757	1085
			756	1084
			755	1084
			754	1084
			753	1084
			752	1083
			751	1083
			750	1083
			749	1083
			748	1082
			747	1082
			746	1082
			745	1081
			744	1081
			743	1081
			742	1080
			741	1080
			740	1080
			739	1080
			738	1079
			737	1079
			736	1079
			735	1078
			734	1078
			733	1078
			732	1077
			731	1077
			730	1077
			729	1076
			728	1076
			727	1076
			726	1076
			725	1075
			724	1075
			723	1075
			722	1074
			721	1074
			720	1074
			719	1074
			718	1073
			717	1073
			716	1073
			715	1072
			714	1072
			713	1072
			712	1072
			712	1071
			711	1071
			710	1071
			709	1070
			708	1070
			707	1070
			706	1070
			705	1069
			704	1069
			703	1069
			702	1068
			701	1068
			700	1068
			699	1067
			698	1067
			697	1067
			696	1067
			695	1066
			694	1066
			693	1066
			692	1065
			691	1065
			690	1065
			689	1064
			688	1064
			687	1064
			686	1064
			685	1063
			684	1063
			683	1063
			683	1062
			682	1062
			681	1062
			680	1062
			679	1061
			678	1061
			677	1061
			676	1061
			675	1060
			674	1060
			673	1059
			672	1059
			671	1059
			670	1059
			669	1058
			668	1058
			667	1058
			666	1057
			665	1057
			664	1057
			663	1057
			662	1056
			661	1056
			660	1056
			659	1055
			658	1055
			657	1055
			656	1054
			655	1054
			654	1054
			653	1053
			652	1053
			651	1053
			650	1052
			649	1052
			648	1052
			647	1052
			647	1051
			646	1051
			645	1051
			644	1051
			643	1050
			642	1050
			641	1050
			640	1049
			639	1049
			638	1049
			637	1049
			636	1048
			635	1048
			634	1048
			634	1047
			633	1047
			632	1047
			631	1047
			630	1046
			629	1046
			628	1046
			627	1045
			626	1045
			625	1045
			624	1044
			623	1044
			622	1044
			621	1043
			620	1043
			619	1043
			618	1042
			617	1042
			616	1042
			615	1041
			614	1041
			613	1041
			612	1041
			611	1040
			610	1040
			609	1040
			608	1039
			607	1039
			606	1038
			605	1038
			604	1037
			603	1037
			602	1036
			601	1036
			600	1036
			599	1035
			598	1035
			597	1034
			596	1034
			595	1034
			594	1033
			593	1033
			592	1032
			591	1032
			590	1032
			589	1031
			588	1031
			587	1030
			586	1030
			585	1029
			584	1029
			583	1029
			582	1028
			581	1028
			580	1027
			579	1027
			578	1027
			577	1026
			576	1026
			575	1025
			574	1025
			573	1025
			572	1024
			571	1024
			570	1023
			569	1023
			568	1022
			567	1022
			566	1022
			566	1021
			565	1021
			564	1021
			563	1020
			562	1020
			561	1020
			560	1019
			559	1019
			558	1018
			557	1018
			556	1018
			555	1017
			554	1017
			553	1016
			552	1016
			551	1016
			550	1015
			549	1015
			548	1014
			547	1014
			546	1014
			545	1013
			544	1013
			543	1012
			542	1012
			541	1012
			540	1011
			539	1011
			538	1010
			537	1010
			536	1010
			535	1009
			534	1009
			533	1009
			532	1008
			531	1008
			530	1008
			529	1007
			528	1007
			528	1006
			527	1006
			526	1006
			525	1005
			524	1005
			523	1005
			522	1004
			521	1004
			520	1004
			519	1003
			518	1003
			517	1003
			516	1002
			515	1002
			514	1001
			513	1001
			512	1001
			512	1000
			511	1000
			510	1000
			509	999
			508	999
			507	999
			506	998
			505	998
			504	998
			503	997
			502	997
			501	997
			500	996
			499	996
			498	996
			497	995
			496	995
			495	995
			495	994
			494	994
			493	994
			492	993
			491	993
			490	993
			489	992
			488	992
			487	992
			486	991
			485	991
			484	991
			483	990
			482	990
			481	989
			480	989
			479	989
			478	988
			477	988
			476	988
			475	987
			474	987
			473	987
			472	986
			471	986
			470	986
			469	985
			468	985
			467	985
			466	984
			465	984
			464	984
			464	983
			463	983
			462	983
			461	982
			460	982
			459	982
			458	982
			457	981
			456	981
			455	981
			454	980
			453	980
			452	979
			451	979
			450	979
			449	979
			449	978
			448	978
			447	978
			446	978
			445	977
			444	977
			443	977
			442	977
			442	976
			441	976
			440	976
			439	976
			438	976
			437	975
			436	975
			435	975
			434	975
			434	974
			433	974
			432	974
			431	974
			430	973
			429	973
			428	973
			427	973
			426	972
			425	972
			424	972
			423	971
			422	971
			421	971
			420	970
			419	970
			418	970
			417	970
			416	969
			415	969
			414	969
			413	968
			412	968
			411	968
			410	967
			409	967
			408	967
			407	967
			406	966
			405	966
			404	966
			403	965
			402	965
			401	964
			400	964
			399	964
			398	963
			397	963
			396	963
			395	962
			394	962
			393	962
			393	961
			392	961
			391	961
			390	960
			389	960
			388	959
			387	959
			386	959
			385	958
			384	958
			383	957
			382	957
			381	956
			380	956
			379	956
			378	955
			377	955
			376	954
			375	954
			374	953
			373	953
			372	952
			371	952
			370	952
			369	951
			368	951
			368	950
			367	950
			366	950
			365	949
			364	949
			363	948
			362	947
			361	947
			360	946
			359	946
			358	945
			357	945
			356	944
			355	944
			354	943
			353	943
			352	942
			351	941
			350	941
			349	940
			348	940
			347	939
			346	938
			345	937
			344	937
			343	937
			343	936
			342	936
			341	935
			340	935
			339	934
			338	933
			337	932
			336	932
			335	931
			334	930
			333	929
			332	929
			331	928
			330	927
			329	927
			328	926
			327	926
			326	925
			325	924
			324	923
			323	923
			322	922
			321	921
			320	921
			319	920
			318	920
			317	919
			316	919
			315	918
			314	917
			313	917
			312	916
			311	916
			310	915
			309	915
			308	914
			307	914
			306	913
			305	913
			304	912
			303	911
			302	911
			301	910
			300	910
			299	909
			298	909
			297	908
			296	908
			295	907
			294	907
			293	906
			292	906
			291	905
			290	905
			289	905
			288	904
			287	904
			286	904
			285	903
			284	903
			284	902
			283	902
			282	902
			281	902
			280	901
			279	901
			278	901
			277	900
			276	900
			275	900
			274	899
			273	899
			272	899
			271	899
			270	899
			269	898
			268	898
			267	898
			266	898
			265	898
			264	897
			263	896
			262	895
			261	894
			260	893
			259	892
			258	891
			257	890
			256	889
			256	888
			255	887
			254	886
			253	885
			252	884
			252	883
			251	882
			250	881
			249	880
			249	879
			248	878
			248	877
			247	876
			246	875
			246	874
			245	873
			244	872
			244	871
			243	871
			243	870
			242	869
			242	868
			241	867
			241	866
			240	865
		</ventral_body>
		<operculum type=matrix rownames=FALSE colnames=FALSE nrow=214 ncol=2 as.numeric=TRUE >
			801	940
			801	939
			800	939
			800	938
			800	937
			799	936
			799	935
			798	934
			798	933
			798	932
			797	931
			797	930
			796	929
			796	928
			796	927
			795	926
			795	925
			794	924
			794	923
			794	922
			793	921
			793	920
			793	919
			792	918
			792	917
			791	916
			791	915
			791	914
			790	913
			790	912
			790	911
			789	910
			789	909
			788	908
			788	907
			788	906
			787	905
			787	904
			786	903
			786	902
			786	901
			785	900
			785	899
			785	898
			784	897
			784	896
			784	895
			783	894
			783	893
			782	892
			782	891
			782	890
			781	889
			781	888
			781	887
			780	886
			780	885
			780	884
			779	883
			779	882
			779	881
			779	880
			779	879
			779	878
			779	877
			779	876
			779	875
			779	874
			779	873
			779	872
			779	871
			779	870
			779	869
			779	868
			779	867
			779	866
			779	865
			779	864
			779	863
			779	862
			780	861
			780	860
			780	859
			780	858
			780	857
			780	856
			780	855
			781	855
			781	854
			781	853
			781	852
			781	851
			781	850
			782	849
			782	848
			782	847
			782	846
			783	845
			783	844
			783	843
			783	842
			784	841
			784	840
			784	839
			785	838
			785	837
			785	836
			786	835
			786	834
			787	833
			787	832
			787	831
			788	830
			788	829
			788	828
			789	827
			789	826
			790	825
			790	824
			791	823
			791	822
			791	821
			791	820
			791	819
			792	818
			792	817
			792	816
			792	815
			792	814
			792	813
			792	812
			792	811
			792	810
			792	809
			791	808
			791	807
			791	806
			791	805
			791	804
			791	803
			791	802
			791	801
			790	800
			790	799
			790	798
			790	797
			790	796
			789	796
			789	795
			789	794
			789	793
			789	792
			788	791
			788	790
			788	789
			788	788
			788	787
			787	786
			787	785
			787	784
			786	783
			786	782
			786	781
			785	780
			785	779
			785	778
			785	777
			784	776
			784	775
			784	774
			783	773
			783	772
			783	771
			782	770
			782	769
			781	768
			781	767
			781	766
			781	765
			780	764
			780	763
			779	762
			779	761
			779	760
			778	759
			778	758
			778	757
			777	757
			777	756
			777	755
			776	754
			776	753
			776	752
			775	751
			775	750
			774	749
			774	748
			774	747
			773	746
			773	745
			772	744
			772	743
			772	742
			771	741
			771	740
			770	739
			770	738
			769	737
			769	736
			769	735
			768	734
			768	733
			767	732
			767	731
		</operculum>
	</curves.pixel>
</shapes>

