<shapes type=list>
	<scaling type=logical names=FALSE length=1 as.numeric=FALSE >NA</scaling>
	<landmarks.pixel type=matrix rownames=TRUE colnames=FALSE nrow=17 ncol=2 as.numeric=TRUE >
		pectoral_dors	335	319
		pectoral_vent	343	352
		premax_post	97	335
		eye_ant	249	235
		eye_post	310	228
		upper_jaw	82	331
		dorsal_ant	504	175
		dorsal_post	724	271
		caud_pedunc_dors	758	287
		caud_scale_dors	783	285
		caud_scale_vent	792	361
		caud_pedunc_vent	772	360
		anal_post	738	376
		anal_ant	531	449
		lower_jaw	84	342
		operc_vent	305	323
		oper_dor	324	281
	</landmarks.pixel>
	<curves.control type=list>
		<head type=matrix rownames=FALSE colnames=FALSE nrow=13 ncol=2 as.numeric=TRUE >
			82	331
			88	314
			111	294
			132	280
			147	269
			197	238
			242	212
			278	196
			318	191
			379	184
			446	182
			483	179
			504	175
		</head>
		<dorsal type=matrix rownames=FALSE colnames=FALSE nrow=7 ncol=2 as.numeric=TRUE >
			504	175
			545	181
			605	200
			635	215
			671	237
			697	254
			724	271
		</dorsal>
		<caudal_dors_ant type=matrix rownames=FALSE colnames=FALSE nrow=5 ncol=2 as.numeric=TRUE >
			724	271
			728	280
			740	284
			750	285
			758	287
		</caudal_dors_ant>
		<caud_dors_post type=matrix rownames=FALSE colnames=FALSE nrow=3 ncol=2 as.numeric=TRUE >
			758	287
			771	285
			783	285
		</caud_dors_post>
		<caud_vent_post type=matrix rownames=FALSE colnames=FALSE nrow=3 ncol=2 as.numeric=TRUE >
			792	361
			782	360
			772	360
		</caud_vent_post>
		<caudal_vent_ant type=matrix rownames=FALSE colnames=FALSE nrow=3 ncol=2 as.numeric=TRUE >
			772	360
			753	365
			738	376
		</caudal_vent_ant>
		<anal type=matrix rownames=FALSE colnames=FALSE nrow=7 ncol=2 as.numeric=TRUE >
			738	376
			715	395
			655	425
			611	437
			581	445
			557	447
			531	449
		</anal>
		<ventral_body type=matrix rownames=FALSE colnames=FALSE nrow=19 ncol=2 as.numeric=TRUE >
			531	449
			510	455
			480	475
			462	485
			442	503
			437	516
			424	517
			385	500
			333	467
			298	447
			255	434
			228	422
			207	419
			190	418
			154	396
			128	383
			101	368
			86	357
			84	342
		</ventral_body>
		<operculum type=matrix rownames=FALSE colnames=FALSE nrow=3 ncol=2 as.numeric=TRUE >
			305	323
			301	294
			324	281
		</operculum>
	</curves.control>
	<curves.pixel type=list>
		<head type=matrix rownames=FALSE colnames=FALSE nrow=450 ncol=2 as.numeric=TRUE >
			82	331
			82	330
			83	329
			83	328
			83	327
			84	327
			84	326
			85	325
			85	324
			86	323
			86	322
			87	321
			87	320
			88	319
			88	318
			89	317
			90	317
			90	316
			91	315
			92	314
			93	313
			93	312
			94	311
			95	310
			96	309
			97	308
			98	307
			98	306
			99	305
			100	304
			101	303
			102	302
			103	301
			104	300
			105	299
			106	298
			107	297
			108	297
			108	296
			109	296
			110	295
			111	294
			112	293
			113	293
			114	292
			115	291
			116	291
			117	290
			118	289
			119	289
			120	288
			121	287
			122	287
			122	286
			123	286
			124	285
			125	285
			126	284
			127	283
			128	283
			128	282
			129	282
			130	281
			131	281
			132	280
			132	279
			133	279
			134	278
			135	278
			135	277
			136	277
			137	276
			138	276
			138	275
			139	275
			140	274
			141	274
			141	273
			142	273
			143	272
			144	271
			145	270
			146	270
			147	269
			148	268
			149	268
			150	267
			151	266
			152	266
			153	265
			154	265
			155	264
			156	264
			157	263
			158	262
			159	262
			160	261
			161	261
			162	260
			162	259
			163	259
			164	258
			165	258
			166	257
			167	257
			168	256
			169	255
			170	255
			171	254
			172	254
			173	253
			174	253
			175	252
			176	251
			177	250
			178	250
			179	250
			179	249
			180	249
			181	248
			182	247
			183	247
			184	246
			185	246
			186	245
			187	245
			187	244
			188	244
			189	243
			190	243
			191	242
			192	241
			193	241
			194	240
			195	240
			196	239
			197	239
			198	238
			199	237
			200	237
			201	236
			202	236
			202	235
			203	235
			204	234
			205	234
			206	233
			207	232
			208	232
			209	231
			210	231
			211	230
			212	230
			213	229
			214	229
			215	228
			216	227
			217	226
			218	226
			219	226
			219	225
			220	225
			221	224
			222	224
			223	223
			224	222
			225	222
			226	221
			227	221
			228	220
			229	219
			230	219
			231	218
			232	218
			233	217
			234	217
			235	216
			236	216
			237	215
			238	215
			238	214
			239	214
			240	213
			241	212
			242	212
			243	212
			244	211
			245	211
			246	210
			247	210
			248	210
			249	209
			250	209
			250	208
			251	208
			252	208
			253	207
			254	207
			255	207
			256	206
			257	206
			258	206
			259	205
			260	205
			261	204
			262	204
			263	204
			264	203
			265	203
			266	203
			267	202
			268	202
			269	202
			270	202
			270	201
			271	201
			272	201
			273	201
			274	200
			275	200
			276	200
			277	199
			278	199
			279	199
			280	198
			281	198
			282	198
			283	198
			284	197
			285	197
			286	197
			287	197
			288	196
			289	196
			290	196
			291	196
			292	196
			293	195
			294	195
			295	195
			296	195
			297	194
			298	194
			299	194
			300	194
			301	194
			302	193
			303	193
			304	193
			305	193
			306	193
			307	193
			308	192
			309	192
			310	192
			311	192
			312	192
			313	192
			314	192
			315	191
			316	191
			317	191
			318	191
			319	191
			320	191
			321	191
			322	191
			323	190
			324	190
			325	190
			326	190
			327	190
			328	190
			329	190
			330	190
			331	190
			332	189
			333	189
			334	189
			335	189
			336	189
			337	189
			338	189
			339	189
			340	189
			341	189
			342	188
			343	188
			344	188
			345	188
			346	188
			347	188
			348	188
			349	188
			350	188
			351	188
			352	188
			353	187
			354	187
			355	187
			356	187
			357	187
			358	187
			359	187
			360	187
			361	187
			362	187
			363	187
			364	186
			365	186
			366	186
			367	186
			368	186
			369	186
			370	186
			371	186
			372	186
			373	186
			374	186
			375	186
			376	186
			377	185
			378	185
			379	185
			380	185
			381	185
			382	185
			383	185
			384	185
			385	185
			386	185
			387	185
			388	185
			389	185
			390	185
			391	185
			392	184
			393	184
			394	184
			395	184
			396	184
			397	184
			398	184
			399	184
			400	184
			401	184
			402	184
			403	184
			404	184
			405	184
			406	184
			407	184
			408	184
			409	184
			409	183
			410	183
			411	183
			412	183
			413	183
			414	183
			415	183
			416	183
			417	183
			418	183
			419	183
			420	183
			421	183
			422	183
			423	183
			424	183
			425	183
			426	183
			427	183
			428	183
			429	183
			430	183
			431	183
			432	182
			433	182
			434	182
			435	182
			436	182
			437	182
			438	182
			439	182
			440	182
			441	182
			442	182
			443	182
			444	182
			445	182
			446	182
			447	182
			448	182
			449	182
			450	182
			451	182
			452	182
			453	181
			454	181
			455	181
			456	181
			457	181
			458	181
			459	181
			460	181
			461	181
			462	181
			463	180
			464	180
			465	180
			466	180
			467	180
			468	180
			469	180
			470	180
			471	180
			472	180
			473	179
			474	179
			475	179
			476	179
			477	179
			478	179
			479	179
			480	179
			481	178
			482	178
			483	178
			484	178
			485	178
			486	178
			487	178
			488	178
			489	177
			490	177
			491	177
			492	177
			493	177
			494	177
			495	177
			496	176
			497	176
			498	176
			499	176
			500	176
			501	175
			502	175
			503	175
			504	175
		</head>
		<dorsal type=matrix rownames=FALSE colnames=FALSE nrow=230 ncol=2 as.numeric=TRUE >
			504	175
			505	175
			506	175
			507	175
			508	176
			509	176
			510	176
			511	176
			512	176
			513	176
			514	177
			515	177
			516	177
			517	177
			518	177
			519	178
			520	178
			521	178
			522	178
			523	178
			524	179
			525	179
			526	179
			527	179
			528	179
			529	180
			530	180
			531	180
			532	180
			533	180
			534	181
			535	181
			536	181
			537	181
			538	182
			539	182
			540	182
			541	182
			542	182
			543	183
			544	183
			545	183
			546	183
			547	184
			548	184
			549	184
			550	184
			551	184
			551	185
			552	185
			553	185
			554	185
			555	185
			555	186
			556	186
			557	186
			558	186
			559	186
			559	187
			560	187
			561	187
			562	187
			563	188
			564	188
			565	188
			566	189
			567	189
			568	189
			569	189
			570	190
			571	190
			572	190
			573	190
			574	191
			575	191
			576	191
			577	192
			578	192
			579	192
			580	192
			581	193
			582	193
			583	193
			584	194
			585	194
			586	194
			587	194
			588	195
			589	195
			590	195
			591	196
			592	196
			593	196
			594	197
			595	197
			596	197
			597	197
			598	198
			599	198
			600	198
			600	199
			601	199
			602	199
			603	199
			604	200
			605	200
			606	200
			606	201
			607	201
			608	201
			608	202
			609	202
			610	203
			611	203
			612	204
			613	204
			614	205
			615	205
			616	206
			617	206
			618	207
			619	207
			620	208
			621	208
			622	209
			623	210
			624	210
			625	211
			626	211
			627	212
			628	212
			629	213
			630	213
			631	214
			632	214
			633	215
			634	215
			635	216
			636	217
			637	217
			638	217
			639	218
			640	219
			641	219
			642	220
			643	220
			644	221
			645	221
			646	222
			647	222
			647	223
			648	224
			649	224
			650	225
			651	225
			652	226
			653	226
			654	227
			655	227
			656	228
			657	229
			658	229
			659	230
			660	230
			661	231
			662	231
			663	232
			664	233
			665	233
			666	234
			667	234
			668	235
			669	236
			670	236
			671	237
			672	238
			673	238
			674	239
			675	239
			676	240
			676	241
			677	241
			678	242
			679	242
			680	243
			681	243
			682	244
			683	245
			684	246
			685	246
			686	247
			687	247
			688	248
			689	249
			690	249
			691	250
			692	250
			693	251
			694	252
			695	253
			696	253
			697	254
			698	254
			699	255
			700	256
			701	257
			702	257
			703	258
			704	258
			705	259
			706	260
			707	260
			708	261
			709	261
			709	262
			710	262
			711	263
			712	263
			713	264
			714	265
			715	265
			716	266
			717	267
			718	267
			719	268
			720	268
			721	269
			722	270
			723	270
			724	271
		</dorsal>
		<caudal_dors_ant type=matrix rownames=FALSE colnames=FALSE nrow=39 ncol=2 as.numeric=TRUE >
			724	271
			724	272
			725	273
			725	274
			726	274
			727	275
			727	276
			728	277
			729	277
			729	278
			730	279
			731	279
			732	280
			733	281
			734	281
			735	282
			736	282
			737	283
			738	283
			739	284
			740	284
			741	284
			742	284
			743	284
			744	284
			745	285
			746	285
			747	285
			748	285
			749	285
			750	285
			751	285
			752	286
			753	286
			754	286
			755	286
			756	287
			757	287
			758	287
		</caudal_dors_ant>
		<caud_dors_post type=matrix rownames=FALSE colnames=FALSE nrow=26 ncol=2 as.numeric=TRUE >
			758	287
			759	287
			760	287
			761	287
			762	286
			763	286
			764	286
			765	286
			766	286
			767	286
			768	286
			769	286
			770	286
			771	285
			772	285
			773	285
			774	285
			775	285
			776	285
			777	285
			778	285
			779	285
			780	285
			781	285
			782	285
			783	285
		</caud_dors_post>
		<caud_vent_post type=matrix rownames=FALSE colnames=FALSE nrow=21 ncol=2 as.numeric=TRUE >
			792	361
			791	361
			790	361
			789	361
			788	361
			787	361
			786	360
			785	360
			784	360
			783	360
			782	360
			781	360
			780	360
			779	360
			778	360
			777	360
			776	360
			775	360
			774	360
			773	360
			772	360
		</caud_vent_post>
		<caudal_vent_ant type=matrix rownames=FALSE colnames=FALSE nrow=38 ncol=2 as.numeric=TRUE >
			772	360
			771	360
			770	361
			769	361
			768	361
			767	361
			766	362
			765	362
			764	362
			763	363
			762	363
			761	363
			760	364
			759	364
			758	365
			757	365
			756	366
			755	366
			754	366
			754	367
			753	367
			752	367
			752	368
			751	368
			750	368
			750	369
			749	369
			748	370
			747	370
			746	371
			745	371
			744	372
			743	373
			742	373
			741	374
			740	375
			739	375
			738	376
		</caudal_vent_ant>
		<anal type=matrix rownames=FALSE colnames=FALSE nrow=217 ncol=2 as.numeric=TRUE >
			738	376
			737	377
			736	378
			735	379
			734	379
			733	380
			732	381
			731	381
			730	382
			729	383
			728	384
			727	384
			726	385
			725	385
			725	386
			724	386
			723	387
			722	387
			722	388
			721	388
			720	389
			719	389
			718	390
			718	391
			717	391
			716	392
			715	392
			714	393
			713	393
			712	394
			711	395
			710	396
			709	396
			708	396
			707	397
			706	398
			705	398
			704	399
			703	399
			702	400
			701	400
			700	401
			699	402
			698	402
			697	403
			696	403
			696	404
			695	404
			694	404
			694	405
			693	405
			692	405
			692	406
			691	406
			690	407
			689	407
			688	408
			687	408
			686	409
			685	409
			685	410
			684	410
			683	411
			682	411
			681	412
			680	412
			679	413
			678	413
			677	413
			677	414
			676	414
			675	415
			674	415
			673	416
			672	416
			671	417
			670	417
			669	418
			668	418
			667	419
			666	419
			665	420
			664	420
			663	421
			662	421
			661	422
			660	422
			659	423
			658	423
			657	424
			656	424
			655	425
			654	425
			653	425
			653	426
			652	426
			651	426
			650	426
			649	427
			648	427
			647	427
			646	427
			645	428
			644	428
			643	428
			642	429
			641	429
			640	429
			639	429
			638	430
			637	430
			636	430
			635	430
			634	431
			633	431
			632	431
			631	432
			630	432
			629	432
			628	432
			627	433
			626	433
			625	433
			624	434
			623	434
			622	434
			621	434
			620	435
			619	435
			618	435
			617	435
			616	436
			615	436
			614	436
			613	436
			612	437
			611	437
			610	437
			609	437
			608	438
			607	438
			606	438
			605	439
			604	439
			603	439
			602	439
			601	440
			600	440
			599	440
			598	440
			597	441
			596	441
			595	441
			594	441
			593	442
			592	442
			591	442
			590	443
			589	443
			588	443
			587	444
			586	444
			585	444
			584	444
			583	445
			582	445
			581	445
			580	445
			579	445
			578	445
			577	445
			576	445
			575	445
			574	446
			573	446
			572	446
			571	446
			570	446
			569	446
			568	446
			567	446
			566	446
			565	446
			564	446
			563	446
			562	447
			561	447
			560	447
			559	447
			558	447
			557	447
			556	447
			555	447
			554	447
			553	447
			552	447
			551	447
			550	448
			549	448
			548	448
			547	448
			546	448
			545	448
			544	448
			543	448
			542	448
			541	448
			540	448
			539	448
			538	448
			537	449
			536	449
			535	449
			534	449
			533	449
			532	449
			531	449
		</anal>
		<ventral_body type=matrix rownames=FALSE colnames=FALSE nrow=486 ncol=2 as.numeric=TRUE >
			531	449
			530	449
			529	450
			528	450
			527	450
			526	451
			525	451
			524	451
			523	452
			522	452
			521	452
			520	453
			519	453
			518	453
			517	454
			516	454
			515	455
			514	455
			513	456
			512	456
			511	457
			510	457
			509	458
			508	458
			507	459
			506	459
			505	460
			504	460
			503	461
			502	462
			501	462
			500	463
			499	463
			498	464
			497	464
			496	465
			495	465
			494	466
			493	467
			492	468
			491	468
			490	469
			489	469
			488	470
			487	471
			486	471
			485	472
			484	472
			483	473
			482	474
			481	474
			480	475
			479	475
			478	476
			477	476
			477	477
			476	478
			475	478
			474	479
			473	479
			472	480
			471	481
			470	481
			469	482
			468	482
			467	483
			466	484
			465	484
			464	485
			463	486
			462	487
			461	487
			460	488
			459	489
			458	490
			457	490
			456	491
			455	492
			454	493
			453	494
			452	494
			451	495
			450	496
			449	497
			448	498
			447	499
			446	499
			445	500
			444	501
			443	502
			442	503
			442	504
			441	504
			441	505
			441	506
			440	507
			440	508
			439	509
			438	510
			437	511
			436	512
			436	513
			435	513
			434	514
			433	515
			432	515
			431	515
			430	516
			429	516
			428	516
			427	517
			426	517
			425	517
			424	517
			423	517
			422	516
			421	516
			420	515
			419	515
			418	514
			417	514
			416	513
			415	513
			414	512
			413	512
			412	511
			411	511
			410	510
			409	510
			408	510
			407	509
			406	509
			405	508
			404	508
			403	507
			402	507
			401	506
			400	506
			399	505
			398	505
			397	504
			396	504
			395	503
			394	502
			393	502
			392	501
			391	501
			390	500
			389	500
			388	499
			387	499
			386	498
			385	498
			384	497
			383	497
			383	496
			382	496
			381	496
			381	495
			380	495
			379	495
			379	494
			378	494
			377	493
			376	493
			375	492
			374	492
			373	491
			372	490
			371	490
			370	489
			369	489
			368	488
			367	488
			366	487
			365	487
			364	486
			363	485
			362	485
			361	484
			360	484
			359	483
			358	483
			357	482
			356	481
			355	481
			354	480
			353	480
			352	479
			351	478
			350	478
			349	477
			348	477
			347	476
			346	475
			345	475
			344	474
			343	473
			342	473
			341	472
			340	472
			339	471
			338	470
			337	470
			336	469
			335	468
			334	468
			333	467
			332	467
			332	466
			331	466
			330	465
			329	465
			328	464
			327	463
			326	463
			325	463
			324	462
			323	462
			322	461
			321	461
			321	460
			320	460
			319	459
			318	459
			317	458
			316	458
			315	458
			314	457
			313	457
			313	456
			312	456
			311	455
			310	455
			309	455
			308	454
			307	454
			306	453
			305	453
			304	452
			303	452
			302	451
			301	451
			300	450
			299	450
			298	450
			297	449
			296	449
			295	448
			294	448
			293	448
			292	447
			291	447
			290	446
			289	446
			288	445
			287	445
			286	445
			285	444
			284	444
			283	443
			282	443
			281	443
			280	442
			279	442
			278	442
			277	441
			276	441
			275	440
			274	440
			273	440
			272	439
			271	439
			270	439
			269	438
			268	438
			267	438
			266	437
			265	437
			264	437
			263	436
			262	436
			261	436
			260	436
			259	435
			258	435
			257	435
			256	434
			255	434
			254	434
			253	433
			252	433
			251	432
			250	432
			249	432
			249	431
			248	431
			247	431
			247	430
			246	430
			245	430
			244	430
			244	429
			243	429
			242	429
			241	428
			240	428
			239	427
			238	427
			237	427
			236	426
			235	426
			234	426
			233	425
			232	425
			231	425
			230	425
			229	424
			228	424
			227	423
			226	423
			225	423
			224	422
			223	422
			222	422
			221	422
			220	422
			219	421
			218	421
			217	421
			216	421
			215	420
			214	420
			213	420
			212	420
			211	420
			210	420
			209	419
			208	419
			207	419
			206	419
			205	419
			204	419
			203	419
			203	418
			202	418
			201	418
			200	418
			199	418
			198	417
			197	417
			196	417
			195	416
			194	416
			193	416
			192	415
			191	415
			190	415
			189	414
			188	414
			187	413
			186	413
			185	413
			184	412
			183	412
			182	411
			181	411
			180	410
			179	410
			178	410
			177	409
			176	409
			175	408
			174	408
			173	407
			172	407
			171	406
			170	405
			169	405
			168	404
			167	404
			166	403
			165	402
			164	402
			163	401
			162	401
			161	400
			160	400
			160	399
			159	399
			158	399
			157	398
			156	397
			155	396
			154	396
			153	396
			153	395
			152	395
			151	395
			151	394
			150	394
			149	394
			149	393
			148	393
			147	392
			146	392
			145	391
			144	391
			143	391
			143	390
			142	390
			141	389
			140	389
			139	388
			138	388
			137	387
			136	387
			135	386
			134	386
			133	385
			132	385
			131	384
			130	384
			130	383
			129	383
			128	383
			128	382
			127	382
			126	382
			126	381
			125	381
			124	381
			124	380
			123	380
			122	380
			122	379
			121	379
			120	379
			120	378
			119	378
			118	377
			117	377
			116	376
			115	376
			114	375
			113	375
			112	374
			111	373
			110	373
			109	372
			108	372
			107	371
			106	371
			105	370
			104	370
			103	369
			102	369
			101	368
			100	367
			99	366
			98	366
			97	365
			96	364
			95	363
			94	362
			94	361
			93	361
			92	360
			91	359
			91	358
			90	357
			89	356
			89	355
			88	354
			88	353
			87	352
			87	351
			86	350
			86	349
			85	348
			85	347
			85	346
			85	345
			84	344
			84	343
			84	342
		</ventral_body>
		<operculum type=matrix rownames=FALSE colnames=FALSE nrow=51 ncol=2 as.numeric=TRUE >
			305	323
			305	322
			305	321
			305	320
			305	319
			305	318
			304	318
			304	317
			304	316
			304	315
			304	314
			304	313
			304	312
			305	311
			305	310
			305	309
			305	308
			305	307
			305	306
			305	305
			306	304
			306	303
			306	302
			307	301
			307	300
			307	299
			308	298
			308	297
			308	296
			309	296
			309	295
			310	294
			310	293
			311	292
			312	292
			312	291
			313	290
			313	289
			314	289
			315	288
			315	287
			316	287
			317	286
			318	285
			319	285
			319	284
			320	283
			321	283
			322	282
			323	282
			324	281
		</operculum>
	</curves.pixel>
</shapes>

