<shapes type=list>
	<scaling type=logical names=FALSE length=1 as.numeric=FALSE >NA</scaling>
	<landmarks.pixel type=matrix rownames=TRUE colnames=FALSE nrow=17 ncol=2 as.numeric=TRUE >
		pectoral_dors	153	173
		pectoral_vent	155	198
		premax_post	28	156
		eye_ant	100	137
		eye_post	132	136
		upper_jaw	25	148
		dorsal_ant	250	84
		dorsal_post	481	161
		caud_pedunc_dors	501	165
		caud_scale_dors	533	157
		caud_scale_vent	528	204
		caud_pedunc_vent	502	196
		anal_post	489	196
		anal_ant	267	268
		lower_jaw	21	155
		operc_vent	131	189
		oper_dor	143	167
	</landmarks.pixel>
	<curves.control type=list>
		<head type=matrix rownames=FALSE colnames=FALSE nrow=9 ncol=2 as.numeric=TRUE >
			25	148
			39	141
			56	126
			71	117
			95	113
			113	113
			176	99
			217	89
			250	84
		</head>
		<dorsal type=matrix rownames=FALSE colnames=FALSE nrow=7 ncol=2 as.numeric=TRUE >
			250	84
			319	86
			377	106
			421	126
			459	146
			473	155
			481	161
		</dorsal>
		<caudal_dors_ant type=matrix rownames=FALSE colnames=FALSE nrow=3 ncol=2 as.numeric=TRUE >
			481	161
			492	164
			501	165
		</caudal_dors_ant>
		<caud_dors_post type=matrix rownames=FALSE colnames=FALSE nrow=3 ncol=2 as.numeric=TRUE >
			501	165
			519	162
			533	157
		</caud_dors_post>
		<caud_vent_post type=matrix rownames=FALSE colnames=FALSE nrow=3 ncol=2 as.numeric=TRUE >
			528	204
			515	199
			502	196
		</caud_vent_post>
		<caudal_vent_ant type=matrix rownames=FALSE colnames=FALSE nrow=3 ncol=2 as.numeric=TRUE >
			502	196
			497	195
			489	196
		</caudal_vent_ant>
		<anal type=matrix rownames=FALSE colnames=FALSE nrow=7 ncol=2 as.numeric=TRUE >
			489	196
			470	205
			414	229
			356	247
			312	258
			291	262
			267	268
		</anal>
		<ventral_body type=matrix rownames=FALSE colnames=FALSE nrow=15 ncol=2 as.numeric=TRUE >
			267	268
			260	268
			248	272
			208	278
			162	272
			111	249
			79	227
			65	214
			49	199
			34	186
			31	182
			29	170
			22	167
			20	161
			21	155
		</ventral_body>
		<operculum type=matrix rownames=FALSE colnames=FALSE nrow=3 ncol=2 as.numeric=TRUE >
			131	189
			134	178
			143	167
		</operculum>
	</curves.control>
	<curves.pixel type=list>
		<head type=matrix rownames=FALSE colnames=FALSE nrow=229 ncol=2 as.numeric=TRUE >
			25	148
			26	148
			27	147
			28	147
			29	146
			30	145
			31	145
			32	144
			33	144
			34	143
			35	142
			36	142
			37	141
			38	140
			39	140
			40	139
			41	138
			42	137
			43	137
			44	136
			45	135
			46	134
			47	133
			48	133
			49	132
			50	131
			51	130
			52	129
			53	129
			54	128
			55	127
			55	126
			56	126
			57	125
			58	125
			59	125
			59	124
			60	124
			61	123
			62	123
			63	122
			64	122
			65	121
			66	121
			67	120
			68	120
			69	120
			70	119
			71	119
			72	119
			73	118
			74	118
			75	118
			76	117
			77	117
			78	117
			79	116
			80	116
			81	116
			82	116
			83	115
			84	115
			85	115
			86	115
			87	114
			88	114
			89	114
			90	114
			91	114
			92	113
			93	113
			94	113
			95	113
			96	113
			97	113
			98	113
			99	113
			100	113
			101	113
			102	113
			103	113
			104	112
			105	112
			106	112
			107	112
			108	112
			109	112
			110	112
			111	112
			112	111
			113	111
			114	111
			115	111
			116	111
			117	111
			118	111
			119	110
			120	110
			121	110
			122	110
			123	110
			124	110
			125	109
			126	109
			127	109
			128	109
			129	109
			130	109
			131	108
			132	108
			133	108
			134	108
			135	108
			136	107
			137	107
			138	107
			139	107
			140	107
			141	106
			142	106
			143	106
			144	106
			145	105
			146	105
			147	105
			148	105
			149	105
			150	104
			151	104
			152	104
			153	104
			154	104
			155	104
			156	103
			157	103
			158	103
			159	103
			160	102
			161	102
			162	102
			163	102
			164	102
			165	101
			166	101
			167	101
			168	101
			169	100
			170	100
			171	100
			172	100
			173	100
			174	99
			175	99
			176	99
			177	99
			178	99
			178	98
			179	98
			180	98
			181	98
			182	97
			183	97
			184	97
			185	97
			186	97
			187	96
			188	96
			189	96
			190	96
			191	95
			192	95
			193	95
			194	95
			195	95
			196	94
			197	94
			198	94
			199	94
			200	94
			201	93
			202	93
			203	93
			204	93
			205	92
			206	92
			207	92
			208	92
			209	91
			210	91
			211	91
			212	91
			213	91
			214	90
			215	90
			216	90
			217	90
			218	90
			219	90
			220	89
			221	89
			222	89
			223	89
			224	88
			225	88
			226	88
			227	88
			228	88
			229	88
			230	87
			231	87
			232	87
			233	87
			234	87
			235	86
			236	86
			237	86
			238	86
			239	86
			240	86
			241	85
			242	85
			243	85
			244	85
			245	85
			246	85
			247	85
			248	84
			249	84
			250	84
		</head>
		<dorsal type=matrix rownames=FALSE colnames=FALSE nrow=239 ncol=2 as.numeric=TRUE >
			250	84
			251	84
			252	84
			253	84
			254	84
			255	84
			256	84
			257	84
			258	84
			259	84
			260	84
			261	84
			262	84
			263	85
			264	85
			265	85
			266	85
			267	85
			268	85
			269	85
			270	85
			271	85
			272	85
			273	85
			274	85
			275	85
			276	85
			277	85
			278	86
			279	86
			280	86
			281	86
			282	86
			283	86
			284	86
			285	86
			286	86
			287	86
			288	87
			289	87
			290	87
			291	87
			292	87
			293	87
			294	87
			295	87
			296	88
			297	88
			298	88
			299	88
			300	88
			301	88
			302	88
			303	88
			304	89
			305	89
			306	89
			307	89
			308	89
			309	89
			310	89
			311	90
			312	90
			313	90
			314	90
			315	90
			316	90
			317	91
			318	91
			319	91
			320	91
			321	91
			322	91
			322	92
			323	92
			324	92
			325	92
			326	92
			327	93
			328	93
			329	93
			330	93
			331	93
			332	94
			333	94
			334	94
			335	94
			336	94
			337	95
			338	95
			339	95
			340	95
			341	96
			342	96
			343	96
			344	96
			345	96
			346	97
			347	97
			348	97
			349	98
			350	98
			351	98
			352	98
			353	99
			354	99
			355	99
			356	99
			357	100
			358	100
			359	100
			360	101
			361	101
			362	101
			363	101
			364	102
			365	102
			366	102
			367	103
			368	103
			369	103
			370	104
			371	104
			372	104
			373	105
			374	105
			375	105
			376	106
			377	106
			378	106
			379	107
			380	107
			381	108
			382	108
			383	109
			384	109
			385	110
			386	110
			387	111
			388	111
			389	112
			390	112
			391	112
			392	113
			393	113
			394	114
			395	114
			396	115
			397	115
			398	116
			399	116
			400	117
			401	117
			402	118
			403	118
			404	119
			405	119
			406	119
			407	120
			408	120
			409	121
			410	121
			411	122
			412	122
			413	123
			414	123
			415	124
			416	124
			417	125
			418	125
			419	126
			420	126
			421	127
			422	127
			423	128
			424	128
			425	129
			426	129
			427	130
			428	130
			429	131
			430	131
			431	132
			432	132
			433	133
			434	133
			435	134
			436	134
			437	135
			438	135
			439	136
			440	136
			441	137
			442	137
			443	138
			444	138
			445	139
			446	139
			447	140
			448	140
			448	141
			449	141
			450	142
			451	142
			452	142
			453	143
			454	143
			455	144
			456	144
			457	145
			458	145
			459	146
			460	146
			460	147
			461	147
			462	148
			463	148
			464	149
			465	150
			466	151
			467	151
			467	152
			468	152
			469	152
			470	153
			471	154
			472	155
			473	156
			474	156
			475	157
			476	157
			476	158
			477	158
			478	158
			478	159
			479	159
			479	160
			480	160
			481	161
		</dorsal>
		<caudal_dors_ant type=matrix rownames=FALSE colnames=FALSE nrow=21 ncol=2 as.numeric=TRUE >
			481	161
			482	161
			483	162
			484	162
			485	162
			486	162
			487	163
			488	163
			489	163
			490	163
			491	163
			492	164
			493	164
			494	164
			495	164
			496	164
			497	164
			498	165
			499	165
			500	165
			501	165
		</caudal_dors_ant>
		<caud_dors_post type=matrix rownames=FALSE colnames=FALSE nrow=33 ncol=2 as.numeric=TRUE >
			501	165
			502	165
			503	165
			504	164
			505	164
			506	164
			507	164
			508	164
			509	163
			510	163
			511	163
			512	163
			513	163
			514	162
			515	162
			516	162
			517	162
			518	161
			519	161
			520	161
			521	161
			522	160
			523	160
			524	160
			525	160
			526	159
			527	159
			528	159
			529	158
			530	158
			531	158
			532	157
			533	157
		</caud_dors_post>
		<caud_vent_post type=matrix rownames=FALSE colnames=FALSE nrow=27 ncol=2 as.numeric=TRUE >
			528	204
			527	204
			526	203
			525	203
			524	203
			523	202
			522	202
			521	202
			520	201
			519	201
			518	201
			517	200
			516	200
			515	199
			514	199
			513	199
			512	199
			511	198
			510	198
			509	198
			508	197
			507	197
			506	197
			505	197
			504	196
			503	196
			502	196
		</caud_vent_post>
		<caudal_vent_ant type=matrix rownames=FALSE colnames=FALSE nrow=14 ncol=2 as.numeric=TRUE >
			502	196
			501	196
			500	196
			499	196
			498	196
			497	196
			496	196
			495	196
			494	196
			493	196
			492	196
			491	196
			490	196
			489	196
		</caudal_vent_ant>
		<anal type=matrix rownames=FALSE colnames=FALSE nrow=228 ncol=2 as.numeric=TRUE >
			489	196
			488	196
			487	197
			486	197
			485	198
			484	199
			483	199
			482	199
			481	200
			480	200
			479	201
			478	201
			477	202
			476	202
			475	203
			474	203
			473	203
			472	204
			471	204
			470	205
			469	205
			468	206
			467	206
			466	207
			465	207
			464	207
			463	208
			462	208
			461	209
			460	209
			459	210
			458	210
			457	210
			456	211
			455	211
			454	212
			453	212
			452	213
			451	213
			450	213
			450	214
			449	214
			448	214
			447	215
			446	215
			445	216
			444	216
			443	217
			442	217
			441	217
			440	218
			439	218
			438	218
			438	219
			437	219
			436	220
			435	220
			434	220
			433	221
			432	221
			431	222
			430	222
			429	223
			428	223
			427	223
			426	224
			425	224
			424	225
			423	225
			422	226
			421	226
			420	226
			419	227
			418	227
			417	228
			416	228
			415	229
			414	229
			413	229
			412	230
			411	230
			410	230
			409	231
			408	231
			407	231
			406	231
			405	232
			404	232
			403	232
			402	233
			401	233
			400	233
			399	234
			398	234
			397	234
			396	234
			395	235
			394	235
			393	236
			392	236
			391	236
			390	236
			389	237
			388	237
			387	237
			386	237
			385	238
			384	238
			383	238
			382	239
			381	239
			380	239
			379	240
			378	240
			377	240
			376	241
			375	241
			374	241
			373	241
			372	242
			371	242
			370	242
			369	242
			368	243
			367	243
			366	243
			365	244
			364	244
			363	244
			362	244
			361	245
			360	245
			359	245
			359	246
			358	246
			357	246
			356	246
			355	247
			354	247
			353	247
			352	247
			351	248
			350	248
			349	248
			348	249
			347	249
			346	249
			345	249
			344	250
			343	250
			342	250
			341	250
			340	251
			339	251
			338	251
			337	251
			336	252
			335	252
			334	252
			333	253
			332	253
			331	253
			330	253
			329	254
			328	254
			327	254
			326	254
			325	255
			324	255
			323	255
			322	255
			321	256
			320	256
			319	256
			318	257
			317	257
			316	257
			315	257
			314	257
			313	258
			312	258
			311	258
			310	258
			309	258
			309	259
			308	259
			307	259
			306	259
			305	259
			304	260
			303	260
			302	260
			301	260
			300	260
			299	261
			298	261
			297	261
			296	261
			295	262
			294	262
			293	262
			292	262
			291	262
			290	263
			289	263
			288	263
			287	263
			286	263
			286	264
			285	264
			284	264
			283	264
			282	264
			281	265
			280	265
			279	265
			278	265
			277	266
			276	266
			275	266
			274	266
			273	267
			272	267
			271	267
			270	267
			269	267
			268	268
			267	268
		</anal>
		<ventral_body type=matrix rownames=FALSE colnames=FALSE nrow=279 ncol=2 as.numeric=TRUE >
			267	268
			266	268
			265	268
			264	268
			263	268
			262	268
			261	269
			260	269
			259	269
			258	269
			257	269
			256	270
			255	270
			254	270
			253	270
			252	271
			251	271
			250	271
			249	272
			248	272
			247	272
			246	272
			245	272
			244	273
			243	273
			242	273
			241	273
			240	273
			239	273
			238	273
			237	273
			236	273
			235	274
			234	274
			233	274
			232	274
			231	274
			230	274
			229	274
			228	274
			227	274
			226	274
			225	274
			224	274
			223	275
			222	275
			221	275
			220	275
			219	275
			218	275
			217	275
			216	275
			215	275
			214	275
			213	275
			212	275
			211	275
			210	275
			209	275
			208	275
			207	275
			206	275
			205	275
			204	275
			203	275
			202	275
			201	275
			200	275
			199	275
			198	275
			197	275
			196	275
			195	275
			194	275
			193	275
			192	275
			191	275
			190	275
			189	275
			188	274
			187	274
			186	274
			185	274
			184	274
			183	274
			182	274
			181	274
			180	274
			179	274
			178	274
			177	274
			176	274
			175	273
			174	273
			173	273
			172	273
			171	273
			170	273
			169	273
			168	273
			167	273
			166	273
			165	272
			164	272
			163	272
			162	272
			161	272
			160	271
			159	271
			158	270
			157	270
			156	269
			155	269
			154	268
			153	268
			152	267
			151	267
			150	267
			149	266
			148	266
			147	265
			146	265
			146	264
			145	264
			144	263
			143	263
			142	263
			141	262
			140	262
			139	261
			138	261
			137	260
			136	260
			135	259
			134	259
			133	258
			132	258
			131	257
			130	257
			129	256
			128	256
			127	255
			126	255
			125	254
			124	253
			123	253
			122	252
			121	252
			120	252
			119	251
			118	251
			117	250
			116	249
			115	249
			114	248
			113	248
			112	247
			111	247
			110	246
			109	245
			108	245
			107	244
			106	244
			105	243
			104	243
			103	242
			102	242
			101	241
			100	241
			99	240
			98	239
			97	238
			96	238
			95	237
			94	237
			93	236
			92	235
			91	235
			90	234
			89	233
			88	233
			87	232
			86	232
			85	231
			84	231
			84	230
			83	230
			82	229
			81	228
			80	228
			79	227
			78	227
			78	226
			77	225
			76	225
			76	224
			75	223
			74	223
			73	222
			73	221
			72	220
			71	220
			71	219
			70	218
			69	218
			68	217
			68	216
			67	216
			66	215
			65	214
			64	213
			63	212
			62	211
			61	210
			60	209
			59	208
			58	208
			57	207
			56	206
			55	205
			54	204
			53	203
			53	202
			52	201
			51	200
			50	200
			49	199
			48	198
			47	197
			46	196
			45	196
			44	195
			44	194
			43	194
			42	193
			41	192
			40	191
			39	190
			38	189
			37	188
			36	187
			35	187
			35	186
			34	186
			34	185
			33	185
			33	184
			32	184
			32	183
			31	183
			31	182
			31	181
			31	180
			30	179
			30	178
			30	177
			30	176
			29	175
			29	174
			28	173
			28	172
			27	171
			26	170
			25	169
			24	168
			23	167
			22	167
			22	166
			21	165
			21	164
			21	163
			21	162
			21	161
			21	160
			21	159
			21	158
			21	157
			21	156
			21	155
		</ventral_body>
		<operculum type=matrix rownames=FALSE colnames=FALSE nrow=27 ncol=2 as.numeric=TRUE >
			131	189
			131	188
			132	187
			132	186
			132	185
			133	184
			133	183
			134	182
			134	181
			134	180
			135	180
			135	179
			135	178
			136	178
			136	177
			136	176
			137	176
			137	175
			138	174
			139	173
			139	172
			140	171
			140	170
			141	170
			141	169
			142	168
			143	167
		</operculum>
	</curves.pixel>
</shapes>

