<shapes type=list>
	<scaling type=logical names=FALSE length=1 as.numeric=FALSE >NA</scaling>
	<landmarks.pixel type=matrix rownames=TRUE colnames=FALSE nrow=17 ncol=2 as.numeric=TRUE >
		pectoral_dors	153	212
		pectoral_vent	157	227
		premax_post	44	194
		eye_ant	158	152
		eye_post	188	151
		upper_jaw	39	187
		dorsal_ant	294	107
		dorsal_post	428	164
		caud_pedunc_dors	463	168
		caud_scale_dors	482	161
		caud_scale_vent	484	214
		caud_pedunc_vent	461	208
		anal_post	441	212
		anal_ant	313	265
		lower_jaw	35	194
		operc_vent	136	214
		oper_dor	155	193
	</landmarks.pixel>
	<curves.control type=list>
		<head type=matrix rownames=FALSE colnames=FALSE nrow=11 ncol=2 as.numeric=TRUE >
			39	187
			50	176
			63	177
			91	165
			130	144
			163	130
			197	125
			228	124
			260	120
			279	113
			294	107
		</head>
		<dorsal type=matrix rownames=FALSE colnames=FALSE nrow=5 ncol=2 as.numeric=TRUE >
			294	107
			332	121
			378	138
			407	154
			428	164
		</dorsal>
		<caudal_dors_ant type=matrix rownames=FALSE colnames=FALSE nrow=3 ncol=2 as.numeric=TRUE >
			428	164
			444	167
			463	168
		</caudal_dors_ant>
		<caud_dors_post type=matrix rownames=FALSE colnames=FALSE nrow=3 ncol=2 as.numeric=TRUE >
			463	168
			474	165
			482	161
		</caud_dors_post>
		<caud_vent_post type=matrix rownames=FALSE colnames=FALSE nrow=3 ncol=2 as.numeric=TRUE >
			484	214
			471	209
			461	208
		</caud_vent_post>
		<caudal_vent_ant type=matrix rownames=FALSE colnames=FALSE nrow=3 ncol=2 as.numeric=TRUE >
			461	208
			451	209
			441	212
		</caudal_vent_ant>
		<anal type=matrix rownames=FALSE colnames=FALSE nrow=5 ncol=2 as.numeric=TRUE >
			441	212
			402	244
			364	254
			339	265
			313	265
		</anal>
		<ventral_body type=matrix rownames=FALSE colnames=FALSE nrow=13 ncol=2 as.numeric=TRUE >
			313	265
			299	276
			278	301
			254	345
			240	361
			215	371
			173	350
			124	303
			84	262
			56	233
			41	216
			36	205
			35	194
		</ventral_body>
		<operculum type=matrix rownames=FALSE colnames=FALSE nrow=3 ncol=2 as.numeric=TRUE >
			136	214
			142	201
			155	193
		</operculum>
	</curves.control>
	<curves.pixel type=list>
		<head type=matrix rownames=FALSE colnames=FALSE nrow=260 ncol=2 as.numeric=TRUE >
			39	187
			40	186
			41	185
			42	184
			43	183
			44	182
			45	182
			46	181
			47	181
			48	180
			49	179
			50	179
			51	179
			52	178
			53	178
			54	178
			55	178
			56	177
			57	177
			58	177
			59	177
			60	177
			61	177
			62	177
			63	177
			64	177
			65	176
			66	176
			67	175
			68	175
			69	174
			70	174
			71	173
			72	173
			73	173
			74	172
			75	172
			76	171
			77	171
			78	170
			79	170
			80	169
			81	169
			82	168
			83	168
			84	167
			85	167
			86	166
			87	166
			88	165
			89	165
			90	165
			91	164
			92	164
			93	163
			94	163
			95	162
			96	162
			97	161
			98	161
			99	160
			100	160
			101	159
			102	159
			103	158
			104	158
			105	157
			106	157
			107	156
			108	156
			109	155
			110	154
			111	154
			112	153
			113	153
			114	152
			115	152
			116	151
			117	151
			118	150
			119	150
			120	149
			121	149
			122	148
			123	148
			124	147
			125	147
			126	146
			127	146
			128	145
			129	145
			130	144
			131	144
			132	143
			133	143
			134	142
			135	142
			136	141
			137	141
			138	141
			139	140
			140	140
			141	140
			142	139
			143	139
			144	138
			145	138
			146	138
			147	137
			148	137
			149	137
			150	136
			151	136
			152	136
			153	135
			154	135
			155	135
			156	134
			157	134
			158	134
			159	134
			160	133
			161	133
			162	133
			163	132
			164	132
			165	132
			166	132
			167	131
			168	131
			169	131
			170	130
			171	130
			172	130
			173	130
			174	129
			175	129
			176	129
			177	129
			178	129
			179	128
			180	128
			181	128
			182	128
			183	127
			184	127
			185	127
			186	127
			187	127
			188	127
			189	126
			190	126
			191	126
			192	126
			193	126
			194	125
			195	125
			196	125
			197	125
			198	125
			199	125
			200	125
			201	125
			202	125
			203	125
			204	125
			205	125
			206	125
			207	125
			208	125
			209	125
			209	124
			210	124
			211	124
			212	124
			213	124
			214	124
			215	124
			216	124
			217	124
			218	124
			219	124
			220	124
			221	124
			222	124
			223	124
			224	124
			225	124
			226	123
			227	123
			228	123
			229	123
			230	123
			231	123
			232	123
			233	123
			234	123
			235	123
			236	123
			237	123
			238	122
			239	122
			240	122
			241	122
			242	122
			243	122
			244	122
			245	122
			246	122
			247	121
			248	121
			249	121
			250	121
			251	121
			252	121
			253	121
			254	121
			255	121
			256	120
			257	120
			258	120
			259	120
			260	120
			261	120
			261	119
			262	119
			263	119
			264	119
			265	118
			266	118
			267	117
			268	117
			269	117
			269	116
			270	116
			271	116
			272	116
			272	115
			273	115
			274	115
			275	114
			276	114
			277	113
			278	113
			279	113
			280	113
			281	112
			282	112
			283	111
			284	111
			285	111
			286	110
			287	110
			288	109
			289	109
			290	108
			291	108
			292	108
			293	107
			294	107
		</head>
		<dorsal type=matrix rownames=FALSE colnames=FALSE nrow=140 ncol=2 as.numeric=TRUE >
			294	107
			295	107
			296	108
			297	108
			298	109
			299	109
			300	109
			301	110
			302	110
			303	111
			304	111
			305	111
			306	111
			307	112
			308	112
			309	112
			310	113
			311	113
			312	114
			313	114
			314	114
			315	115
			316	115
			317	115
			318	116
			319	116
			320	117
			321	117
			322	117
			323	118
			324	118
			325	118
			326	119
			327	119
			328	119
			329	120
			330	120
			331	120
			332	121
			333	121
			334	122
			335	122
			336	122
			337	123
			338	123
			339	123
			340	124
			341	124
			342	125
			343	125
			344	125
			345	126
			346	126
			347	126
			348	127
			349	127
			350	128
			351	128
			352	128
			353	129
			354	129
			355	129
			356	130
			357	130
			358	131
			359	131
			360	131
			361	132
			362	132
			363	133
			364	133
			365	133
			366	134
			367	134
			368	134
			369	135
			370	135
			371	135
			372	136
			373	136
			374	137
			375	137
			376	137
			377	138
			378	138
			379	138
			379	139
			380	139
			381	140
			382	140
			383	141
			384	142
			385	142
			386	142
			386	143
			387	143
			388	143
			389	144
			390	144
			391	145
			392	146
			393	146
			394	146
			394	147
			395	147
			396	148
			397	148
			397	149
			398	149
			399	149
			400	150
			401	150
			401	151
			402	151
			403	151
			404	152
			405	153
			406	153
			407	154
			408	154
			409	155
			410	155
			411	155
			412	156
			413	157
			414	157
			415	158
			416	158
			417	159
			418	159
			419	160
			420	160
			421	161
			422	161
			423	162
			424	162
			425	162
			426	163
			427	163
			428	164
		</dorsal>
		<caudal_dors_ant type=matrix rownames=FALSE colnames=FALSE nrow=37 ncol=2 as.numeric=TRUE >
			428	164
			429	164
			430	164
			431	164
			432	165
			433	165
			434	165
			435	165
			436	165
			437	165
			437	166
			438	166
			439	166
			440	166
			441	166
			442	166
			443	166
			444	166
			445	167
			446	167
			447	167
			448	167
			449	167
			450	167
			451	167
			452	167
			453	167
			454	167
			455	167
			456	168
			457	168
			458	168
			459	168
			460	168
			461	168
			462	168
			463	168
		</caudal_dors_ant>
		<caud_dors_post type=matrix rownames=FALSE colnames=FALSE nrow=20 ncol=2 as.numeric=TRUE >
			463	168
			464	168
			465	167
			466	167
			467	167
			468	166
			469	166
			470	166
			471	165
			472	165
			473	165
			474	164
			475	164
			476	164
			477	163
			478	163
			479	162
			480	162
			481	161
			482	161
		</caud_dors_post>
		<caud_vent_post type=matrix rownames=FALSE colnames=FALSE nrow=24 ncol=2 as.numeric=TRUE >
			484	214
			483	214
			482	213
			481	213
			480	212
			479	212
			478	212
			477	211
			476	211
			475	211
			474	211
			473	210
			472	210
			471	210
			470	210
			469	209
			468	209
			467	209
			466	209
			465	209
			464	208
			463	208
			462	208
			461	208
		</caud_vent_post>
		<caudal_vent_ant type=matrix rownames=FALSE colnames=FALSE nrow=21 ncol=2 as.numeric=TRUE >
			461	208
			460	208
			459	208
			458	208
			457	208
			456	209
			455	209
			454	209
			453	209
			452	209
			451	209
			450	210
			449	210
			448	210
			447	210
			446	211
			445	211
			444	211
			443	211
			442	212
			441	212
		</caudal_vent_ant>
		<anal type=matrix rownames=FALSE colnames=FALSE nrow=130 ncol=2 as.numeric=TRUE >
			441	212
			440	213
			439	214
			438	215
			437	216
			436	216
			435	217
			434	218
			433	219
			432	219
			431	220
			430	220
			429	221
			429	222
			428	222
			427	223
			426	223
			425	224
			424	225
			423	226
			422	226
			421	227
			420	228
			419	228
			418	229
			417	230
			416	230
			415	231
			414	231
			413	232
			412	233
			411	234
			410	234
			409	235
			408	235
			407	236
			406	236
			405	237
			404	238
			403	238
			402	239
			401	239
			400	240
			399	240
			398	241
			397	241
			396	242
			395	242
			394	243
			393	243
			392	244
			391	244
			390	245
			389	245
			388	245
			387	246
			386	246
			385	247
			384	247
			383	248
			382	248
			381	248
			380	249
			379	249
			378	249
			377	250
			376	250
			375	251
			374	251
			373	251
			372	252
			371	252
			370	252
			369	253
			368	253
			367	253
			366	253
			365	254
			364	254
			363	255
			362	255
			361	255
			360	256
			359	256
			358	257
			357	257
			356	257
			355	258
			354	258
			353	258
			352	259
			351	259
			350	259
			349	260
			348	260
			347	260
			346	260
			345	261
			344	261
			343	261
			342	261
			341	262
			340	262
			339	262
			338	262
			337	263
			336	263
			335	263
			334	263
			333	263
			332	264
			331	264
			330	264
			329	264
			328	264
			327	264
			326	264
			325	264
			324	264
			323	265
			322	265
			321	265
			320	265
			319	265
			318	265
			317	265
			316	265
			315	265
			314	265
			313	265
		</anal>
		<ventral_body type=matrix rownames=FALSE colnames=FALSE nrow=348 ncol=2 as.numeric=TRUE >
			313	265
			312	266
			311	266
			310	267
			310	268
			309	269
			308	269
			307	270
			306	271
			305	272
			304	273
			303	274
			302	275
			301	276
			300	277
			299	278
			298	279
			297	280
			296	281
			295	282
			294	283
			293	284
			292	285
			291	286
			290	287
			290	288
			289	288
			288	289
			288	290
			287	291
			286	292
			285	292
			285	293
			284	294
			283	295
			283	296
			282	296
			281	297
			280	298
			280	299
			279	300
			278	301
			277	302
			277	303
			276	304
			276	305
			275	306
			275	307
			274	308
			274	309
			273	310
			272	311
			272	312
			271	313
			271	314
			270	315
			269	316
			269	317
			268	318
			268	319
			267	320
			267	321
			266	322
			266	323
			265	324
			264	325
			264	326
			263	327
			263	328
			262	329
			261	330
			261	331
			260	332
			259	333
			259	334
			258	335
			258	336
			257	337
			256	338
			256	339
			255	340
			255	341
			254	342
			254	343
			253	343
			252	344
			252	345
			251	346
			251	347
			250	348
			249	349
			249	350
			248	351
			247	352
			247	353
			246	353
			246	354
			245	355
			244	356
			243	357
			242	358
			241	359
			241	360
			240	361
			239	361
			238	362
			237	362
			236	362
			235	363
			234	363
			233	363
			232	363
			231	364
			230	364
			229	364
			228	364
			227	364
			226	364
			225	364
			224	364
			223	364
			222	364
			221	364
			220	364
			219	364
			218	364
			217	364
			216	364
			215	364
			214	364
			213	364
			212	363
			211	363
			210	363
			209	363
			208	363
			207	363
			206	362
			205	362
			204	362
			203	362
			202	361
			201	361
			200	361
			199	360
			198	360
			197	360
			196	360
			195	359
			194	359
			193	359
			192	358
			191	358
			190	357
			189	357
			188	357
			187	356
			186	356
			185	356
			184	355
			183	355
			182	354
			181	354
			180	353
			179	353
			178	352
			177	352
			176	351
			175	351
			174	350
			173	350
			172	349
			171	348
			170	347
			169	347
			169	346
			168	345
			167	345
			167	344
			166	343
			165	342
			164	342
			164	341
			163	340
			162	340
			162	339
			161	338
			160	338
			159	337
			159	336
			158	336
			157	335
			157	334
			156	333
			155	333
			154	332
			154	331
			153	331
			152	330
			152	329
			151	329
			150	328
			150	327
			149	327
			148	326
			147	325
			146	324
			145	323
			144	322
			143	321
			142	320
			141	319
			140	318
			139	317
			138	316
			137	315
			136	314
			135	313
			134	312
			133	311
			132	310
			131	309
			130	308
			129	307
			128	306
			127	305
			126	304
			125	304
			124	303
			123	302
			122	301
			121	300
			121	299
			120	298
			119	297
			118	296
			117	295
			116	294
			115	293
			114	292
			113	291
			112	290
			111	290
			110	289
			109	288
			108	287
			108	286
			107	285
			106	284
			105	283
			104	282
			103	281
			102	280
			101	279
			100	279
			99	278
			99	277
			98	276
			97	275
			96	274
			95	273
			94	272
			93	271
			92	271
			91	270
			91	269
			90	268
			89	267
			88	266
			87	265
			86	264
			85	263
			84	262
			83	261
			82	260
			81	259
			80	258
			79	257
			78	256
			77	255
			77	254
			76	253
			75	253
			74	252
			73	251
			73	250
			72	249
			71	249
			70	248
			70	247
			69	246
			68	245
			67	245
			67	244
			66	243
			65	242
			64	242
			64	241
			63	240
			62	239
			61	238
			60	237
			59	236
			59	235
			58	234
			57	234
			56	233
			55	232
			55	231
			54	230
			53	230
			53	229
			52	228
			51	227
			50	226
			49	225
			48	224
			47	223
			46	222
			45	221
			45	220
			44	219
			43	219
			43	218
			42	217
			41	216
			41	215
			40	214
			40	213
			39	212
			39	211
			39	210
			38	209
			38	208
			38	207
			37	206
			37	205
			37	204
			37	203
			36	202
			36	201
			36	200
			36	199
			35	198
			35	197
			35	196
			35	195
			35	194
		</ventral_body>
		<operculum type=matrix rownames=FALSE colnames=FALSE nrow=26 ncol=2 as.numeric=TRUE >
			136	214
			136	213
			137	212
			137	211
			138	210
			139	209
			139	208
			140	207
			141	206
			141	205
			142	204
			143	203
			144	202
			145	201
			146	200
			147	199
			148	198
			149	197
			150	197
			150	196
			151	196
			152	195
			153	195
			153	194
			154	194
			155	193
		</operculum>
	</curves.pixel>
</shapes>

