<shapes type=list>
	<scaling type=logical names=FALSE length=1 as.numeric=FALSE >NA</scaling>
	<landmarks.pixel type=matrix rownames=TRUE colnames=FALSE nrow=17 ncol=2 as.numeric=TRUE >
		pectoral_dors	194	220
		pectoral_vent	196	262
		premax_post	52	215
		eye_ant	134	137
		eye_post	167	133
		upper_jaw	36	202
		dorsal_ant	313	105
		dorsal_post	435	206
		caud_pedunc_dors	453	213
		caud_scale_dors	485	203
		caud_scale_vent	485	274
		caud_pedunc_vent	455	256
		anal_post	432	263
		anal_ant	314	324
		lower_jaw	36	224
		operc_vent	174	230
		oper_dor	190	181
	</landmarks.pixel>
	<curves.control type=list>
		<head type=matrix rownames=FALSE colnames=FALSE nrow=11 ncol=2 as.numeric=TRUE >
			36	202
			44	195
			59	181
			64	172
			107	137
			146	113
			189	103
			236	102
			284	106
			301	107
			313	105
		</head>
		<dorsal type=matrix rownames=FALSE colnames=FALSE nrow=5 ncol=2 as.numeric=TRUE >
			313	105
			343	116
			383	145
			407	169
			435	206
		</dorsal>
		<caudal_dors_ant type=matrix rownames=FALSE colnames=FALSE nrow=3 ncol=2 as.numeric=TRUE >
			435	206
			444	211
			453	213
		</caudal_dors_ant>
		<caud_dors_post type=matrix rownames=FALSE colnames=FALSE nrow=3 ncol=2 as.numeric=TRUE >
			453	213
			470	204
			485	203
		</caud_dors_post>
		<caud_vent_post type=matrix rownames=FALSE colnames=FALSE nrow=3 ncol=2 as.numeric=TRUE >
			485	274
			468	268
			455	256
		</caud_vent_post>
		<caudal_vent_ant type=matrix rownames=FALSE colnames=FALSE nrow=3 ncol=2 as.numeric=TRUE >
			455	256
			444	258
			432	263
		</caudal_vent_ant>
		<anal type=matrix rownames=FALSE colnames=FALSE nrow=3 ncol=2 as.numeric=TRUE >
			432	263
			382	310
			314	324
		</anal>
		<ventral_body type=matrix rownames=FALSE colnames=FALSE nrow=11 ncol=2 as.numeric=TRUE >
			314	324
			303	328
			300	337
			282	354
			267	367
			231	363
			162	329
			116	300
			71	266
			45	241
			36	224
		</ventral_body>
		<operculum type=matrix rownames=FALSE colnames=FALSE nrow=5 ncol=2 as.numeric=TRUE >
			174	230
			175	216
			179	200
			183	188
			190	181
		</operculum>
	</curves.control>
	<curves.pixel type=list>
		<head type=matrix rownames=FALSE colnames=FALSE nrow=288 ncol=2 as.numeric=TRUE >
			36	202
			37	202
			37	201
			38	201
			38	200
			39	200
			39	199
			40	198
			41	198
			41	197
			42	197
			43	196
			44	195
			45	194
			46	193
			47	192
			48	191
			49	190
			50	189
			51	188
			52	187
			53	186
			54	185
			55	184
			56	183
			57	182
			58	182
			59	181
			59	180
			60	179
			61	178
			62	177
			63	176
			64	175
			65	174
			66	173
			67	172
			68	171
			69	170
			70	169
			71	168
			72	167
			73	166
			74	165
			75	164
			76	163
			77	162
			78	161
			79	160
			80	160
			80	159
			81	159
			82	158
			83	157
			84	156
			85	155
			86	155
			87	154
			88	153
			89	152
			90	151
			91	150
			92	150
			93	149
			94	148
			95	147
			96	146
			97	145
			98	144
			99	143
			100	143
			101	142
			102	141
			103	140
			104	139
			105	138
			106	138
			107	137
			108	136
			109	136
			109	135
			110	135
			111	135
			112	134
			113	134
			114	133
			115	132
			116	132
			117	131
			118	130
			119	130
			120	129
			121	129
			122	128
			123	128
			124	127
			125	127
			126	126
			127	126
			128	125
			129	125
			130	124
			131	124
			132	123
			133	123
			134	122
			135	122
			136	121
			137	121
			138	120
			139	120
			140	119
			141	119
			142	119
			143	118
			144	118
			145	117
			146	117
			147	116
			148	116
			149	116
			150	115
			151	115
			152	114
			153	114
			154	114
			155	113
			156	113
			157	113
			158	112
			159	112
			160	111
			161	111
			162	111
			163	110
			164	110
			165	110
			166	110
			166	109
			167	109
			168	109
			169	108
			170	108
			171	108
			172	108
			173	107
			174	107
			175	107
			176	106
			177	106
			178	106
			179	106
			179	105
			180	105
			181	105
			182	105
			183	104
			184	104
			185	104
			186	104
			187	104
			187	103
			188	103
			189	103
			190	103
			191	103
			192	103
			193	103
			194	103
			195	103
			196	103
			197	103
			198	103
			199	103
			200	103
			201	103
			202	103
			203	103
			204	103
			205	103
			206	103
			207	103
			208	103
			209	103
			210	103
			211	103
			212	103
			213	103
			214	103
			215	103
			216	103
			217	103
			218	103
			219	103
			220	103
			221	103
			222	103
			223	103
			224	103
			225	103
			226	103
			227	103
			228	103
			229	103
			230	103
			231	103
			232	103
			233	103
			234	103
			235	103
			236	103
			237	103
			238	103
			239	103
			240	103
			241	103
			242	103
			243	103
			244	104
			245	104
			246	104
			247	104
			248	104
			249	104
			250	104
			251	104
			252	104
			253	104
			254	104
			255	104
			256	104
			257	104
			258	104
			259	104
			260	104
			261	104
			262	104
			263	104
			264	105
			265	105
			266	105
			267	105
			268	105
			269	105
			270	105
			271	105
			272	105
			273	105
			274	105
			275	105
			276	105
			277	105
			278	106
			279	106
			280	106
			281	106
			282	106
			283	106
			284	106
			285	106
			286	106
			287	106
			288	106
			289	106
			290	106
			291	106
			292	106
			293	106
			294	106
			295	106
			296	106
			297	106
			298	106
			299	106
			300	106
			301	106
			302	106
			303	106
			304	106
			305	106
			306	106
			307	106
			308	106
			309	106
			310	105
			311	105
			312	105
			313	105
		</head>
		<dorsal type=matrix rownames=FALSE colnames=FALSE nrow=137 ncol=2 as.numeric=TRUE >
			313	105
			314	105
			314	106
			315	106
			316	106
			317	106
			318	107
			319	107
			320	108
			321	108
			322	109
			323	109
			324	109
			325	110
			326	110
			327	111
			328	111
			329	112
			330	113
			331	113
			332	113
			333	114
			334	114
			335	115
			336	115
			337	116
			338	116
			339	117
			340	117
			341	118
			342	118
			342	119
			343	119
			344	120
			345	120
			346	121
			347	121
			348	122
			349	122
			350	123
			351	123
			352	124
			352	125
			353	125
			354	126
			355	126
			356	127
			357	127
			358	128
			359	129
			360	129
			361	130
			362	130
			363	131
			364	132
			365	132
			366	133
			367	134
			368	134
			369	135
			370	136
			371	136
			372	137
			373	138
			374	138
			375	139
			376	140
			377	140
			378	141
			379	142
			380	143
			381	143
			382	144
			383	145
			384	146
			385	147
			386	148
			387	149
			388	150
			389	151
			390	152
			391	153
			392	154
			393	155
			394	156
			395	157
			396	158
			396	159
			397	160
			398	161
			399	162
			400	163
			401	164
			402	165
			403	166
			404	167
			404	168
			405	168
			405	169
			406	170
			407	171
			408	172
			409	173
			410	174
			410	175
			411	176
			412	177
			413	178
			414	179
			415	180
			416	181
			416	182
			417	183
			418	184
			418	185
			419	185
			419	186
			420	187
			421	188
			422	189
			423	190
			423	191
			424	192
			425	193
			426	194
			427	195
			427	196
			428	197
			429	198
			430	199
			430	200
			431	201
			432	202
			433	203
			434	204
			434	205
			435	206
		</dorsal>
		<caudal_dors_ant type=matrix rownames=FALSE colnames=FALSE nrow=20 ncol=2 as.numeric=TRUE >
			435	206
			436	207
			437	207
			438	207
			439	208
			440	208
			441	209
			442	209
			442	210
			443	210
			444	210
			445	211
			446	211
			447	211
			448	212
			449	212
			450	212
			451	212
			452	213
			453	213
		</caudal_dors_ant>
		<caud_dors_post type=matrix rownames=FALSE colnames=FALSE nrow=34 ncol=2 as.numeric=TRUE >
			453	213
			454	212
			455	212
			456	211
			457	211
			458	211
			459	210
			460	210
			461	209
			462	209
			463	208
			464	208
			465	208
			466	207
			467	207
			468	207
			469	206
			470	206
			471	206
			471	205
			472	205
			473	205
			474	205
			475	204
			476	204
			477	204
			478	204
			479	204
			480	204
			481	203
			482	203
			483	203
			484	203
			485	203
		</caud_dors_post>
		<caud_vent_post type=matrix rownames=FALSE colnames=FALSE nrow=33 ncol=2 as.numeric=TRUE >
			485	274
			484	274
			483	273
			482	273
			481	273
			480	272
			479	272
			478	271
			477	271
			476	270
			475	270
			474	269
			473	269
			472	268
			471	268
			470	267
			469	266
			468	266
			467	265
			466	265
			466	264
			465	264
			464	263
			463	262
			462	262
			461	261
			460	261
			460	260
			459	259
			458	259
			457	258
			456	257
			455	256
		</caud_vent_post>
		<caudal_vent_ant type=matrix rownames=FALSE colnames=FALSE nrow=24 ncol=2 as.numeric=TRUE >
			455	256
			454	256
			453	256
			452	257
			451	257
			450	257
			449	257
			448	258
			447	258
			446	258
			445	258
			444	259
			443	259
			442	259
			441	260
			440	260
			439	260
			438	261
			437	261
			436	262
			435	262
			434	262
			433	263
			432	263
		</caudal_vent_ant>
		<anal type=matrix rownames=FALSE colnames=FALSE nrow=121 ncol=2 as.numeric=TRUE >
			432	263
			431	264
			430	265
			429	266
			428	267
			427	268
			426	268
			425	269
			424	270
			423	271
			422	272
			421	273
			420	274
			419	275
			418	275
			417	276
			416	277
			415	278
			414	278
			413	279
			412	280
			411	281
			410	282
			409	282
			408	283
			407	284
			406	285
			405	285
			404	286
			403	287
			402	287
			401	288
			400	289
			399	289
			398	290
			397	291
			396	291
			395	292
			394	292
			393	293
			392	294
			391	294
			390	295
			389	295
			389	296
			388	296
			387	296
			386	297
			385	298
			384	298
			383	299
			382	299
			381	300
			380	300
			379	301
			378	301
			377	302
			376	302
			376	303
			375	303
			374	304
			373	304
			372	305
			371	305
			370	306
			369	306
			368	306
			367	307
			366	307
			365	308
			364	308
			363	309
			362	309
			361	309
			360	310
			359	310
			358	311
			357	311
			356	311
			355	312
			354	312
			353	313
			352	313
			351	313
			350	314
			349	314
			348	315
			347	315
			346	315
			345	316
			344	316
			343	316
			342	317
			341	317
			340	317
			339	318
			338	318
			337	318
			336	319
			335	319
			334	319
			333	319
			332	320
			331	320
			330	320
			329	320
			328	321
			327	321
			326	321
			325	322
			324	322
			323	322
			322	322
			321	322
			320	323
			319	323
			318	323
			317	323
			316	324
			315	324
			314	324
		</anal>
		<ventral_body type=matrix rownames=FALSE colnames=FALSE nrow=301 ncol=2 as.numeric=TRUE >
			314	324
			313	324
			312	325
			311	325
			310	326
			309	326
			308	327
			307	328
			306	328
			305	329
			304	330
			304	331
			303	332
			302	333
			301	334
			301	335
			300	336
			300	337
			299	338
			298	339
			297	340
			296	341
			295	341
			294	342
			293	343
			293	344
			292	345
			291	346
			290	346
			289	347
			288	348
			287	349
			287	350
			286	350
			285	351
			284	352
			283	353
			282	353
			282	354
			281	355
			280	356
			279	356
			278	357
			277	358
			277	359
			276	359
			275	360
			274	361
			273	361
			273	362
			272	363
			271	363
			270	364
			270	365
			269	365
			268	366
			267	367
			266	367
			265	367
			264	367
			263	367
			263	366
			262	366
			261	366
			260	366
			259	366
			258	366
			257	365
			256	365
			255	365
			254	365
			253	365
			252	364
			251	364
			250	364
			249	364
			248	364
			247	363
			246	363
			245	363
			244	362
			243	362
			242	362
			241	361
			240	361
			239	361
			238	361
			237	360
			236	360
			235	360
			234	359
			233	359
			232	359
			231	359
			231	358
			230	358
			229	358
			228	357
			227	357
			226	357
			225	356
			224	356
			223	356
			222	355
			221	355
			220	354
			219	354
			218	354
			217	353
			216	353
			215	352
			214	352
			213	352
			212	351
			211	351
			210	351
			210	350
			209	350
			208	350
			207	349
			206	349
			205	349
			204	348
			203	348
			202	347
			201	347
			200	346
			199	346
			198	346
			197	345
			196	345
			195	344
			194	344
			193	344
			192	343
			191	343
			190	342
			189	342
			188	341
			187	341
			186	340
			185	340
			184	339
			183	339
			182	338
			181	338
			180	337
			179	337
			178	337
			177	336
			176	336
			175	335
			174	335
			173	334
			172	334
			171	333
			170	333
			169	332
			168	332
			167	331
			166	331
			165	330
			164	330
			163	329
			162	329
			161	329
			161	328
			160	328
			159	327
			158	327
			157	326
			156	325
			155	324
			154	324
			153	323
			152	323
			152	322
			151	322
			150	321
			149	321
			149	320
			148	320
			147	319
			146	319
			145	318
			144	317
			143	317
			142	316
			141	316
			140	315
			139	314
			138	314
			137	313
			136	312
			135	311
			134	311
			133	310
			132	309
			131	309
			130	308
			129	308
			128	307
			127	306
			126	305
			125	305
			124	304
			123	303
			122	303
			121	302
			120	301
			119	301
			118	300
			117	299
			116	299
			115	298
			114	297
			113	297
			112	296
			111	295
			110	294
			109	294
			108	293
			107	292
			106	292
			105	291
			104	290
			103	289
			102	289
			101	288
			100	287
			99	286
			98	286
			97	285
			96	284
			95	284
			94	283
			93	282
			92	281
			91	281
			90	280
			89	279
			88	279
			87	278
			86	277
			85	276
			84	276
			83	275
			82	274
			81	274
			80	273
			79	272
			78	271
			77	271
			76	270
			75	269
			74	268
			73	268
			72	267
			71	266
			70	265
			69	264
			68	263
			67	262
			66	261
			65	260
			64	259
			63	258
			62	257
			61	256
			60	255
			59	254
			58	253
			57	252
			56	251
			55	250
			54	249
			53	248
			52	247
			52	246
			51	245
			50	244
			49	243
			49	242
			48	241
			47	240
			46	239
			45	238
			44	237
			43	236
			43	235
			42	234
			41	233
			41	232
			40	231
			39	230
			39	229
			38	228
			38	227
			37	226
			37	225
			36	224
		</ventral_body>
		<operculum type=matrix rownames=FALSE colnames=FALSE nrow=50 ncol=2 as.numeric=TRUE >
			174	230
			174	229
			174	228
			174	227
			174	226
			174	225
			175	224
			175	223
			175	222
			175	221
			175	220
			175	219
			175	218
			175	217
			176	216
			176	215
			176	214
			176	213
			176	212
			177	211
			177	210
			177	209
			177	208
			177	207
			178	206
			178	205
			178	204
			178	203
			179	202
			179	201
			179	200
			179	199
			180	198
			180	197
			181	196
			181	195
			181	194
			182	193
			182	192
			183	191
			183	190
			184	189
			184	188
			185	187
			186	186
			187	185
			187	184
			188	183
			189	182
			190	181
		</operculum>
	</curves.pixel>
</shapes>

