<shapes type=list>
	<scaling type=logical names=FALSE length=1 as.numeric=FALSE >NA</scaling>
	<landmarks.pixel type=matrix rownames=TRUE colnames=FALSE nrow=17 ncol=2 as.numeric=TRUE >
		pectoral_dors	326	174
		pectoral_vent	358	224
		premax_post	38	168
		eye_ant	151	118
		eye_post	239	107
		upper_jaw	25	166
		dorsal_ant	592	101
		dorsal_post	633	119
		caud_pedunc_dors	761	144
		caud_scale_dors	823	141
		caud_scale_vent	824	191
		caud_pedunc_vent	768	200
		anal_post	703	221
		anal_ant	655	232
		lower_jaw	28	181
		operc_vent	349	221
		oper_dor	313	151
	</landmarks.pixel>
	<curves.control type=list>
		<head type=matrix rownames=FALSE colnames=FALSE nrow=11 ncol=2 as.numeric=TRUE >
			25	166
			42	149
			84	118
			130	90
			190	65
			226	56
			243	63
			288	64
			384	66
			476	77
			592	101
		</head>
		<dorsal type=matrix rownames=FALSE colnames=FALSE nrow=3 ncol=2 as.numeric=TRUE >
			592	101
			617	111
			633	119
		</dorsal>
		<caudal_dors_ant type=matrix rownames=FALSE colnames=FALSE nrow=3 ncol=2 as.numeric=TRUE >
			633	119
			675	120
			761	144
		</caudal_dors_ant>
		<caud_dors_post type=matrix rownames=FALSE colnames=FALSE nrow=3 ncol=2 as.numeric=TRUE >
			761	144
			788	145
			823	141
		</caud_dors_post>
		<caud_vent_post type=matrix rownames=FALSE colnames=FALSE nrow=3 ncol=2 as.numeric=TRUE >
			824	191
			793	194
			768	200
		</caud_vent_post>
		<caudal_vent_ant type=matrix rownames=FALSE colnames=FALSE nrow=3 ncol=2 as.numeric=TRUE >
			768	200
			733	212
			703	221
		</caudal_vent_ant>
		<anal type=matrix rownames=FALSE colnames=FALSE nrow=3 ncol=2 as.numeric=TRUE >
			703	221
			677	226
			655	232
		</anal>
		<ventral_body type=matrix rownames=FALSE colnames=FALSE nrow=11 ncol=2 as.numeric=TRUE >
			655	232
			611	243
			485	249
			349	250
			260	247
			192	245
			132	238
			83	234
			58	226
			37	194
			28	181
		</ventral_body>
		<operculum type=matrix rownames=FALSE colnames=FALSE nrow=5 ncol=2 as.numeric=TRUE >
			349	221
			326	204
			308	183
			304	165
			313	151
		</operculum>
	</curves.control>
	<curves.pixel type=list>
		<head type=matrix rownames=FALSE colnames=FALSE nrow=580 ncol=2 as.numeric=TRUE >
			25	166
			26	165
			27	164
			28	163
			29	162
			30	161
			31	160
			32	160
			33	159
			34	158
			34	157
			35	156
			36	156
			37	155
			38	154
			39	153
			40	152
			41	151
			42	150
			43	149
			44	149
			45	148
			46	147
			47	147
			48	146
			49	145
			50	144
			51	143
			52	142
			53	141
			54	141
			55	140
			56	139
			57	138
			58	137
			59	137
			60	136
			61	136
			62	135
			63	134
			63	133
			64	133
			65	132
			66	131
			67	131
			68	130
			69	129
			70	129
			71	128
			72	127
			73	126
			74	126
			75	125
			76	124
			77	124
			77	123
			78	122
			79	121
			80	121
			81	120
			82	120
			83	119
			84	118
			85	117
			86	117
			87	116
			88	116
			89	115
			90	114
			91	114
			92	113
			93	112
			94	112
			95	111
			96	111
			97	110
			98	109
			99	109
			100	109
			100	108
			101	108
			102	108
			102	107
			103	107
			104	106
			105	106
			106	105
			107	105
			108	104
			109	103
			110	103
			111	102
			112	102
			113	101
			114	101
			115	100
			116	100
			117	99
			118	99
			119	98
			120	97
			121	97
			122	97
			122	96
			123	96
			124	96
			125	95
			126	95
			127	94
			128	93
			129	93
			130	93
			131	92
			132	92
			132	91
			133	91
			134	90
			135	90
			136	90
			137	89
			138	89
			138	88
			139	88
			140	87
			141	87
			142	87
			143	86
			144	86
			144	85
			145	85
			146	85
			147	84
			148	84
			149	83
			150	83
			151	82
			152	82
			153	81
			154	81
			155	80
			156	80
			157	79
			158	79
			159	78
			160	78
			161	78
			161	77
			162	77
			163	77
			164	76
			165	76
			166	75
			167	75
			168	74
			169	74
			170	74
			171	73
			172	73
			173	72
			174	72
			175	71
			176	71
			177	71
			178	70
			179	70
			180	69
			181	69
			182	69
			183	68
			184	68
			185	67
			186	67
			187	66
			188	66
			189	66
			190	65
			191	65
			192	64
			193	64
			194	64
			195	64
			196	64
			197	63
			198	63
			199	63
			200	63
			201	63
			202	62
			203	62
			204	62
			205	62
			206	62
			207	61
			208	61
			209	61
			210	61
			211	61
			212	61
			213	61
			214	60
			215	60
			216	60
			217	60
			218	60
			219	60
			220	60
			221	60
			222	60
			223	60
			224	60
			225	60
			226	60
			227	60
			228	60
			229	60
			230	60
			231	60
			232	60
			233	60
			234	61
			235	61
			236	61
			237	61
			238	61
			239	62
			240	62
			241	62
			242	63
			243	63
			244	63
			245	63
			246	63
			247	63
			248	63
			249	63
			250	63
			251	63
			252	63
			253	63
			254	63
			255	63
			256	63
			257	63
			258	63
			259	63
			260	63
			261	63
			262	63
			263	63
			264	63
			265	63
			266	64
			267	64
			268	64
			269	64
			270	64
			271	64
			272	64
			273	64
			274	64
			275	64
			276	64
			277	64
			278	64
			279	64
			280	64
			281	64
			282	64
			283	64
			284	64
			285	64
			286	64
			287	64
			288	64
			289	64
			290	64
			291	64
			292	64
			293	64
			294	64
			295	64
			296	64
			297	64
			298	64
			299	64
			300	64
			301	64
			302	64
			303	64
			304	64
			305	64
			306	64
			307	64
			308	64
			309	64
			310	64
			311	64
			312	64
			313	65
			314	65
			315	65
			316	65
			317	65
			318	65
			319	65
			320	65
			321	65
			322	65
			323	65
			324	65
			325	65
			326	65
			327	65
			328	65
			329	65
			330	65
			331	65
			332	65
			333	65
			334	65
			335	65
			336	65
			337	65
			338	65
			339	65
			340	65
			341	65
			342	65
			343	65
			344	65
			345	65
			346	65
			347	65
			348	65
			349	65
			350	65
			351	65
			352	65
			353	65
			354	65
			355	65
			356	65
			357	65
			358	65
			359	65
			360	66
			361	66
			362	66
			363	66
			364	66
			365	66
			366	66
			367	66
			368	66
			369	66
			370	66
			371	66
			372	66
			373	66
			374	66
			375	66
			376	66
			377	66
			378	66
			379	66
			380	66
			381	66
			382	66
			383	66
			384	66
			385	66
			386	66
			387	66
			388	66
			388	67
			389	67
			390	67
			391	67
			392	67
			393	67
			394	67
			395	67
			396	67
			397	68
			398	68
			399	68
			400	68
			401	68
			402	68
			403	68
			404	68
			405	69
			406	69
			407	69
			408	69
			409	69
			410	69
			411	69
			412	70
			413	70
			414	70
			415	70
			416	70
			417	70
			418	70
			419	70
			420	71
			421	71
			422	71
			423	71
			424	71
			425	71
			426	71
			427	72
			428	72
			429	72
			430	72
			431	72
			432	72
			433	72
			434	73
			435	73
			436	73
			437	73
			438	73
			439	73
			440	74
			441	74
			442	74
			443	74
			444	74
			445	74
			446	74
			447	75
			448	75
			449	75
			450	75
			451	75
			452	75
			453	76
			454	76
			455	76
			456	76
			457	76
			458	76
			459	77
			460	77
			461	77
			462	77
			463	77
			464	77
			465	77
			466	78
			467	78
			468	78
			469	78
			470	78
			471	78
			472	79
			473	79
			474	79
			475	79
			476	79
			477	79
			478	80
			479	80
			480	80
			481	80
			482	80
			483	80
			484	81
			485	81
			486	81
			487	81
			488	81
			489	81
			490	82
			491	82
			492	82
			493	82
			494	82
			495	82
			496	83
			497	83
			498	83
			499	83
			500	83
			501	83
			502	84
			503	84
			504	84
			505	84
			506	84
			507	85
			508	85
			509	85
			510	85
			511	85
			512	85
			513	86
			514	86
			515	86
			516	86
			517	86
			518	86
			519	87
			520	87
			521	87
			522	87
			523	87
			524	88
			525	88
			526	88
			527	88
			528	88
			529	89
			530	89
			531	89
			532	89
			533	89
			534	89
			535	90
			536	90
			537	90
			538	90
			539	90
			540	91
			541	91
			542	91
			543	91
			544	91
			545	92
			546	92
			547	92
			548	92
			549	92
			550	93
			551	93
			552	93
			553	93
			554	93
			555	94
			556	94
			557	94
			558	94
			559	94
			560	95
			561	95
			562	95
			563	95
			564	95
			565	96
			566	96
			567	96
			568	96
			569	96
			570	97
			571	97
			572	97
			573	97
			574	97
			575	97
			575	98
			576	98
			577	98
			578	98
			579	98
			580	99
			581	99
			582	99
			583	99
			584	99
			585	99
			586	100
			587	100
			588	100
			589	100
			590	101
			591	101
			592	101
		</head>
		<dorsal type=matrix rownames=FALSE colnames=FALSE nrow=46 ncol=2 as.numeric=TRUE >
			592	101
			593	101
			594	102
			595	102
			596	103
			597	103
			598	103
			599	104
			600	104
			601	105
			602	105
			603	105
			603	106
			604	106
			605	106
			606	107
			607	107
			608	108
			609	108
			610	108
			610	109
			611	109
			612	109
			613	110
			614	110
			615	110
			615	111
			616	111
			617	111
			618	112
			619	112
			620	113
			621	113
			622	114
			623	114
			624	114
			624	115
			625	115
			626	116
			627	116
			628	116
			629	117
			630	118
			631	118
			632	118
			633	119
		</dorsal>
		<caudal_dors_ant type=matrix rownames=FALSE colnames=FALSE nrow=130 ncol=2 as.numeric=TRUE >
			633	119
			634	119
			635	119
			636	119
			637	119
			638	119
			639	119
			640	119
			641	119
			642	119
			643	120
			644	120
			645	120
			646	120
			647	120
			648	120
			649	120
			650	120
			651	120
			652	120
			653	120
			654	121
			655	121
			656	121
			657	121
			658	121
			659	121
			660	121
			661	122
			662	122
			663	122
			664	122
			665	122
			666	122
			667	122
			668	123
			669	123
			670	123
			671	123
			672	123
			673	123
			674	124
			675	124
			676	124
			677	124
			678	124
			679	124
			680	125
			681	125
			682	125
			683	125
			684	125
			685	126
			686	126
			687	126
			688	126
			689	126
			690	127
			691	127
			692	127
			693	127
			694	127
			695	128
			696	128
			697	128
			698	128
			699	128
			700	129
			701	129
			702	129
			703	129
			704	130
			705	130
			706	130
			707	130
			708	130
			709	131
			710	131
			711	131
			712	131
			713	132
			714	132
			715	132
			716	132
			717	133
			718	133
			719	133
			720	133
			721	133
			721	134
			722	134
			723	134
			724	134
			725	135
			726	135
			727	135
			728	135
			729	136
			730	136
			731	136
			732	136
			733	137
			734	137
			735	137
			736	137
			737	138
			738	138
			739	138
			740	138
			741	139
			742	139
			743	139
			744	139
			745	140
			746	140
			747	140
			748	140
			749	141
			750	141
			751	141
			752	142
			753	142
			754	142
			755	142
			756	143
			757	143
			758	143
			759	144
			760	144
			761	144
		</caudal_dors_ant>
		<caud_dors_post type=matrix rownames=FALSE colnames=FALSE nrow=63 ncol=2 as.numeric=TRUE >
			761	144
			762	144
			763	144
			764	144
			765	144
			766	144
			767	144
			768	144
			769	144
			770	144
			771	144
			772	144
			773	144
			774	144
			775	144
			776	144
			777	144
			778	144
			779	144
			780	144
			781	144
			782	144
			783	144
			784	144
			785	144
			786	144
			787	144
			788	144
			789	144
			790	144
			791	144
			792	144
			793	144
			794	144
			795	143
			796	143
			797	143
			798	143
			799	143
			800	143
			801	143
			802	143
			803	143
			804	143
			805	143
			806	143
			807	143
			808	143
			809	142
			810	142
			811	142
			812	142
			813	142
			814	142
			815	142
			816	142
			817	142
			818	142
			819	141
			820	141
			821	141
			822	141
			823	141
		</caud_dors_post>
		<caud_vent_post type=matrix rownames=FALSE colnames=FALSE nrow=57 ncol=2 as.numeric=TRUE >
			824	191
			823	191
			822	191
			821	191
			820	191
			819	192
			818	192
			817	192
			816	192
			815	192
			814	192
			813	192
			812	192
			811	192
			810	193
			809	193
			808	193
			807	193
			806	193
			805	193
			804	193
			803	194
			802	194
			801	194
			800	194
			799	194
			798	194
			797	194
			796	195
			795	195
			794	195
			793	195
			792	195
			791	195
			790	195
			789	196
			788	196
			787	196
			786	196
			785	196
			784	197
			783	197
			782	197
			781	197
			780	197
			779	198
			778	198
			777	198
			776	198
			775	198
			774	199
			773	199
			772	199
			771	199
			770	200
			769	200
			768	200
		</caud_vent_post>
		<caudal_vent_ant type=matrix rownames=FALSE colnames=FALSE nrow=67 ncol=2 as.numeric=TRUE >
			768	200
			767	200
			766	201
			765	201
			764	201
			763	202
			762	202
			761	202
			760	203
			759	203
			758	203
			757	204
			756	204
			755	204
			754	205
			753	205
			752	205
			751	206
			750	206
			749	206
			748	207
			747	207
			746	207
			745	208
			744	208
			743	208
			742	209
			741	209
			740	209
			739	210
			738	210
			737	210
			736	211
			735	211
			734	211
			733	212
			732	212
			731	212
			730	213
			729	213
			728	213
			727	214
			726	214
			725	214
			724	214
			723	215
			722	215
			721	216
			720	216
			719	216
			718	216
			717	217
			716	217
			715	217
			714	218
			713	218
			712	218
			711	218
			710	219
			709	219
			708	220
			707	220
			706	220
			705	220
			705	221
			704	221
			703	221
		</caudal_vent_ant>
		<anal type=matrix rownames=FALSE colnames=FALSE nrow=49 ncol=2 as.numeric=TRUE >
			703	221
			702	221
			701	221
			700	222
			699	222
			698	222
			697	222
			696	222
			695	223
			694	223
			693	223
			692	223
			691	223
			690	224
			689	224
			688	224
			687	224
			686	225
			685	225
			684	225
			683	225
			682	225
			681	226
			680	226
			679	226
			678	226
			677	227
			676	227
			675	227
			674	227
			673	227
			672	228
			671	228
			670	228
			669	228
			668	229
			667	229
			666	229
			665	229
			664	230
			663	230
			662	230
			661	230
			660	231
			659	231
			658	231
			657	231
			656	232
			655	232
		</anal>
		<ventral_body type=matrix rownames=FALSE colnames=FALSE nrow=647 ncol=2 as.numeric=TRUE >
			655	232
			654	232
			653	233
			652	233
			651	233
			650	233
			649	233
			648	234
			647	234
			646	234
			645	234
			644	234
			643	235
			642	235
			641	235
			640	235
			639	235
			638	236
			637	236
			636	236
			635	236
			634	236
			633	236
			632	237
			631	237
			630	237
			629	237
			628	237
			627	237
			626	237
			626	238
			625	238
			624	238
			623	238
			622	238
			621	238
			620	238
			619	238
			618	239
			617	239
			616	239
			615	239
			614	239
			613	239
			612	239
			611	239
			610	240
			609	240
			608	240
			607	240
			606	240
			605	240
			604	240
			603	240
			602	241
			601	241
			600	241
			599	241
			598	241
			597	241
			596	241
			595	241
			594	241
			593	241
			593	242
			592	242
			591	242
			590	242
			589	242
			588	242
			587	242
			586	242
			585	242
			584	242
			583	243
			582	243
			581	243
			580	243
			579	243
			578	243
			577	243
			576	243
			575	243
			574	243
			573	243
			572	243
			571	244
			570	244
			569	244
			568	244
			567	244
			566	244
			565	244
			564	244
			563	244
			562	244
			561	244
			560	244
			559	245
			558	245
			557	245
			556	245
			555	245
			554	245
			553	245
			552	245
			551	245
			550	245
			549	245
			548	245
			547	245
			546	246
			545	246
			544	246
			543	246
			542	246
			541	246
			540	246
			539	246
			538	246
			537	246
			536	246
			535	246
			534	246
			533	246
			532	246
			531	246
			530	247
			529	247
			528	247
			527	247
			526	247
			525	247
			524	247
			523	247
			522	247
			521	247
			520	247
			519	247
			518	247
			517	247
			516	247
			515	247
			514	247
			513	248
			512	248
			511	248
			510	248
			509	248
			508	248
			507	248
			506	248
			505	248
			504	248
			503	248
			502	248
			501	248
			500	248
			499	248
			498	248
			497	248
			496	248
			495	248
			495	249
			494	249
			493	249
			492	249
			491	249
			490	249
			489	249
			488	249
			487	249
			486	249
			485	249
			484	249
			483	249
			482	249
			481	249
			480	249
			479	249
			478	249
			477	249
			476	249
			475	249
			474	249
			473	249
			472	249
			471	249
			470	249
			469	249
			468	249
			467	249
			466	249
			465	249
			464	249
			463	249
			462	249
			461	249
			460	249
			459	249
			458	249
			457	249
			456	249
			455	249
			454	249
			453	249
			452	249
			451	249
			450	249
			449	249
			448	249
			447	249
			446	249
			445	249
			444	249
			443	249
			442	249
			441	249
			440	249
			439	249
			438	249
			437	249
			436	249
			435	249
			434	249
			433	249
			432	249
			431	249
			430	249
			429	249
			428	249
			427	249
			426	249
			425	249
			424	249
			423	249
			422	249
			421	249
			420	249
			419	249
			418	249
			417	249
			416	249
			415	249
			414	249
			413	249
			412	249
			411	249
			410	249
			409	249
			408	249
			407	249
			406	249
			405	249
			404	249
			403	249
			402	249
			401	249
			400	249
			399	249
			398	249
			397	249
			396	249
			395	249
			394	249
			393	249
			392	249
			391	249
			390	249
			389	249
			388	249
			387	249
			386	249
			385	249
			384	249
			383	249
			382	249
			381	249
			380	249
			379	249
			378	249
			377	249
			376	249
			375	249
			374	249
			373	249
			372	249
			371	249
			370	249
			369	249
			368	249
			367	249
			366	249
			365	249
			364	249
			363	249
			362	249
			361	249
			360	249
			359	249
			358	249
			357	249
			356	249
			355	249
			354	249
			353	249
			352	249
			351	249
			350	249
			349	249
			348	249
			347	249
			346	249
			345	249
			344	249
			343	249
			342	249
			341	249
			340	249
			339	249
			338	249
			337	249
			336	249
			335	249
			334	249
			333	249
			332	249
			331	249
			330	249
			329	249
			328	249
			327	249
			326	249
			325	249
			324	249
			323	249
			322	249
			321	248
			320	248
			319	248
			318	248
			317	248
			316	248
			315	248
			314	248
			313	248
			312	248
			311	248
			310	248
			309	248
			308	248
			307	248
			306	248
			305	248
			304	248
			303	248
			302	248
			301	248
			300	248
			299	248
			298	248
			297	248
			296	248
			295	248
			294	248
			293	248
			292	248
			291	248
			290	248
			289	248
			288	248
			287	248
			286	248
			285	248
			284	248
			283	248
			282	248
			281	248
			280	248
			279	248
			278	248
			277	248
			276	247
			275	247
			274	247
			273	247
			272	247
			271	247
			270	247
			269	247
			268	247
			267	247
			266	247
			265	247
			264	247
			263	247
			262	247
			261	247
			260	247
			259	247
			258	247
			257	247
			256	247
			255	247
			254	247
			253	247
			252	247
			251	247
			250	247
			249	247
			248	247
			247	247
			246	247
			245	246
			244	246
			243	246
			242	246
			241	246
			240	246
			239	246
			238	246
			237	246
			236	246
			235	246
			234	246
			233	246
			232	246
			231	246
			230	246
			229	246
			228	246
			227	246
			226	246
			225	246
			224	246
			223	246
			222	245
			221	245
			220	245
			219	245
			218	245
			217	245
			216	245
			215	245
			214	245
			213	245
			212	245
			211	245
			210	245
			209	245
			208	245
			207	245
			206	245
			205	244
			204	244
			203	244
			202	244
			201	244
			200	244
			199	244
			198	244
			197	244
			196	244
			195	244
			194	244
			193	244
			192	244
			191	244
			190	243
			189	243
			188	243
			187	243
			186	243
			185	243
			184	243
			183	243
			182	243
			181	243
			180	243
			179	243
			178	243
			177	242
			176	242
			175	242
			174	242
			173	242
			172	242
			171	242
			170	242
			169	242
			168	242
			167	242
			166	241
			165	241
			164	241
			163	241
			162	241
			161	241
			160	241
			159	241
			158	241
			157	241
			156	241
			155	240
			154	240
			153	240
			152	240
			151	240
			150	240
			149	240
			148	240
			147	240
			146	240
			145	239
			144	239
			143	239
			142	239
			141	239
			140	239
			139	239
			138	239
			137	239
			136	238
			135	238
			134	238
			133	238
			132	238
			131	238
			130	238
			129	238
			128	238
			127	238
			126	237
			125	237
			124	237
			123	237
			122	237
			121	237
			120	237
			119	237
			118	237
			117	237
			116	237
			115	236
			114	236
			113	236
			112	236
			111	236
			110	236
			109	236
			108	236
			107	236
			107	235
			106	235
			105	235
			104	235
			103	235
			102	235
			101	235
			100	235
			99	234
			98	234
			97	234
			96	234
			95	234
			94	234
			93	234
			92	233
			91	233
			90	233
			89	233
			88	233
			87	233
			86	232
			85	232
			84	232
			83	232
			82	232
			81	232
			80	231
			79	231
			78	231
			77	231
			76	231
			75	230
			74	230
			73	230
			72	230
			71	230
			70	229
			69	229
			68	229
			67	228
			66	228
			65	228
			64	228
			63	227
			62	227
			61	227
			60	227
			59	226
			58	226
			57	225
			57	224
			56	223
			55	222
			55	221
			54	220
			53	219
			52	218
			52	217
			51	216
			50	215
			50	214
			49	213
			49	212
			48	211
			47	210
			47	209
			46	208
			45	207
			45	206
			44	205
			44	204
			43	203
			42	202
			41	201
			41	200
			40	199
			39	198
			39	197
			38	196
			38	195
			37	194
			36	193
			35	192
			35	191
			34	190
			33	189
			33	188
			32	187
			32	186
			31	185
			30	184
			29	183
			29	182
			28	181
		</ventral_body>
		<operculum type=matrix rownames=FALSE colnames=FALSE nrow=77 ncol=2 as.numeric=TRUE >
			349	221
			348	220
			347	219
			346	219
			345	218
			344	217
			343	216
			342	216
			341	215
			340	214
			339	213
			338	212
			337	212
			336	211
			335	210
			334	209
			333	208
			332	207
			331	207
			330	206
			329	205
			328	204
			328	203
			327	202
			326	202
			325	201
			324	200
			323	199
			322	198
			321	197
			320	196
			319	195
			318	194
			317	193
			316	192
			315	191
			314	190
			313	189
			312	188
			311	187
			311	186
			310	185
			309	184
			308	184
			308	183
			308	182
			308	181
			307	180
			307	179
			307	178
			307	177
			307	176
			307	175
			307	174
			307	173
			307	172
			307	171
			307	170
			307	169
			307	168
			307	167
			307	166
			308	165
			308	164
			308	163
			308	162
			308	161
			309	160
			309	159
			309	158
			310	157
			310	156
			311	155
			311	154
			312	153
			312	152
			313	151
		</operculum>
	</curves.pixel>
</shapes>

