<shapes type=list>
	<scaling type=logical names=FALSE length=1 as.numeric=FALSE >NA</scaling>
	<landmarks.pixel type=matrix rownames=TRUE colnames=FALSE nrow=17 ncol=2 as.numeric=TRUE >
		pectoral_dors	556	460
		pectoral_vent	578	547
		premax_post	205	468
		eye_ant	425	291
		eye_post	499	279
		upper_jaw	169	452
		dorsal_ant	830	228
		dorsal_post	1152	438
		caud_pedunc_dors	1190	455
		caud_scale_dors	1235	429
		caud_scale_vent	1223	586
		caud_pedunc_vent	1190	543
		anal_post	1148	556
		anal_ant	868	723
		lower_jaw	169	477
		operc_vent	511	493
		oper_dor	531	380
	</landmarks.pixel>
	<curves.control type=list>
		<head type=matrix rownames=FALSE colnames=FALSE nrow=9 ncol=2 as.numeric=TRUE >
			169	452
			201	415
			303	340
			401	282
			488	241
			605	220
			724	216
			784	228
			830	228
		</head>
		<dorsal type=matrix rownames=FALSE colnames=FALSE nrow=5 ncol=2 as.numeric=TRUE >
			830	228
			948	263
			1035	318
			1108	378
			1152	438
		</dorsal>
		<caudal_dors_ant type=matrix rownames=FALSE colnames=FALSE nrow=3 ncol=2 as.numeric=TRUE >
			1152	438
			1169	451
			1190	455
		</caudal_dors_ant>
		<caud_dors_post type=matrix rownames=FALSE colnames=FALSE nrow=3 ncol=2 as.numeric=TRUE >
			1190	455
			1209	439
			1235	429
		</caud_dors_post>
		<caud_vent_post type=matrix rownames=FALSE colnames=FALSE nrow=3 ncol=2 as.numeric=TRUE >
			1223	586
			1205	567
			1190	543
		</caud_vent_post>
		<caudal_vent_ant type=matrix rownames=FALSE colnames=FALSE nrow=3 ncol=2 as.numeric=TRUE >
			1190	543
			1168	544
			1148	556
		</caudal_vent_ant>
		<anal type=matrix rownames=FALSE colnames=FALSE nrow=5 ncol=2 as.numeric=TRUE >
			1148	556
			1037	641
			941	695
			906	716
			868	723
		</anal>
		<ventral_body type=matrix rownames=FALSE colnames=FALSE nrow=17 ncol=2 as.numeric=TRUE >
			868	723
			848	722
			835	747
			803	782
			778	799
			750	813
			717	800
			650	791
			501	738
			400	688
			332	636
			257	578
			238	560
			204	556
			182	522
			174	499
			169	477
		</ventral_body>
		<operculum type=matrix rownames=FALSE colnames=FALSE nrow=5 ncol=2 as.numeric=TRUE >
			511	493
			507	461
			505	438
			516	405
			531	380
		</operculum>
	</curves.control>
	<curves.pixel type=list>
		<head type=matrix rownames=FALSE colnames=FALSE nrow=677 ncol=2 as.numeric=TRUE >
			169	452
			170	451
			170	450
			171	450
			172	449
			173	448
			174	447
			174	446
			175	445
			176	444
			177	443
			178	443
			179	442
			180	441
			180	440
			181	439
			182	438
			183	437
			184	436
			185	435
			186	434
			187	433
			188	432
			189	432
			189	431
			190	430
			191	430
			191	429
			192	429
			193	428
			193	427
			194	427
			195	426
			196	425
			197	424
			198	423
			199	422
			200	421
			201	420
			202	420
			203	419
			204	418
			205	417
			206	416
			207	416
			208	415
			209	414
			210	413
			211	412
			212	411
			213	411
			214	410
			215	409
			216	408
			217	407
			218	406
			219	405
			220	404
			221	404
			222	403
			223	402
			224	401
			225	400
			226	399
			227	398
			228	398
			229	397
			230	396
			231	395
			232	394
			233	393
			234	393
			235	392
			236	391
			237	391
			237	390
			238	389
			239	389
			240	388
			241	387
			242	387
			243	386
			244	385
			245	384
			246	383
			247	382
			248	382
			249	381
			250	380
			251	379
			252	378
			253	378
			254	377
			255	376
			256	376
			256	375
			257	374
			258	374
			259	373
			260	373
			261	372
			261	371
			262	371
			263	370
			264	369
			265	369
			266	368
			267	367
			268	366
			269	365
			270	364
			271	364
			272	363
			273	363
			273	362
			274	362
			275	361
			276	360
			277	359
			278	359
			279	358
			280	357
			281	356
			282	355
			283	355
			284	354
			285	353
			286	352
			287	352
			288	351
			289	350
			290	350
			291	349
			292	348
			293	347
			294	347
			295	346
			296	345
			297	344
			298	344
			299	343
			300	342
			301	341
			302	341
			303	340
			304	339
			305	339
			306	338
			307	337
			308	337
			309	336
			310	336
			311	335
			312	335
			313	334
			314	333
			315	333
			316	332
			317	332
			318	331
			319	330
			320	330
			321	329
			322	329
			323	328
			324	328
			325	327
			326	326
			327	326
			328	325
			329	325
			330	324
			331	324
			332	323
			333	323
			334	322
			335	321
			336	321
			337	320
			338	320
			339	319
			340	319
			341	318
			342	317
			343	317
			344	316
			345	316
			346	315
			347	315
			348	314
			349	314
			350	313
			351	312
			352	312
			353	311
			354	310
			355	310
			356	310
			357	309
			358	308
			359	308
			360	307
			361	307
			362	306
			363	306
			363	305
			364	305
			365	304
			366	304
			367	303
			368	303
			368	302
			369	302
			370	302
			371	301
			372	301
			373	300
			374	299
			375	299
			376	298
			377	298
			378	297
			379	297
			380	296
			381	295
			382	295
			383	294
			384	294
			385	293
			386	293
			387	292
			388	292
			389	291
			390	291
			391	290
			392	290
			393	289
			394	289
			395	288
			396	287
			397	287
			398	286
			399	286
			400	285
			401	285
			402	284
			403	284
			404	283
			405	283
			406	282
			407	282
			408	281
			409	281
			410	280
			411	280
			412	279
			413	278
			414	278
			415	277
			416	277
			417	276
			418	276
			419	275
			420	275
			421	274
			422	274
			422	273
			423	273
			424	273
			425	272
			426	272
			427	271
			428	270
			429	270
			430	269
			431	269
			432	268
			433	268
			434	267
			435	267
			436	266
			437	266
			438	265
			439	265
			440	264
			441	264
			442	263
			443	263
			444	262
			445	262
			446	261
			447	261
			448	260
			449	260
			450	259
			451	259
			452	258
			453	258
			454	258
			455	257
			456	257
			457	256
			458	256
			459	255
			460	255
			461	254
			462	254
			463	253
			464	253
			465	252
			466	252
			467	251
			468	251
			468	250
			469	250
			470	249
			471	249
			472	248
			473	248
			474	248
			475	247
			476	247
			477	246
			478	246
			479	245
			480	245
			481	244
			482	244
			483	243
			484	243
			485	243
			486	242
			487	242
			488	241
			489	241
			490	241
			491	240
			492	240
			493	240
			494	240
			495	240
			496	240
			497	239
			498	239
			499	239
			500	239
			501	239
			502	239
			503	238
			504	238
			505	238
			506	238
			507	238
			508	238
			509	237
			510	237
			511	237
			512	237
			513	237
			514	237
			515	236
			516	236
			517	236
			518	236
			519	236
			520	236
			521	235
			522	235
			523	235
			524	235
			525	235
			526	235
			527	235
			528	234
			529	234
			530	234
			531	234
			532	234
			533	234
			534	233
			535	233
			536	233
			537	233
			538	233
			539	233
			540	233
			540	232
			541	232
			542	232
			543	232
			544	232
			545	232
			546	232
			547	231
			548	231
			549	231
			550	231
			551	231
			552	231
			553	231
			554	230
			555	230
			556	230
			557	230
			558	230
			559	230
			560	230
			561	230
			562	229
			563	229
			564	229
			565	229
			566	229
			567	229
			568	229
			569	229
			570	228
			571	228
			572	228
			573	228
			574	228
			575	228
			576	228
			577	228
			578	227
			579	227
			580	227
			581	227
			582	227
			583	227
			584	227
			585	227
			586	226
			587	226
			588	226
			589	226
			590	226
			591	226
			592	226
			593	226
			594	225
			595	225
			596	225
			597	225
			598	225
			599	225
			600	225
			601	225
			602	225
			603	225
			604	224
			605	224
			606	224
			607	224
			608	224
			609	224
			610	224
			611	224
			612	224
			613	223
			614	223
			615	223
			616	223
			617	223
			618	223
			619	223
			620	223
			621	223
			622	223
			623	222
			624	222
			625	222
			626	222
			627	222
			628	222
			629	222
			630	222
			631	222
			632	222
			633	222
			634	221
			635	221
			636	221
			637	221
			638	221
			639	221
			640	221
			641	221
			642	221
			643	221
			644	221
			645	221
			646	220
			647	220
			648	220
			649	220
			650	220
			651	220
			652	220
			653	220
			654	220
			655	220
			656	220
			657	220
			658	220
			659	219
			660	219
			661	219
			662	219
			663	219
			664	219
			665	219
			666	219
			667	219
			668	219
			669	219
			670	219
			671	219
			672	219
			673	218
			674	218
			675	218
			676	218
			677	218
			678	218
			679	218
			680	218
			681	218
			682	218
			683	218
			684	218
			685	218
			686	218
			687	218
			688	218
			689	218
			690	217
			691	217
			692	217
			693	217
			694	217
			695	217
			696	217
			697	217
			698	217
			699	217
			700	217
			701	217
			702	217
			703	217
			704	217
			705	217
			706	217
			707	217
			708	217
			709	217
			710	217
			711	216
			712	216
			713	216
			714	216
			715	216
			716	216
			717	216
			718	216
			719	216
			720	216
			721	216
			722	216
			723	216
			724	216
			725	216
			726	216
			727	217
			728	217
			729	217
			730	217
			731	217
			732	218
			733	218
			734	218
			735	218
			736	218
			737	219
			738	219
			739	219
			740	219
			741	219
			742	219
			743	220
			744	220
			745	220
			746	220
			747	220
			748	220
			749	221
			750	221
			751	221
			752	221
			753	221
			754	221
			755	222
			756	222
			757	222
			758	222
			759	222
			760	222
			761	223
			762	223
			763	223
			764	223
			765	223
			766	223
			767	223
			768	223
			769	224
			770	224
			771	224
			772	224
			773	224
			774	224
			775	224
			776	224
			777	225
			778	225
			779	225
			780	225
			781	225
			782	225
			783	225
			784	225
			785	226
			786	226
			787	226
			788	226
			789	226
			790	226
			791	226
			792	226
			793	226
			794	226
			795	226
			796	227
			797	227
			798	227
			799	227
			800	227
			801	227
			802	227
			803	227
			804	227
			805	227
			806	227
			807	227
			808	227
			809	227
			810	227
			811	228
			812	228
			813	228
			814	228
			815	228
			816	228
			817	228
			818	228
			819	228
			820	228
			821	228
			822	228
			823	228
			824	228
			825	228
			826	228
			827	228
			828	228
			829	228
			830	228
		</head>
		<dorsal type=matrix rownames=FALSE colnames=FALSE nrow=364 ncol=2 as.numeric=TRUE >
			830	228
			831	228
			832	229
			833	229
			834	229
			835	229
			835	230
			836	230
			837	230
			838	230
			839	231
			840	231
			841	231
			842	232
			843	232
			844	232
			845	233
			846	233
			847	233
			848	234
			849	234
			850	234
			851	235
			852	235
			853	235
			854	236
			855	236
			856	236
			857	237
			858	237
			859	237
			860	238
			861	238
			862	238
			863	239
			864	239
			865	239
			866	240
			867	240
			868	240
			869	241
			870	241
			871	241
			872	242
			873	242
			874	242
			875	243
			876	243
			877	243
			878	244
			879	244
			880	244
			881	245
			882	245
			883	245
			884	246
			885	246
			886	246
			887	247
			888	247
			889	247
			890	248
			891	248
			892	249
			893	249
			894	249
			895	250
			896	250
			897	250
			898	251
			899	251
			900	251
			901	252
			902	252
			903	253
			904	253
			905	254
			906	254
			907	254
			908	255
			909	255
			910	255
			911	256
			912	256
			913	256
			913	257
			914	257
			915	257
			916	258
			917	258
			918	259
			919	259
			920	259
			921	260
			922	260
			923	261
			924	261
			925	261
			926	262
			927	262
			928	263
			929	263
			930	263
			931	264
			932	264
			933	265
			934	265
			935	266
			936	266
			937	267
			938	267
			939	268
			940	268
			941	268
			942	269
			943	269
			944	270
			945	270
			946	271
			947	271
			948	271
			949	272
			950	272
			951	273
			952	273
			953	274
			954	274
			955	274
			956	275
			957	275
			958	276
			959	277
			960	277
			961	277
			961	278
			962	278
			963	278
			963	279
			964	279
			965	279
			965	280
			966	280
			967	280
			967	281
			968	281
			969	281
			969	282
			970	282
			971	282
			971	283
			972	283
			973	283
			973	284
			974	284
			975	284
			975	285
			976	285
			977	285
			977	286
			978	286
			979	286
			979	287
			980	287
			981	287
			981	288
			982	288
			983	288
			983	289
			984	289
			985	289
			985	290
			986	290
			987	290
			987	291
			988	291
			989	291
			989	292
			990	292
			991	293
			992	293
			993	294
			994	294
			995	294
			995	295
			996	295
			997	296
			998	296
			999	297
			1000	297
			1001	298
			1002	298
			1003	299
			1004	299
			1005	300
			1006	300
			1006	301
			1007	301
			1008	302
			1009	302
			1010	303
			1011	303
			1012	304
			1013	305
			1014	305
			1014	306
			1015	306
			1016	307
			1017	307
			1018	308
			1019	308
			1020	309
			1021	309
			1022	310
			1023	311
			1024	311
			1025	312
			1026	313
			1027	313
			1028	314
			1029	314
			1030	315
			1031	316
			1032	316
			1033	317
			1034	317
			1035	318
			1036	319
			1037	320
			1038	321
			1039	321
			1040	322
			1041	323
			1042	324
			1043	325
			1044	325
			1045	326
			1046	327
			1046	328
			1047	328
			1048	329
			1049	330
			1050	330
			1051	331
			1052	332
			1052	333
			1053	333
			1054	334
			1055	335
			1056	336
			1057	336
			1057	337
			1058	338
			1059	339
			1060	339
			1061	340
			1062	341
			1063	342
			1064	343
			1065	344
			1066	345
			1067	346
			1068	347
			1069	347
			1070	348
			1071	349
			1072	350
			1073	351
			1074	352
			1075	353
			1076	354
			1077	354
			1078	355
			1079	356
			1080	357
			1080	358
			1081	359
			1082	360
			1083	361
			1084	362
			1085	362
			1086	363
			1087	364
			1088	365
			1089	366
			1090	367
			1090	368
			1091	369
			1092	369
			1093	370
			1094	371
			1095	372
			1096	373
			1097	374
			1097	375
			1098	376
			1099	376
			1100	377
			1101	378
			1102	379
			1103	380
			1104	381
			1104	382
			1105	383
			1106	383
			1107	384
			1108	385
			1109	386
			1109	387
			1110	388
			1111	389
			1112	390
			1113	391
			1114	392
			1115	393
			1116	394
			1117	395
			1118	396
			1119	397
			1119	398
			1120	398
			1120	399
			1121	400
			1122	401
			1123	402
			1124	403
			1125	404
			1126	405
			1126	406
			1127	406
			1128	407
			1128	408
			1129	409
			1129	410
			1130	410
			1131	411
			1131	412
			1132	413
			1133	413
			1133	414
			1134	415
			1135	416
			1136	417
			1137	418
			1137	419
			1138	420
			1139	421
			1139	422
			1140	423
			1141	423
			1142	424
			1142	425
			1143	426
			1144	427
			1144	428
			1145	429
			1146	430
			1147	431
			1147	432
			1148	433
			1149	434
			1150	435
			1151	436
			1151	437
			1152	438
		</dorsal>
		<caudal_dors_ant type=matrix rownames=FALSE colnames=FALSE nrow=40 ncol=2 as.numeric=TRUE >
			1152	438
			1153	439
			1154	439
			1154	440
			1155	440
			1156	441
			1157	442
			1158	442
			1159	443
			1160	444
			1161	444
			1162	445
			1163	445
			1164	446
			1165	446
			1166	447
			1167	447
			1168	448
			1169	448
			1170	449
			1171	449
			1172	450
			1173	450
			1174	450
			1175	451
			1176	451
			1177	452
			1178	452
			1179	452
			1180	453
			1181	453
			1182	453
			1183	453
			1184	454
			1185	454
			1186	454
			1187	454
			1188	455
			1189	455
			1190	455
		</caudal_dors_ant>
		<caud_dors_post type=matrix rownames=FALSE colnames=FALSE nrow=47 ncol=2 as.numeric=TRUE >
			1190	455
			1191	454
			1192	453
			1193	452
			1194	452
			1195	451
			1196	450
			1197	450
			1198	449
			1199	448
			1200	448
			1201	447
			1201	446
			1202	446
			1203	445
			1204	444
			1205	444
			1206	443
			1207	442
			1208	442
			1209	441
			1210	441
			1211	440
			1212	440
			1213	439
			1214	439
			1215	438
			1216	438
			1217	437
			1218	437
			1219	436
			1220	436
			1221	435
			1222	435
			1223	434
			1224	434
			1225	433
			1226	433
			1227	432
			1228	432
			1229	432
			1230	431
			1231	431
			1232	430
			1233	430
			1234	429
			1235	429
		</caud_dors_post>
		<caud_vent_post type=matrix rownames=FALSE colnames=FALSE nrow=47 ncol=2 as.numeric=TRUE >
			1223	586
			1222	585
			1221	584
			1220	583
			1219	582
			1219	581
			1218	580
			1217	580
			1216	579
			1216	578
			1215	577
			1214	576
			1213	575
			1213	574
			1212	573
			1211	572
			1210	571
			1209	570
			1208	569
			1207	568
			1207	567
			1206	566
			1205	565
			1204	564
			1204	563
			1203	562
			1202	561
			1202	560
			1201	560
			1201	559
			1200	558
			1199	557
			1199	556
			1198	555
			1197	554
			1196	553
			1196	552
			1195	551
			1194	550
			1194	549
			1193	548
			1192	547
			1192	546
			1191	545
			1191	544
			1190	544
			1190	543
		</caud_vent_post>
		<caudal_vent_ant type=matrix rownames=FALSE colnames=FALSE nrow=44 ncol=2 as.numeric=TRUE >
			1190	543
			1189	543
			1188	543
			1187	543
			1186	543
			1185	543
			1184	543
			1183	544
			1182	544
			1181	544
			1180	544
			1179	544
			1178	544
			1177	545
			1176	545
			1175	545
			1174	545
			1173	545
			1173	546
			1172	546
			1171	546
			1170	546
			1169	547
			1168	547
			1167	547
			1166	548
			1165	548
			1164	548
			1163	549
			1162	549
			1161	549
			1160	550
			1159	550
			1158	551
			1157	551
			1156	552
			1155	552
			1154	553
			1153	553
			1152	554
			1151	554
			1150	555
			1149	555
			1148	556
		</caudal_vent_ant>
		<anal type=matrix rownames=FALSE colnames=FALSE nrow=295 ncol=2 as.numeric=TRUE >
			1148	556
			1147	557
			1146	558
			1145	558
			1144	559
			1143	560
			1142	561
			1141	561
			1140	562
			1139	563
			1138	564
			1137	564
			1136	565
			1135	566
			1134	567
			1133	567
			1132	568
			1131	569
			1130	570
			1129	570
			1128	571
			1127	572
			1126	572
			1125	573
			1124	574
			1123	575
			1122	575
			1122	576
			1121	577
			1120	577
			1119	578
			1118	579
			1117	580
			1116	580
			1115	581
			1114	582
			1113	582
			1112	583
			1111	584
			1110	584
			1109	585
			1108	586
			1107	587
			1106	587
			1105	588
			1104	589
			1103	589
			1102	590
			1102	591
			1101	591
			1100	592
			1099	593
			1098	593
			1097	594
			1096	595
			1095	595
			1094	596
			1093	597
			1092	598
			1091	598
			1090	599
			1089	600
			1088	600
			1087	601
			1086	602
			1085	603
			1084	603
			1083	604
			1082	605
			1081	606
			1080	606
			1079	607
			1078	607
			1077	608
			1077	609
			1076	609
			1075	610
			1074	610
			1073	611
			1072	612
			1071	613
			1070	613
			1069	614
			1068	615
			1067	615
			1066	616
			1065	617
			1064	617
			1063	618
			1062	619
			1061	619
			1060	620
			1059	621
			1058	621
			1057	622
			1056	623
			1055	623
			1055	624
			1054	625
			1053	625
			1052	626
			1051	627
			1050	627
			1049	628
			1048	628
			1047	629
			1046	630
			1045	630
			1044	631
			1043	632
			1042	632
			1041	633
			1040	634
			1039	634
			1038	635
			1037	635
			1037	636
			1036	637
			1035	637
			1034	638
			1033	639
			1032	639
			1031	640
			1030	640
			1029	641
			1028	642
			1027	642
			1026	643
			1025	643
			1024	644
			1023	645
			1022	646
			1021	646
			1020	647
			1019	648
			1018	649
			1017	649
			1016	650
			1015	650
			1014	651
			1013	652
			1012	652
			1011	653
			1010	653
			1009	654
			1008	655
			1007	655
			1006	656
			1005	657
			1004	657
			1003	658
			1002	658
			1001	659
			1000	660
			999	660
			999	661
			998	661
			997	662
			996	662
			995	663
			994	664
			993	664
			992	665
			991	665
			990	666
			989	667
			988	667
			987	668
			986	668
			985	669
			984	669
			983	670
			983	671
			982	671
			981	672
			980	672
			979	673
			978	673
			977	674
			976	675
			975	675
			974	676
			973	676
			972	677
			971	677
			970	678
			969	678
			969	679
			968	680
			967	680
			966	681
			965	681
			964	682
			963	682
			962	683
			961	683
			960	684
			959	684
			958	685
			957	686
			956	687
			955	687
			954	688
			953	688
			952	689
			951	690
			950	690
			949	690
			948	691
			947	691
			947	692
			946	692
			945	693
			944	693
			944	694
			943	694
			942	694
			941	695
			940	695
			940	696
			939	696
			938	697
			937	697
			936	698
			935	699
			934	699
			933	700
			932	700
			931	701
			930	701
			929	702
			928	702
			928	703
			927	703
			926	703
			925	704
			924	704
			923	705
			922	705
			921	706
			920	706
			919	707
			918	707
			917	708
			916	708
			915	709
			914	709
			913	709
			912	710
			911	710
			910	711
			909	711
			908	712
			907	712
			906	712
			905	713
			904	713
			903	713
			902	714
			901	714
			900	714
			899	715
			898	715
			897	716
			896	716
			895	716
			894	716
			893	717
			892	717
			891	717
			891	718
			890	718
			889	718
			888	718
			887	719
			886	719
			885	719
			884	719
			883	720
			882	720
			881	720
			880	721
			879	721
			878	721
			877	721
			876	721
			875	722
			874	722
			873	722
			872	722
			871	722
			871	723
			870	723
			869	723
			868	723
		</anal>
		<ventral_body type=matrix rownames=FALSE colnames=FALSE nrow=797 ncol=2 as.numeric=TRUE >
			868	723
			867	723
			866	723
			865	723
			864	723
			863	723
			862	723
			861	723
			860	724
			859	724
			858	724
			857	725
			856	725
			855	725
			854	726
			853	726
			852	727
			851	728
			850	728
			849	729
			848	730
			847	731
			846	732
			845	733
			844	734
			843	735
			842	736
			841	737
			841	738
			840	739
			839	740
			838	741
			838	742
			837	743
			836	744
			836	745
			836	746
			835	747
			834	748
			833	749
			832	750
			831	751
			830	752
			829	753
			828	754
			828	755
			827	756
			826	757
			825	757
			825	758
			824	759
			823	760
			822	760
			822	761
			821	762
			820	763
			819	763
			819	764
			818	765
			817	766
			816	766
			816	767
			815	768
			814	769
			813	770
			812	771
			811	772
			810	772
			809	773
			808	774
			808	775
			807	776
			806	776
			805	777
			804	778
			803	779
			802	780
			801	781
			800	782
			799	783
			798	784
			797	784
			796	785
			795	786
			794	787
			793	788
			792	788
			791	789
			790	790
			789	791
			788	791
			787	792
			787	793
			786	794
			785	794
			784	795
			783	796
			782	796
			781	797
			780	798
			779	798
			778	799
			777	799
			776	800
			775	800
			774	801
			773	801
			772	801
			771	802
			770	802
			769	803
			768	803
			767	803
			766	804
			765	804
			764	804
			763	804
			762	805
			761	805
			760	805
			759	805
			758	805
			757	806
			756	806
			755	806
			754	806
			753	806
			752	806
			751	806
			750	806
			749	806
			748	806
			747	806
			746	806
			745	806
			744	806
			743	806
			742	806
			741	806
			740	806
			739	806
			738	806
			737	805
			736	805
			735	805
			734	805
			733	805
			732	805
			731	804
			730	804
			729	804
			728	804
			727	803
			726	803
			725	803
			724	803
			723	802
			722	802
			721	802
			720	801
			719	801
			718	801
			717	800
			716	800
			715	800
			714	800
			713	800
			713	799
			712	799
			711	799
			710	799
			709	799
			708	799
			707	798
			706	798
			705	798
			704	798
			703	798
			702	798
			701	797
			700	797
			699	797
			698	797
			697	797
			696	796
			695	796
			694	796
			693	796
			692	796
			691	795
			690	795
			689	795
			688	795
			687	795
			686	794
			685	794
			684	794
			683	794
			682	794
			681	793
			680	793
			679	793
			678	793
			677	792
			676	792
			675	792
			674	792
			673	791
			672	791
			671	791
			670	791
			669	790
			668	790
			667	790
			666	790
			665	790
			664	789
			663	789
			662	789
			661	789
			661	788
			660	788
			659	788
			658	788
			657	788
			657	787
			656	787
			655	787
			654	787
			653	787
			653	786
			652	786
			651	786
			650	786
			649	786
			649	785
			648	785
			647	785
			646	785
			645	784
			644	784
			643	784
			642	783
			641	783
			640	783
			639	783
			638	782
			637	782
			636	782
			635	781
			634	781
			633	781
			632	781
			631	780
			630	780
			629	780
			628	780
			627	779
			626	779
			625	779
			624	778
			623	778
			622	778
			621	778
			620	777
			619	777
			618	777
			617	776
			616	776
			615	776
			614	775
			613	775
			612	775
			611	775
			610	774
			609	774
			608	774
			607	773
			606	773
			605	773
			604	772
			603	772
			602	772
			601	771
			600	771
			599	771
			598	771
			597	770
			596	770
			595	770
			594	769
			593	769
			592	769
			591	768
			590	768
			589	768
			588	767
			587	767
			586	767
			585	767
			584	766
			583	766
			582	766
			582	765
			581	765
			580	765
			579	764
			578	764
			577	764
			576	764
			575	763
			574	763
			573	763
			572	762
			571	762
			570	762
			569	761
			568	761
			567	761
			566	760
			565	760
			564	760
			563	759
			562	759
			561	759
			560	758
			559	758
			558	758
			557	757
			556	757
			555	757
			554	756
			553	756
			552	756
			551	755
			550	755
			549	755
			548	754
			547	754
			546	754
			545	753
			544	753
			543	753
			542	752
			541	752
			540	751
			539	751
			538	751
			537	751
			536	750
			535	750
			534	749
			533	749
			532	749
			531	749
			531	748
			530	748
			529	748
			528	748
			528	747
			527	747
			526	747
			525	747
			524	746
			523	746
			522	745
			521	745
			520	745
			519	744
			518	744
			517	744
			516	743
			515	743
			514	743
			513	742
			512	742
			511	741
			510	741
			509	741
			508	741
			508	740
			507	740
			506	740
			505	739
			504	739
			503	739
			502	738
			501	738
			500	738
			500	737
			499	737
			498	737
			497	736
			496	735
			495	735
			494	734
			493	734
			492	733
			491	733
			490	733
			490	732
			489	732
			488	732
			488	731
			487	731
			486	731
			486	730
			485	730
			484	730
			484	729
			483	729
			482	729
			482	728
			481	728
			480	728
			480	727
			479	727
			478	727
			478	726
			477	726
			476	726
			476	725
			475	725
			474	724
			473	724
			472	723
			471	723
			470	722
			469	722
			469	721
			468	721
			467	721
			466	720
			465	719
			464	719
			463	718
			462	718
			461	717
			460	717
			459	716
			458	716
			457	715
			456	715
			456	714
			455	714
			454	713
			453	713
			452	713
			451	712
			450	712
			449	711
			448	711
			447	710
			446	710
			446	709
			445	709
			444	708
			443	708
			442	707
			441	707
			440	706
			439	706
			438	705
			437	704
			436	703
			435	703
			434	702
			433	702
			432	702
			432	701
			431	701
			430	701
			430	700
			429	700
			429	699
			428	699
			427	699
			427	698
			426	698
			425	698
			425	697
			424	697
			423	696
			422	695
			421	695
			420	695
			420	694
			419	694
			418	693
			417	693
			417	692
			416	692
			415	692
			414	691
			413	690
			412	689
			411	689
			410	688
			409	688
			408	687
			407	687
			406	686
			405	685
			404	685
			403	684
			402	683
			401	683
			400	682
			399	682
			398	681
			397	680
			396	680
			395	679
			394	678
			393	678
			392	677
			391	677
			390	676
			389	675
			388	675
			387	674
			386	673
			385	673
			384	672
			383	672
			382	671
			381	670
			380	670
			379	669
			378	668
			377	668
			376	667
			375	667
			374	666
			373	665
			372	665
			371	664
			370	663
			369	663
			369	662
			368	662
			367	661
			366	660
			365	660
			364	659
			363	658
			362	658
			361	657
			360	657
			359	656
			358	655
			357	654
			356	653
			355	653
			354	652
			353	652
			353	651
			352	651
			351	650
			350	649
			349	648
			348	648
			347	647
			346	646
			345	646
			345	645
			344	645
			343	644
			342	644
			342	643
			341	643
			340	642
			339	642
			339	641
			338	640
			337	640
			336	639
			335	638
			334	637
			333	637
			332	636
			331	635
			330	634
			329	634
			328	633
			327	632
			326	631
			325	631
			324	630
			323	629
			322	628
			321	627
			320	627
			319	626
			318	625
			317	624
			316	624
			315	623
			315	622
			314	622
			313	621
			312	621
			312	620
			311	620
			310	619
			309	618
			308	617
			307	616
			306	616
			305	615
			304	614
			303	614
			302	613
			302	612
			301	612
			300	611
			299	610
			298	610
			297	609
			297	608
			296	608
			295	607
			294	607
			294	606
			293	605
			292	605
			291	604
			290	603
			289	602
			288	602
			287	601
			286	600
			285	600
			284	599
			284	598
			283	597
			282	597
			281	596
			280	595
			279	595
			279	594
			278	594
			277	593
			276	592
			275	591
			274	590
			273	590
			272	589
			271	588
			270	587
			269	587
			268	586
			268	585
			267	585
			266	584
			265	583
			264	583
			264	582
			263	581
			262	581
			261	580
			260	579
			259	578
			258	577
			257	577
			256	576
			255	575
			254	574
			253	573
			252	572
			251	572
			250	571
			249	570
			248	569
			247	568
			246	567
			245	566
			244	566
			243	565
			242	564
			242	563
			241	563
			240	562
			239	561
			238	560
			237	560
			236	560
			235	560
			234	559
			233	559
			232	559
			231	559
			230	559
			229	558
			228	558
			227	558
			226	558
			225	557
			224	557
			223	556
			222	556
			221	556
			220	555
			219	555
			218	555
			217	554
			216	554
			215	553
			214	553
			213	552
			212	552
			212	551
			211	551
			210	551
			209	550
			208	549
			207	548
			206	548
			205	547
			204	547
			203	546
			203	545
			202	545
			201	544
			200	543
			199	542
			198	541
			197	540
			196	539
			195	539
			194	538
			193	537
			193	536
			192	535
			191	534
			190	533
			189	532
			188	531
			187	530
			187	529
			186	528
			185	527
			185	526
			184	526
			184	525
			183	524
			183	523
			182	522
			182	521
			181	520
			181	519
			181	518
			180	517
			180	516
			180	515
			179	514
			179	513
			179	512
			178	511
			178	510
			178	509
			177	508
			177	507
			177	506
			177	505
			176	504
			176	503
			176	502
			175	501
			175	500
			175	499
			174	498
			174	497
			174	496
			173	495
			173	494
			173	493
			173	492
			173	491
			172	491
			172	490
			172	489
			172	488
			172	487
			171	487
			171	486
			171	485
			171	484
			171	483
			170	483
			170	482
			170	481
			170	480
			170	479
			169	479
			169	478
			169	477
		</ventral_body>
		<operculum type=matrix rownames=FALSE colnames=FALSE nrow=115 ncol=2 as.numeric=TRUE >
			511	493
			511	492
			511	491
			511	490
			510	489
			510	488
			510	487
			510	486
			510	485
			510	484
			510	483
			510	482
			510	481
			509	480
			509	479
			509	478
			509	477
			509	476
			509	475
			509	474
			509	473
			508	472
			508	471
			508	470
			508	469
			508	468
			508	467
			508	466
			508	465
			508	464
			507	463
			507	462
			507	461
			507	460
			507	459
			507	458
			507	457
			507	456
			507	455
			506	454
			506	453
			506	452
			506	451
			506	450
			506	449
			506	448
			506	447
			506	446
			506	445
			506	444
			505	443
			505	442
			505	441
			505	440
			505	439
			505	438
			505	437
			506	436
			506	435
			506	434
			507	433
			507	432
			508	431
			508	430
			508	429
			509	428
			509	427
			509	426
			510	425
			510	424
			510	423
			511	422
			511	421
			512	420
			512	419
			512	418
			513	417
			513	416
			513	415
			514	414
			514	413
			515	412
			515	411
			516	410
			516	409
			517	408
			517	407
			517	406
			518	405
			518	404
			519	403
			519	402
			520	402
			520	401
			520	400
			521	399
			521	398
			522	397
			522	396
			523	395
			523	394
			524	393
			524	392
			525	391
			525	390
			526	389
			527	388
			527	387
			528	386
			528	385
			529	384
			529	383
			530	382
			531	381
			531	380
		</operculum>
	</curves.pixel>
</shapes>

