<shapes type=list>
	<scaling type=logical names=FALSE length=1 as.numeric=FALSE >NA</scaling>
	<landmarks.pixel type=matrix rownames=TRUE colnames=FALSE nrow=17 ncol=2 as.numeric=TRUE >
		pectoral_dors	125	202
		pectoral_vent	150	218
		premax_post	26	218
		eye_ant	59	123
		eye_post	103	111
		upper_jaw	14	219
		dorsal_ant	347	94
		dorsal_post	380	115
		caud_pedunc_dors	497	169
		caud_scale_dors	528	167
		caud_scale_vent	526	217
		caud_pedunc_vent	496	208
		anal_post	439	217
		anal_ant	411	229
		lower_jaw	23	227
		operc_vent	122	209
		oper_dor	127	153
	</landmarks.pixel>
	<curves.control type=list>
		<head type=matrix rownames=FALSE colnames=FALSE nrow=29 ncol=2 as.numeric=TRUE >
			14	219
			17	206
			15	197
			14	191
			25	184
			33	167
			40	151
			50	137
			53	128
			55	119
			57	111
			64	98
			70	92
			72	88
			77	92
			94	90
			113	92
			124	85
			166	74
			193	68
			212	60
			233	48
			247	37
			266	10
			263	30
			268	39
			282	49
			310	67
			347	94
		</head>
		<dorsal type=matrix rownames=FALSE colnames=FALSE nrow=3 ncol=2 as.numeric=TRUE >
			347	94
			363	107
			380	115
		</dorsal>
		<caudal_dors_ant type=matrix rownames=FALSE colnames=FALSE nrow=9 ncol=2 as.numeric=TRUE >
			380	115
			388	126
			426	144
			452	152
			460	156
			453	156
			451	160
			461	162
			497	169
		</caudal_dors_ant>
		<caud_dors_post type=matrix rownames=FALSE colnames=FALSE nrow=3 ncol=2 as.numeric=TRUE >
			497	169
			512	174
			528	167
		</caud_dors_post>
		<caud_vent_post type=matrix rownames=FALSE colnames=FALSE nrow=3 ncol=2 as.numeric=TRUE >
			526	217
			511	211
			496	208
		</caud_vent_post>
		<caudal_vent_ant type=matrix rownames=FALSE colnames=FALSE nrow=11 ncol=2 as.numeric=TRUE >
			496	208
			482	208
			471	206
			456	204
			453	204
			454	206
			457	206
			460	207
			463	207
			463	208
			439	217
		</caudal_vent_ant>
		<anal type=matrix rownames=FALSE colnames=FALSE nrow=3 ncol=2 as.numeric=TRUE >
			439	217
			424	224
			411	229
		</anal>
		<ventral_body type=matrix rownames=FALSE colnames=FALSE nrow=25 ncol=2 as.numeric=TRUE >
			411	229
			399	234
			381	243
			342	258
			331	264
			333	266
			337	272
			319	269
			295	271
			272	274
			248	276
			249	281
			252	284
			242	282
			219	273
			196	270
			184	262
			155	251
			125	247
			95	242
			73	241
			56	240
			43	232
			35	229
			23	227
		</ventral_body>
		<operculum type=matrix rownames=FALSE colnames=FALSE nrow=7 ncol=2 as.numeric=TRUE >
			122	209
			120	199
			118	190
			123	180
			126	170
			129	162
			127	153
		</operculum>
	</curves.control>
	<curves.pixel type=list>
		<head type=matrix rownames=FALSE colnames=FALSE nrow=437 ncol=2 as.numeric=TRUE >
			14	219
			14	218
			14	217
			15	216
			15	215
			15	214
			15	213
			15	212
			15	211
			16	210
			16	209
			16	208
			16	207
			16	206
			16	205
			16	204
			16	203
			16	202
			16	201
			15	200
			15	199
			15	198
			15	197
			15	196
			15	195
			15	194
			16	193
			16	192
			17	191
			18	190
			19	189
			20	188
			21	187
			22	186
			23	185
			24	185
			25	184
			26	183
			26	182
			26	181
			27	180
			27	179
			28	178
			28	177
			29	176
			29	175
			30	174
			30	173
			31	172
			31	171
			31	170
			32	169
			32	168
			33	167
			33	166
			34	165
			34	164
			35	163
			35	162
			36	161
			36	160
			37	159
			37	158
			37	157
			38	156
			38	155
			39	154
			39	153
			40	152
			40	151
			41	150
			41	149
			42	149
			42	148
			43	147
			43	146
			44	146
			44	145
			45	144
			45	143
			46	143
			46	142
			47	141
			47	140
			48	139
			48	138
			49	137
			50	136
			50	135
			50	134
			51	133
			51	132
			52	132
			52	131
			52	130
			53	129
			53	128
			53	127
			53	126
			54	125
			54	124
			54	123
			54	122
			55	121
			55	120
			55	119
			55	118
			56	117
			56	116
			56	115
			56	114
			57	113
			57	112
			57	111
			58	110
			58	109
			59	108
			59	107
			60	106
			61	105
			61	104
			62	103
			62	102
			63	101
			63	100
			64	99
			65	98
			66	97
			66	96
			67	95
			68	95
			68	94
			69	93
			70	92
			71	91
			72	90
			73	90
			74	90
			75	91
			76	92
			77	92
			78	92
			79	92
			80	92
			81	92
			82	92
			83	91
			84	91
			85	91
			86	91
			87	91
			88	91
			89	91
			90	91
			91	91
			92	91
			93	91
			94	91
			95	91
			96	91
			97	91
			98	91
			99	91
			100	91
			101	91
			102	91
			103	91
			104	91
			105	91
			106	91
			107	91
			108	92
			109	92
			110	92
			111	92
			112	92
			113	92
			114	91
			115	91
			116	90
			117	90
			118	89
			119	89
			120	88
			121	88
			122	88
			123	87
			124	87
			125	87
			125	86
			126	86
			127	86
			128	85
			129	85
			130	85
			131	84
			132	84
			133	83
			134	83
			135	83
			136	83
			136	82
			137	82
			138	82
			139	82
			140	81
			141	81
			142	81
			143	80
			144	80
			145	80
			146	80
			147	79
			148	79
			149	79
			150	78
			151	78
			152	78
			153	78
			154	77
			155	77
			156	77
			157	76
			158	76
			159	76
			160	76
			161	75
			162	75
			163	75
			164	75
			164	74
			165	74
			166	74
			167	74
			168	74
			169	73
			170	73
			171	73
			172	73
			173	72
			174	72
			175	72
			176	72
			177	71
			178	71
			179	71
			180	71
			181	70
			182	70
			183	70
			184	69
			185	69
			186	69
			187	69
			188	68
			189	68
			190	68
			191	67
			192	67
			193	67
			194	66
			195	66
			196	66
			197	66
			198	65
			199	65
			200	65
			201	64
			202	64
			203	64
			203	63
			204	63
			205	63
			206	62
			207	62
			208	62
			209	61
			210	61
			211	60
			212	60
			213	59
			214	59
			215	58
			216	58
			217	57
			218	57
			219	56
			220	55
			221	55
			222	54
			223	54
			223	53
			224	53
			225	52
			226	52
			227	51
			228	50
			229	50
			230	49
			231	49
			231	48
			232	48
			233	47
			234	47
			234	46
			235	46
			236	45
			237	45
			237	44
			238	44
			239	43
			240	42
			241	41
			242	41
			243	40
			244	39
			245	39
			245	38
			246	38
			247	37
			248	36
			249	35
			249	34
			250	33
			251	32
			252	31
			252	30
			253	29
			254	28
			255	27
			256	26
			257	25
			258	24
			258	23
			259	23
			260	22
			261	22
			262	22
			263	22
			263	23
			263	24
			263	25
			263	26
			263	27
			263	28
			263	29
			263	30
			264	31
			264	32
			265	33
			266	34
			266	35
			267	36
			268	37
			269	38
			270	39
			271	40
			272	41
			273	42
			274	43
			275	44
			276	44
			277	45
			278	46
			279	47
			280	48
			281	49
			282	49
			283	50
			284	50
			285	51
			286	51
			287	52
			288	53
			289	54
			290	54
			291	55
			292	56
			293	56
			294	57
			295	58
			296	58
			297	59
			298	60
			299	60
			300	61
			301	62
			302	62
			303	63
			304	64
			305	64
			306	65
			307	65
			307	66
			308	66
			309	67
			310	68
			311	68
			311	69
			312	69
			313	70
			314	70
			315	71
			316	72
			317	73
			318	73
			319	74
			320	75
			321	75
			322	76
			323	77
			324	78
			325	78
			326	79
			327	80
			328	81
			329	81
			330	82
			331	83
			332	83
			333	84
			334	85
			335	85
			335	86
			336	86
			337	86
			337	87
			338	87
			339	88
			340	89
			341	90
			342	91
			343	91
			344	92
			345	92
			346	93
			347	94
		</head>
		<dorsal type=matrix rownames=FALSE colnames=FALSE nrow=38 ncol=2 as.numeric=TRUE >
			347	94
			348	95
			349	95
			349	96
			350	97
			351	97
			352	98
			353	98
			354	99
			354	100
			355	100
			356	101
			357	101
			358	102
			359	103
			360	104
			361	104
			362	105
			363	106
			364	106
			365	107
			366	108
			367	108
			368	109
			369	109
			370	110
			371	111
			372	111
			373	112
			374	112
			375	113
			376	113
			377	113
			377	114
			378	114
			379	114
			379	115
			380	115
		</dorsal>
		<caudal_dors_ant type=matrix rownames=FALSE colnames=FALSE nrow=145 ncol=2 as.numeric=TRUE >
			380	115
			380	116
			381	116
			381	117
			382	117
			383	118
			383	119
			384	119
			385	120
			386	121
			387	121
			387	122
			388	123
			389	124
			390	124
			391	125
			392	126
			393	126
			394	127
			395	127
			396	128
			397	129
			398	129
			399	130
			400	130
			401	131
			402	132
			403	132
			404	133
			405	133
			406	134
			407	135
			408	135
			409	136
			410	136
			411	136
			411	137
			412	137
			413	137
			414	138
			415	139
			416	139
			417	140
			418	140
			419	141
			420	141
			421	142
			422	142
			423	143
			424	143
			425	144
			426	144
			427	144
			428	144
			428	145
			429	145
			430	145
			431	146
			432	146
			433	146
			434	146
			435	147
			436	147
			437	147
			438	148
			439	148
			440	148
			440	149
			441	149
			442	149
			443	149
			444	150
			445	150
			446	150
			447	151
			448	151
			449	152
			450	152
			451	152
			452	153
			453	153
			454	153
			454	154
			455	154
			456	154
			457	155
			458	155
			459	156
			460	156
			459	156
			458	156
			457	156
			456	156
			455	157
			454	157
			453	158
			452	158
			452	159
			451	160
			452	160
			453	160
			454	161
			455	161
			456	161
			457	161
			458	161
			459	162
			460	162
			461	162
			462	162
			463	162
			464	163
			465	163
			466	163
			467	163
			468	163
			469	164
			470	164
			471	164
			472	164
			473	164
			474	165
			475	165
			476	165
			477	165
			478	165
			479	166
			480	166
			481	166
			482	166
			483	166
			484	166
			485	167
			486	167
			487	167
			488	167
			489	167
			490	168
			491	168
			492	168
			493	168
			494	168
			495	169
			496	169
			497	169
		</caudal_dors_ant>
		<caud_dors_post type=matrix rownames=FALSE colnames=FALSE nrow=33 ncol=2 as.numeric=TRUE >
			497	169
			498	169
			499	170
			500	170
			501	170
			502	170
			503	170
			504	171
			505	171
			506	171
			507	171
			508	171
			509	171
			510	171
			511	171
			512	171
			513	171
			514	171
			515	171
			516	171
			517	170
			518	170
			519	170
			520	170
			521	169
			522	169
			523	169
			524	168
			525	168
			526	168
			527	168
			527	167
			528	167
		</caud_dors_post>
		<caud_vent_post type=matrix rownames=FALSE colnames=FALSE nrow=31 ncol=2 as.numeric=TRUE >
			526	217
			525	217
			524	216
			523	216
			522	216
			521	215
			520	215
			519	214
			518	214
			517	214
			516	213
			515	213
			514	213
			513	212
			512	212
			511	212
			510	211
			509	211
			508	211
			507	211
			506	210
			505	210
			504	210
			503	210
			502	209
			501	209
			500	209
			499	209
			498	208
			497	208
			496	208
		</caud_vent_post>
		<caudal_vent_ant type=matrix rownames=FALSE colnames=FALSE nrow=79 ncol=2 as.numeric=TRUE >
			496	208
			495	208
			494	208
			493	208
			492	208
			491	208
			490	208
			489	208
			488	208
			487	208
			486	208
			485	208
			484	208
			483	208
			482	207
			481	207
			480	207
			479	207
			478	207
			477	207
			476	207
			475	207
			474	206
			473	206
			472	206
			471	206
			470	206
			469	206
			468	206
			467	205
			466	205
			465	205
			464	205
			463	205
			462	205
			461	205
			460	205
			459	204
			458	204
			457	204
			456	204
			455	204
			454	204
			453	204
			453	205
			454	205
			455	206
			456	206
			457	206
			458	206
			459	206
			460	207
			461	207
			462	207
			463	207
			462	208
			461	208
			460	209
			459	209
			458	210
			457	210
			456	210
			455	211
			454	211
			453	211
			452	212
			451	212
			450	213
			449	213
			448	214
			447	214
			446	214
			445	215
			444	215
			443	216
			442	216
			441	216
			440	217
			439	217
		</caudal_vent_ant>
		<anal type=matrix rownames=FALSE colnames=FALSE nrow=31 ncol=2 as.numeric=TRUE >
			439	217
			438	217
			437	218
			436	218
			435	219
			434	219
			433	220
			432	220
			431	221
			430	221
			429	221
			428	222
			427	222
			427	223
			426	223
			425	223
			424	224
			423	224
			422	225
			421	225
			420	225
			419	226
			418	226
			417	226
			417	227
			416	227
			415	227
			414	228
			413	228
			412	229
			411	229
		</anal>
		<ventral_body type=matrix rownames=FALSE colnames=FALSE nrow=424 ncol=2 as.numeric=TRUE >
			411	229
			410	229
			410	230
			409	230
			408	230
			407	231
			406	231
			405	232
			404	232
			403	232
			402	233
			401	233
			400	234
			399	235
			398	235
			397	235
			396	236
			395	236
			394	237
			393	237
			392	238
			391	238
			390	238
			389	239
			388	239
			387	240
			386	240
			386	241
			385	241
			384	242
			383	242
			382	242
			382	243
			381	243
			380	243
			379	244
			378	244
			377	244
			377	245
			376	245
			375	245
			374	246
			373	246
			372	246
			371	247
			370	247
			369	248
			368	248
			367	249
			366	249
			365	249
			364	250
			363	250
			362	251
			361	251
			360	251
			359	252
			358	252
			357	252
			356	253
			355	253
			354	254
			353	254
			352	255
			351	255
			350	255
			349	256
			348	256
			347	256
			346	257
			345	258
			344	258
			343	258
			342	259
			341	259
			340	260
			339	260
			338	261
			337	261
			336	261
			335	262
			334	263
			333	263
			332	263
			331	264
			332	265
			333	266
			334	267
			335	268
			335	269
			336	270
			337	271
			336	272
			335	272
			334	271
			333	271
			332	271
			331	271
			330	271
			329	271
			328	271
			327	271
			326	271
			325	271
			324	271
			323	270
			322	270
			321	270
			320	270
			319	270
			318	270
			317	270
			316	270
			315	270
			314	270
			313	270
			312	270
			311	270
			310	270
			309	270
			308	270
			307	270
			306	270
			305	270
			304	270
			303	270
			302	271
			301	271
			300	271
			299	271
			298	271
			297	271
			296	271
			295	271
			294	271
			293	271
			292	271
			291	272
			290	272
			289	272
			288	272
			287	272
			286	272
			285	272
			284	272
			283	272
			282	273
			281	273
			280	273
			279	273
			278	273
			277	273
			276	273
			275	273
			274	274
			273	274
			272	274
			271	274
			270	274
			269	274
			268	274
			267	274
			266	274
			265	274
			264	275
			263	275
			262	275
			261	275
			260	275
			259	275
			258	275
			257	275
			256	275
			255	275
			254	275
			253	276
			252	276
			251	276
			250	276
			249	276
			248	276
			248	277
			248	278
			249	279
			249	280
			250	281
			250	282
			251	283
			252	284
			251	284
			250	284
			249	283
			248	283
			247	283
			246	282
			245	282
			244	282
			243	282
			243	281
			242	281
			241	281
			240	281
			239	280
			238	280
			237	280
			236	279
			235	279
			234	279
			234	278
			233	278
			232	278
			231	278
			231	277
			230	277
			229	277
			228	277
			228	276
			227	276
			226	276
			225	275
			224	275
			223	274
			222	274
			221	274
			220	273
			219	273
			218	273
			217	273
			216	273
			215	272
			214	272
			213	272
			212	272
			211	272
			210	272
			209	271
			208	271
			207	271
			206	271
			205	270
			204	270
			203	270
			202	270
			201	269
			200	269
			199	269
			198	269
			197	268
			196	268
			195	267
			194	267
			193	267
			192	266
			191	266
			190	265
			189	265
			188	264
			187	264
			186	263
			185	263
			184	262
			183	261
			182	261
			181	261
			180	261
			180	260
			179	260
			178	260
			177	259
			176	259
			175	259
			174	258
			173	258
			172	258
			171	257
			170	257
			169	257
			168	256
			167	256
			166	256
			165	256
			164	255
			163	255
			162	255
			161	254
			160	254
			159	254
			158	254
			157	253
			156	253
			155	253
			154	253
			153	252
			152	252
			151	252
			150	251
			149	251
			148	251
			147	251
			146	251
			145	250
			144	250
			143	250
			142	250
			141	250
			140	249
			139	249
			138	249
			137	249
			136	249
			135	249
			134	248
			133	248
			132	248
			131	248
			130	248
			129	248
			128	247
			127	247
			126	247
			125	247
			124	247
			123	247
			122	247
			121	246
			120	246
			119	246
			118	246
			117	246
			116	246
			115	245
			114	245
			113	245
			112	245
			111	245
			110	245
			109	245
			108	244
			107	244
			106	244
			105	244
			104	244
			103	244
			102	244
			101	243
			100	243
			99	243
			98	243
			97	243
			96	243
			95	243
			94	243
			93	243
			92	242
			91	242
			90	242
			89	242
			88	242
			87	242
			86	242
			85	242
			84	242
			83	242
			82	242
			81	241
			80	241
			79	241
			78	241
			77	241
			76	241
			75	241
			74	241
			73	241
			72	241
			71	241
			70	241
			69	241
			68	241
			67	240
			66	240
			65	240
			64	240
			63	240
			62	240
			61	239
			60	239
			59	239
			58	239
			58	238
			57	238
			56	238
			55	238
			54	237
			53	237
			52	237
			51	236
			50	236
			49	235
			48	235
			47	234
			46	234
			45	233
			44	233
			43	232
			42	232
			41	231
			40	231
			39	231
			38	230
			37	230
			36	230
			35	230
			34	229
			33	229
			32	229
			31	228
			30	228
			29	228
			28	228
			27	228
			26	228
			25	227
			24	227
			23	227
		</ventral_body>
		<operculum type=matrix rownames=FALSE colnames=FALSE nrow=57 ncol=2 as.numeric=TRUE >
			122	209
			122	208
			122	207
			121	206
			121	205
			121	204
			121	203
			121	202
			120	201
			120	200
			120	199
			120	198
			120	197
			119	196
			119	195
			119	194
			119	193
			118	192
			118	191
			118	190
			118	189
			119	188
			119	187
			120	186
			120	185
			121	184
			121	183
			122	182
			122	181
			122	180
			123	179
			123	178
			124	177
			124	176
			124	175
			125	174
			125	173
			125	172
			126	171
			126	170
			126	169
			127	168
			127	167
			127	166
			127	165
			128	164
			128	163
			128	162
			128	161
			128	160
			128	159
			128	158
			128	157
			128	156
			127	155
			127	154
			127	153
		</operculum>
	</curves.pixel>
</shapes>

