<shapes type=list>
	<scaling type=logical names=FALSE length=1 as.numeric=FALSE >NA</scaling>
	<landmarks.pixel type=matrix rownames=TRUE colnames=FALSE nrow=17 ncol=2 as.numeric=TRUE >
		pectoral_dors	206	150
		pectoral_vent	215	228
		premax_post	35	194
		eye_ant	41	165
		eye_post	96	151
		upper_jaw	21	183
		dorsal_ant	388	121
		dorsal_post	428	146
		caud_pedunc_dors	469	170
		caud_scale_dors	492	170
		caud_scale_vent	499	199
		caud_pedunc_vent	477	204
		anal_post	452	215
		anal_ant	422	246
		lower_jaw	29	204
		operc_vent	188	210
		oper_dor	170	151
	</landmarks.pixel>
	<curves.control type=list>
		<head type=matrix rownames=FALSE colnames=FALSE nrow=11 ncol=2 as.numeric=TRUE >
			21	183
			33	172
			41	169
			43	151
			53	137
			79	124
			154	100
			234	86
			297	93
			348	109
			388	121
		</head>
		<dorsal type=matrix rownames=FALSE colnames=FALSE nrow=3 ncol=2 as.numeric=TRUE >
			388	121
			407	134
			428	146
		</dorsal>
		<caudal_dors_ant type=matrix rownames=FALSE colnames=FALSE nrow=3 ncol=2 as.numeric=TRUE >
			428	146
			448	165
			469	170
		</caudal_dors_ant>
		<caud_dors_post type=matrix rownames=FALSE colnames=FALSE nrow=3 ncol=2 as.numeric=TRUE >
			469	170
			482	173
			492	170
		</caud_dors_post>
		<caud_vent_post type=matrix rownames=FALSE colnames=FALSE nrow=3 ncol=2 as.numeric=TRUE >
			499	199
			488	201
			477	204
		</caud_vent_post>
		<caudal_vent_ant type=matrix rownames=FALSE colnames=FALSE nrow=3 ncol=2 as.numeric=TRUE >
			477	204
			461	206
			452	215
		</caudal_vent_ant>
		<anal type=matrix rownames=FALSE colnames=FALSE nrow=3 ncol=2 as.numeric=TRUE >
			452	215
			433	229
			422	246
		</anal>
		<ventral_body type=matrix rownames=FALSE colnames=FALSE nrow=9 ncol=2 as.numeric=TRUE >
			422	246
			399	256
			333	279
			265	290
			186	290
			110	270
			74	250
			51	236
			29	204
		</ventral_body>
		<operculum type=matrix rownames=FALSE colnames=FALSE nrow=7 ncol=2 as.numeric=TRUE >
			188	210
			173	199
			173	186
			178	179
			171	175
			166	170
			170	151
		</operculum>
	</curves.control>
	<curves.pixel type=list>
		<head type=matrix rownames=FALSE colnames=FALSE nrow=395 ncol=2 as.numeric=TRUE >
			21	183
			22	182
			23	181
			24	180
			25	179
			26	179
			27	178
			28	177
			29	176
			30	175
			31	174
			32	174
			33	173
			34	172
			35	172
			36	171
			37	171
			38	170
			39	170
			40	170
			40	169
			41	169
			41	168
			41	167
			41	166
			42	165
			42	164
			42	163
			42	162
			42	161
			42	160
			43	160
			43	159
			43	158
			43	157
			44	156
			44	155
			44	154
			44	153
			45	153
			45	152
			45	151
			46	150
			46	149
			47	148
			47	147
			48	146
			48	145
			49	144
			49	143
			50	142
			50	141
			51	140
			52	139
			53	138
			54	137
			55	136
			56	135
			57	135
			58	135
			59	134
			60	134
			61	133
			62	133
			63	132
			64	132
			65	132
			65	131
			66	131
			67	131
			68	130
			69	130
			70	129
			71	129
			72	129
			73	128
			74	128
			75	127
			76	127
			77	127
			78	126
			79	126
			80	125
			81	125
			82	125
			83	124
			84	124
			85	123
			86	123
			87	123
			88	123
			88	122
			89	122
			90	122
			91	121
			92	121
			93	121
			94	120
			95	120
			96	119
			97	119
			98	119
			99	118
			100	118
			101	118
			102	117
			103	117
			104	117
			105	116
			106	116
			107	116
			107	115
			108	115
			109	115
			110	115
			111	114
			112	114
			113	113
			114	113
			115	113
			116	112
			117	112
			118	112
			119	111
			120	111
			121	111
			122	111
			123	110
			124	110
			125	109
			126	109
			127	109
			128	108
			129	108
			130	108
			131	107
			132	107
			133	107
			134	106
			135	106
			136	106
			137	105
			138	105
			139	105
			140	104
			141	104
			142	104
			143	103
			144	103
			145	103
			146	102
			147	102
			148	102
			149	102
			150	101
			151	101
			152	101
			153	100
			154	100
			155	100
			156	100
			157	99
			158	99
			159	99
			160	99
			161	99
			162	99
			163	98
			164	98
			165	98
			166	98
			167	98
			168	98
			169	97
			170	97
			171	97
			172	97
			173	97
			174	97
			175	97
			176	96
			177	96
			178	96
			179	96
			180	96
			181	96
			182	96
			183	96
			184	95
			185	95
			186	95
			187	95
			188	95
			189	95
			190	95
			191	95
			192	94
			193	94
			194	94
			195	94
			196	94
			197	94
			198	94
			199	94
			200	94
			201	93
			202	93
			203	93
			204	93
			205	93
			206	93
			207	93
			208	93
			209	93
			210	93
			211	92
			212	92
			213	92
			214	92
			215	92
			216	92
			217	92
			218	92
			219	92
			220	92
			221	92
			222	92
			223	92
			224	92
			225	92
			226	91
			227	91
			228	91
			229	91
			230	91
			231	91
			232	91
			233	91
			234	91
			235	91
			236	91
			237	91
			238	91
			239	91
			240	91
			241	91
			242	91
			243	91
			244	91
			245	91
			246	91
			247	91
			248	91
			249	91
			250	91
			251	91
			252	91
			253	91
			254	91
			255	91
			256	91
			257	91
			258	91
			259	91
			260	91
			261	91
			262	91
			263	91
			264	91
			265	91
			266	91
			267	91
			268	91
			269	91
			270	91
			271	91
			272	91
			273	91
			274	91
			275	91
			276	91
			277	91
			278	91
			279	91
			280	92
			281	92
			282	92
			283	92
			284	92
			285	92
			286	92
			287	92
			288	92
			289	92
			290	92
			291	92
			292	92
			293	93
			294	93
			295	93
			296	93
			297	93
			298	93
			299	94
			300	94
			301	94
			302	94
			303	95
			304	95
			305	96
			306	96
			307	96
			308	96
			308	97
			309	97
			310	97
			311	97
			312	98
			313	98
			314	98
			315	99
			316	99
			317	99
			318	100
			319	100
			320	100
			321	100
			322	101
			323	101
			324	102
			325	102
			326	102
			327	102
			328	103
			329	103
			330	103
			331	104
			332	104
			333	104
			334	105
			335	105
			336	105
			337	106
			338	106
			339	106
			340	106
			341	107
			342	107
			343	107
			344	108
			345	108
			346	108
			347	109
			348	109
			349	109
			350	109
			350	110
			351	110
			352	110
			353	110
			354	111
			355	111
			356	111
			357	112
			358	112
			359	112
			360	113
			361	113
			362	113
			363	113
			364	114
			365	114
			366	114
			367	115
			368	115
			369	115
			370	116
			371	116
			372	116
			373	117
			374	117
			375	117
			376	117
			377	118
			378	118
			379	118
			380	119
			381	119
			382	119
			383	120
			384	120
			385	120
			386	120
			387	121
			388	121
		</head>
		<dorsal type=matrix rownames=FALSE colnames=FALSE nrow=46 ncol=2 as.numeric=TRUE >
			388	121
			389	122
			390	122
			390	123
			391	123
			392	124
			393	124
			394	125
			395	125
			395	126
			396	126
			397	127
			398	128
			399	128
			399	129
			400	129
			401	130
			402	130
			403	131
			404	131
			404	132
			405	132
			406	133
			407	133
			408	134
			409	134
			410	135
			410	136
			411	136
			412	137
			413	137
			414	138
			415	138
			416	139
			417	140
			418	140
			419	141
			420	142
			421	142
			422	143
			423	143
			424	144
			425	144
			426	145
			427	145
			428	146
		</dorsal>
		<caudal_dors_ant type=matrix rownames=FALSE colnames=FALSE nrow=43 ncol=2 as.numeric=TRUE >
			428	146
			429	147
			430	148
			431	148
			431	149
			432	150
			433	151
			434	151
			435	152
			436	153
			437	154
			438	155
			439	156
			440	156
			441	157
			442	158
			443	158
			444	159
			445	160
			446	160
			447	161
			448	162
			449	162
			450	163
			451	163
			452	164
			453	164
			454	165
			455	165
			456	166
			457	166
			458	166
			459	167
			460	167
			461	168
			462	168
			463	168
			464	169
			465	169
			466	169
			467	170
			468	170
			469	170
		</caudal_dors_ant>
		<caud_dors_post type=matrix rownames=FALSE colnames=FALSE nrow=24 ncol=2 as.numeric=TRUE >
			469	170
			470	170
			471	170
			472	171
			473	171
			474	171
			475	171
			476	171
			477	171
			478	171
			479	171
			480	171
			481	171
			482	171
			483	171
			484	171
			485	171
			486	171
			487	171
			488	171
			489	171
			490	171
			491	170
			492	170
		</caud_dors_post>
		<caud_vent_post type=matrix rownames=FALSE colnames=FALSE nrow=23 ncol=2 as.numeric=TRUE >
			499	199
			498	199
			497	199
			496	200
			495	200
			494	200
			493	200
			492	200
			491	201
			490	201
			489	201
			488	201
			487	201
			486	202
			485	202
			484	202
			483	202
			482	203
			481	203
			480	203
			479	204
			478	204
			477	204
		</caud_vent_post>
		<caudal_vent_ant type=matrix rownames=FALSE colnames=FALSE nrow=27 ncol=2 as.numeric=TRUE >
			477	204
			476	204
			475	204
			474	205
			473	205
			472	205
			471	205
			470	205
			469	206
			468	206
			467	206
			466	206
			465	207
			464	207
			463	208
			462	208
			461	209
			460	209
			459	209
			459	210
			458	210
			457	211
			456	212
			455	213
			454	213
			453	214
			452	215
		</caudal_vent_ant>
		<anal type=matrix rownames=FALSE colnames=FALSE nrow=38 ncol=2 as.numeric=TRUE >
			452	215
			451	216
			450	216
			449	217
			449	218
			448	218
			447	219
			446	220
			445	220
			444	221
			444	222
			443	222
			442	223
			441	224
			440	225
			439	226
			438	227
			437	228
			436	228
			435	229
			435	230
			434	231
			433	232
			432	233
			431	234
			430	235
			429	236
			428	237
			428	238
			427	239
			426	240
			425	241
			425	242
			424	243
			423	244
			423	245
			422	245
			422	246
		</anal>
		<ventral_body type=matrix rownames=FALSE colnames=FALSE nrow=405 ncol=2 as.numeric=TRUE >
			422	246
			421	246
			420	247
			419	247
			418	248
			417	248
			416	248
			415	249
			414	249
			413	250
			412	250
			411	251
			410	251
			409	251
			408	252
			407	252
			406	253
			405	253
			404	253
			403	254
			402	254
			401	254
			400	255
			399	255
			398	256
			397	256
			396	256
			395	257
			394	257
			393	258
			392	258
			391	258
			390	259
			389	259
			388	259
			387	260
			386	260
			385	261
			384	261
			383	261
			382	262
			381	262
			380	262
			379	263
			378	263
			377	263
			376	264
			375	264
			374	265
			373	265
			372	265
			371	266
			370	266
			369	266
			368	267
			367	267
			366	267
			365	268
			364	268
			363	268
			362	269
			361	269
			360	270
			359	270
			358	270
			357	271
			356	271
			355	271
			354	272
			353	272
			352	272
			351	273
			350	273
			349	274
			348	274
			347	274
			346	274
			345	275
			344	275
			343	275
			342	276
			341	276
			340	277
			339	277
			338	277
			337	278
			336	278
			335	278
			334	279
			333	279
			332	279
			331	279
			330	280
			329	280
			328	280
			327	280
			326	280
			325	280
			324	280
			323	281
			322	281
			321	281
			320	281
			319	281
			318	281
			317	281
			316	282
			315	282
			314	282
			313	282
			312	282
			311	282
			310	282
			309	283
			308	283
			307	283
			306	283
			305	283
			304	283
			303	283
			302	283
			301	284
			300	284
			299	284
			298	284
			297	284
			296	284
			295	284
			294	284
			293	284
			292	285
			291	285
			290	285
			289	285
			288	285
			287	285
			286	285
			285	285
			284	285
			283	285
			282	286
			281	286
			280	286
			279	286
			278	286
			277	286
			276	286
			275	286
			274	286
			273	286
			272	286
			271	287
			270	287
			269	287
			268	287
			267	287
			266	287
			265	287
			264	287
			263	287
			262	287
			261	287
			260	287
			259	288
			258	288
			257	288
			256	288
			255	288
			254	288
			253	288
			252	288
			251	288
			250	288
			249	288
			248	288
			247	288
			246	288
			245	288
			244	288
			243	288
			242	289
			241	289
			240	289
			239	289
			238	289
			237	289
			236	289
			235	289
			234	289
			233	289
			232	289
			231	289
			230	289
			229	289
			228	289
			227	289
			226	289
			225	289
			224	289
			223	289
			222	289
			221	289
			220	289
			219	290
			218	290
			217	290
			216	290
			215	290
			214	290
			213	290
			212	290
			211	290
			210	290
			209	290
			208	290
			207	290
			206	290
			205	290
			204	290
			203	290
			202	290
			201	290
			200	290
			199	290
			198	290
			197	290
			196	290
			195	290
			194	290
			193	290
			192	290
			191	290
			190	290
			189	290
			188	290
			187	290
			186	290
			185	290
			184	290
			184	289
			183	289
			182	289
			181	289
			180	288
			179	288
			178	288
			177	288
			176	287
			175	287
			174	287
			173	287
			172	286
			171	286
			170	286
			169	285
			168	285
			167	285
			166	284
			165	284
			164	284
			163	284
			162	283
			161	283
			160	283
			159	283
			159	282
			158	282
			157	282
			156	282
			155	281
			154	281
			153	281
			152	281
			151	280
			150	280
			149	280
			149	279
			148	279
			147	279
			146	279
			145	278
			144	278
			143	278
			142	277
			141	277
			140	277
			139	276
			138	276
			137	276
			136	275
			135	275
			134	275
			133	274
			132	274
			131	274
			130	273
			129	273
			128	273
			127	272
			126	272
			125	272
			124	271
			123	271
			122	271
			121	270
			120	270
			119	270
			118	269
			117	269
			116	269
			115	268
			114	268
			113	267
			112	267
			111	267
			110	266
			109	266
			108	265
			107	265
			106	265
			105	264
			104	264
			103	263
			102	263
			101	263
			100	262
			99	262
			98	261
			97	261
			96	261
			95	260
			94	260
			93	259
			92	259
			91	259
			91	258
			90	258
			89	257
			88	257
			87	257
			86	256
			85	256
			85	255
			84	255
			83	255
			82	254
			81	254
			80	253
			79	253
			78	252
			77	252
			76	251
			75	251
			74	250
			73	249
			72	249
			71	248
			70	247
			69	247
			68	246
			67	245
			66	244
			65	244
			65	243
			64	243
			63	242
			62	241
			61	240
			60	240
			59	239
			58	238
			57	237
			56	236
			55	235
			54	234
			53	233
			52	232
			51	231
			50	230
			49	229
			48	228
			47	227
			46	226
			46	225
			45	224
			44	223
			43	222
			42	221
			41	220
			40	219
			39	218
			38	217
			38	216
			37	215
			36	214
			35	213
			34	212
			34	211
			33	210
			33	209
			32	208
			31	207
			31	206
			30	205
			29	204
		</ventral_body>
		<operculum type=matrix rownames=FALSE colnames=FALSE nrow=65 ncol=2 as.numeric=TRUE >
			188	210
			187	209
			186	208
			185	208
			184	207
			183	206
			182	205
			181	204
			180	203
			179	202
			179	201
			178	201
			178	200
			177	199
			177	198
			176	197
			175	196
			175	195
			175	194
			174	193
			174	192
			174	191
			173	190
			173	189
			173	188
			173	187
			173	186
			174	185
			174	184
			175	183
			175	182
			175	181
			175	180
			175	179
			174	178
			174	177
			173	176
			172	175
			171	175
			170	174
			170	173
			169	173
			169	172
			169	171
			169	170
			168	169
			168	168
			168	167
			168	166
			168	165
			168	164
			168	163
			168	162
			168	161
			168	160
			169	160
			169	159
			169	158
			169	157
			169	156
			169	155
			169	154
			170	153
			170	152
			170	151
		</operculum>
	</curves.pixel>
</shapes>

