<shapes type=list>
	<scaling type=logical names=FALSE length=1 as.numeric=FALSE >NA</scaling>
	<landmarks.pixel type=matrix rownames=TRUE colnames=FALSE nrow=17 ncol=2 as.numeric=TRUE >
		pectoral_dors	169	135
		pectoral_vent	179	158
		premax_post	38	124
		eye_ant	90	85
		eye_post	134	86
		upper_jaw	14	122
		dorsal_ant	343	93
		dorsal_post	373	118
		caud_pedunc_dors	493	139
		caud_scale_dors	515	126
		caud_scale_vent	516	167
		caud_pedunc_vent	496	152
		anal_post	408	171
		anal_ant	391	186
		lower_jaw	22	132
		operc_vent	157	152
		oper_dor	168	122
	</landmarks.pixel>
	<curves.control type=list>
		<head type=matrix rownames=FALSE colnames=FALSE nrow=9 ncol=2 as.numeric=TRUE >
			14	122
			26	101
			66	76
			111	53
			147	62
			198	72
			278	85
			321	89
			343	93
		</head>
		<dorsal type=matrix rownames=FALSE colnames=FALSE nrow=3 ncol=2 as.numeric=TRUE >
			343	93
			362	104
			373	118
		</dorsal>
		<caudal_dors_ant type=matrix rownames=FALSE colnames=FALSE nrow=3 ncol=2 as.numeric=TRUE >
			373	118
			416	131
			493	139
		</caudal_dors_ant>
		<caud_dors_post type=matrix rownames=FALSE colnames=FALSE nrow=3 ncol=2 as.numeric=TRUE >
			493	139
			505	132
			515	126
		</caud_dors_post>
		<caud_vent_post type=matrix rownames=FALSE colnames=FALSE nrow=3 ncol=2 as.numeric=TRUE >
			516	167
			507	159
			496	152
		</caud_vent_post>
		<caudal_vent_ant type=matrix rownames=FALSE colnames=FALSE nrow=3 ncol=2 as.numeric=TRUE >
			496	152
			448	163
			408	171
		</caudal_vent_ant>
		<anal type=matrix rownames=FALSE colnames=FALSE nrow=3 ncol=2 as.numeric=TRUE >
			408	171
			401	178
			391	186
		</anal>
		<ventral_body type=matrix rownames=FALSE colnames=FALSE nrow=11 ncol=2 as.numeric=TRUE >
			391	186
			385	192
			366	207
			330	217
			237	253
			182	255
			128	234
			100	209
			65	182
			47	172
			22	132
		</ventral_body>
		<operculum type=matrix rownames=FALSE colnames=FALSE nrow=5 ncol=2 as.numeric=TRUE >
			157	152
			156	139
			157	125
			163	121
			168	122
		</operculum>
	</curves.control>
	<curves.pixel type=list>
		<head type=matrix rownames=FALSE colnames=FALSE nrow=341 ncol=2 as.numeric=TRUE >
			14	122
			15	121
			15	120
			16	119
			16	118
			17	117
			18	116
			19	115
			19	114
			20	113
			21	112
			22	111
			23	110
			24	109
			24	108
			25	107
			26	106
			27	105
			28	104
			29	104
			30	103
			30	102
			31	102
			32	101
			32	100
			33	100
			34	99
			35	99
			35	98
			36	97
			37	97
			38	96
			38	95
			39	95
			40	94
			41	93
			42	93
			42	92
			43	92
			44	91
			45	90
			46	90
			47	89
			48	88
			49	88
			49	87
			50	86
			51	86
			52	85
			53	84
			54	84
			55	83
			56	82
			57	82
			58	81
			59	80
			60	80
			61	79
			62	78
			63	78
			64	77
			65	77
			66	76
			67	75
			68	75
			69	75
			70	74
			71	74
			72	73
			73	72
			74	72
			75	72
			76	71
			77	71
			78	70
			79	70
			80	69
			81	69
			82	69
			83	68
			84	68
			85	68
			86	67
			87	67
			88	66
			89	66
			90	66
			91	65
			92	65
			93	65
			94	65
			95	64
			96	64
			97	64
			98	63
			99	63
			100	63
			101	63
			102	62
			103	62
			104	62
			105	62
			106	61
			107	61
			108	61
			109	61
			110	61
			111	61
			112	60
			113	60
			114	60
			115	60
			116	60
			117	60
			118	60
			119	60
			120	60
			121	60
			122	60
			123	60
			124	59
			125	59
			126	59
			127	59
			128	59
			129	60
			130	60
			131	60
			132	60
			133	60
			134	60
			135	60
			136	60
			137	60
			138	60
			139	60
			140	61
			141	61
			142	61
			143	61
			144	61
			145	61
			146	62
			147	62
			148	62
			149	62
			150	63
			151	63
			152	63
			153	63
			154	63
			155	64
			156	64
			157	64
			158	64
			159	64
			160	65
			161	65
			162	65
			163	65
			164	65
			165	65
			166	66
			167	66
			168	66
			169	66
			170	66
			171	67
			172	67
			173	67
			174	67
			175	67
			176	68
			177	68
			178	68
			179	68
			180	68
			181	68
			182	69
			183	69
			184	69
			185	69
			186	69
			187	69
			188	70
			189	70
			190	70
			191	70
			192	70
			193	71
			194	71
			195	71
			196	71
			197	71
			198	71
			199	72
			200	72
			201	72
			202	72
			203	72
			204	73
			205	73
			206	73
			207	73
			208	73
			209	73
			210	74
			211	74
			212	74
			213	74
			214	74
			215	75
			216	75
			217	75
			218	75
			219	75
			220	75
			221	76
			222	76
			223	76
			224	76
			225	76
			226	76
			227	77
			228	77
			229	77
			230	77
			231	77
			232	77
			233	78
			234	78
			235	78
			236	78
			237	78
			238	78
			239	79
			240	79
			241	79
			242	79
			243	79
			244	79
			245	80
			246	80
			247	80
			248	80
			249	80
			250	80
			251	81
			252	81
			253	81
			254	81
			255	81
			256	81
			257	82
			258	82
			259	82
			260	82
			261	82
			262	82
			263	83
			264	83
			265	83
			266	83
			267	83
			268	83
			269	84
			270	84
			271	84
			272	84
			273	84
			274	84
			275	84
			275	85
			276	85
			277	85
			278	85
			279	85
			280	85
			281	85
			282	85
			283	85
			284	86
			285	86
			286	86
			287	86
			288	86
			289	86
			290	86
			291	86
			292	86
			293	86
			294	87
			295	87
			296	87
			297	87
			298	87
			299	87
			300	87
			301	87
			302	87
			303	88
			304	88
			305	88
			306	88
			307	88
			308	88
			309	88
			310	88
			311	88
			312	89
			313	89
			314	89
			315	89
			316	89
			317	89
			318	89
			319	89
			320	90
			321	90
			322	90
			323	90
			324	90
			325	90
			326	90
			327	91
			328	91
			329	91
			330	91
			331	91
			332	91
			333	91
			334	92
			335	92
			336	92
			337	92
			338	92
			339	92
			340	93
			341	93
			342	93
			343	93
		</head>
		<dorsal type=matrix rownames=FALSE colnames=FALSE nrow=40 ncol=2 as.numeric=TRUE >
			343	93
			344	94
			345	94
			346	95
			347	95
			348	96
			349	96
			350	97
			350	98
			351	98
			352	99
			353	99
			354	100
			355	101
			356	101
			356	102
			357	102
			358	103
			359	104
			360	104
			360	105
			361	106
			362	106
			363	107
			363	108
			364	108
			365	109
			365	110
			366	110
			367	111
			367	112
			368	112
			369	113
			369	114
			370	114
			371	115
			371	116
			372	116
			372	117
			373	118
		</dorsal>
		<caudal_dors_ant type=matrix rownames=FALSE colnames=FALSE nrow=121 ncol=2 as.numeric=TRUE >
			373	118
			374	118
			375	119
			376	119
			377	119
			378	119
			379	120
			380	120
			381	120
			382	121
			383	121
			384	121
			385	121
			386	122
			387	122
			388	122
			389	122
			390	123
			391	123
			392	123
			393	123
			394	124
			395	124
			396	124
			397	124
			398	125
			399	125
			400	125
			401	125
			402	125
			403	126
			404	126
			405	126
			406	126
			407	126
			408	127
			409	127
			410	127
			411	127
			412	127
			413	128
			414	128
			415	128
			416	128
			417	128
			418	129
			419	129
			420	129
			421	129
			422	129
			423	130
			424	130
			425	130
			426	130
			427	130
			428	130
			429	131
			430	131
			431	131
			432	131
			433	131
			434	131
			435	132
			436	132
			437	132
			438	132
			439	132
			440	132
			441	132
			442	133
			443	133
			444	133
			445	133
			446	133
			447	133
			448	133
			449	134
			450	134
			451	134
			452	134
			453	134
			454	134
			455	134
			456	135
			457	135
			458	135
			459	135
			460	135
			461	135
			462	135
			463	136
			464	136
			465	136
			466	136
			467	136
			468	136
			469	136
			470	136
			471	137
			472	137
			473	137
			474	137
			475	137
			476	137
			477	137
			478	137
			479	137
			480	138
			481	138
			482	138
			483	138
			484	138
			485	138
			486	138
			487	138
			488	138
			489	139
			490	139
			491	139
			492	139
			493	139
		</caudal_dors_ant>
		<caud_dors_post type=matrix rownames=FALSE colnames=FALSE nrow=26 ncol=2 as.numeric=TRUE >
			493	139
			494	138
			495	138
			496	137
			497	137
			498	136
			499	136
			499	135
			500	135
			501	134
			502	134
			503	133
			504	133
			505	132
			506	132
			506	131
			507	131
			508	130
			509	130
			510	129
			511	129
			511	128
			512	128
			513	127
			514	127
			515	126
		</caud_dors_post>
		<caud_vent_post type=matrix rownames=FALSE colnames=FALSE nrow=22 ncol=2 as.numeric=TRUE >
			516	167
			515	166
			514	165
			513	164
			512	164
			511	163
			510	162
			509	161
			508	161
			507	160
			506	159
			505	158
			504	158
			504	157
			503	156
			502	156
			501	155
			500	155
			499	154
			498	153
			497	153
			496	152
		</caud_vent_post>
		<caudal_vent_ant type=matrix rownames=FALSE colnames=FALSE nrow=92 ncol=2 as.numeric=TRUE >
			496	152
			495	152
			494	152
			493	153
			492	153
			491	153
			490	153
			489	154
			488	154
			487	154
			486	154
			485	155
			484	155
			483	155
			482	155
			481	155
			480	156
			479	156
			478	156
			477	156
			476	157
			475	157
			474	157
			473	157
			472	157
			471	158
			470	158
			469	158
			468	158
			467	158
			467	159
			466	159
			465	159
			464	159
			463	159
			462	160
			461	160
			460	160
			459	160
			458	161
			457	161
			456	161
			455	161
			454	161
			453	161
			453	162
			452	162
			451	162
			450	162
			449	162
			448	163
			447	163
			446	163
			445	163
			444	164
			443	164
			442	164
			441	164
			440	164
			439	165
			438	165
			437	165
			436	165
			435	165
			434	166
			433	166
			432	166
			431	166
			430	166
			430	167
			429	167
			428	167
			427	167
			426	167
			425	168
			424	168
			423	168
			422	168
			421	168
			420	169
			419	169
			418	169
			417	169
			416	169
			415	170
			414	170
			413	170
			412	170
			411	170
			410	171
			409	171
			408	171
		</caudal_vent_ant>
		<anal type=matrix rownames=FALSE colnames=FALSE nrow=19 ncol=2 as.numeric=TRUE >
			408	171
			407	172
			406	173
			405	174
			404	175
			403	176
			402	176
			401	177
			401	178
			400	179
			399	180
			398	180
			397	181
			396	182
			395	183
			394	184
			393	185
			392	185
			391	186
		</anal>
		<ventral_body type=matrix rownames=FALSE colnames=FALSE nrow=395 ncol=2 as.numeric=TRUE >
			391	186
			390	187
			389	188
			388	189
			387	190
			386	191
			385	192
			384	193
			383	193
			382	194
			381	195
			380	195
			379	196
			379	197
			378	198
			377	199
			376	199
			375	200
			374	201
			373	201
			373	202
			372	202
			371	203
			370	204
			369	205
			368	205
			367	206
			366	207
			365	207
			364	208
			363	208
			362	208
			361	208
			361	209
			360	209
			359	209
			358	209
			357	210
			356	210
			355	210
			354	210
			353	211
			352	211
			351	211
			350	212
			349	212
			348	212
			347	213
			346	213
			345	213
			344	214
			343	214
			342	214
			341	215
			340	215
			339	215
			338	216
			337	216
			336	217
			335	217
			334	217
			333	218
			332	218
			331	218
			330	218
			329	219
			328	219
			327	220
			326	220
			325	220
			324	221
			323	221
			322	221
			321	222
			320	222
			319	222
			318	223
			317	223
			316	223
			316	224
			315	224
			314	224
			313	224
			312	225
			311	225
			310	225
			310	226
			309	226
			308	226
			307	227
			306	227
			305	227
			304	228
			303	228
			302	229
			301	229
			300	229
			299	230
			298	230
			297	230
			296	231
			295	231
			294	231
			294	232
			293	232
			292	232
			291	233
			290	233
			289	233
			288	233
			288	234
			287	234
			286	234
			285	235
			284	235
			283	235
			282	236
			281	236
			280	237
			279	237
			278	238
			277	238
			276	238
			275	239
			274	239
			273	239
			272	240
			271	240
			270	240
			269	241
			268	241
			267	242
			266	242
			265	242
			264	243
			263	243
			262	243
			261	244
			260	244
			259	245
			258	245
			257	245
			256	246
			255	246
			254	246
			253	247
			252	247
			251	248
			250	248
			249	248
			248	249
			247	249
			246	250
			245	250
			244	250
			243	251
			242	251
			241	252
			240	252
			239	252
			238	253
			237	253
			236	253
			235	253
			234	253
			233	253
			232	253
			231	253
			230	253
			229	253
			228	253
			227	253
			226	253
			225	253
			224	253
			223	253
			222	253
			221	253
			220	253
			219	253
			218	253
			217	253
			216	253
			215	253
			214	253
			213	253
			212	253
			211	253
			210	253
			209	253
			208	252
			207	252
			206	252
			205	252
			204	252
			203	252
			202	252
			201	252
			200	252
			199	252
			198	252
			197	251
			196	251
			195	251
			194	251
			193	251
			192	251
			191	251
			190	250
			189	250
			188	250
			187	250
			186	250
			185	250
			184	250
			183	249
			182	249
			181	249
			180	249
			179	249
			178	248
			177	248
			176	248
			175	248
			174	248
			173	247
			172	247
			171	247
			170	247
			169	247
			168	246
			167	246
			166	246
			165	246
			164	245
			163	245
			162	245
			161	245
			160	245
			159	244
			158	244
			157	244
			157	243
			156	243
			155	243
			154	243
			153	242
			152	242
			151	242
			150	241
			149	241
			148	241
			147	241
			146	240
			145	240
			144	240
			143	239
			142	239
			141	239
			140	238
			139	238
			138	238
			137	237
			136	237
			135	237
			134	236
			133	236
			132	236
			131	235
			130	235
			129	234
			128	234
			127	233
			126	232
			125	231
			124	231
			123	230
			122	229
			121	228
			120	227
			119	226
			118	225
			117	224
			116	223
			115	222
			114	221
			113	220
			112	220
			111	219
			110	218
			109	217
			108	216
			107	216
			106	215
			105	214
			104	213
			103	212
			102	212
			101	211
			100	210
			99	209
			98	208
			97	208
			96	207
			95	206
			94	205
			93	204
			92	203
			91	203
			90	202
			89	201
			88	200
			87	199
			86	199
			85	198
			84	197
			83	196
			82	195
			81	194
			80	194
			79	193
			78	192
			77	191
			76	190
			75	189
			74	189
			73	188
			72	188
			72	187
			71	187
			70	186
			69	185
			68	184
			67	184
			66	183
			65	182
			64	182
			64	181
			63	181
			62	180
			61	180
			60	179
			59	178
			58	177
			57	176
			56	175
			55	174
			54	174
			53	173
			53	172
			52	172
			51	171
			51	170
			50	170
			49	169
			49	168
			48	167
			47	167
			47	166
			46	165
			45	164
			44	164
			44	163
			43	162
			42	161
			42	160
			41	159
			40	158
			39	157
			39	156
			38	156
			37	155
			37	154
			36	153
			35	152
			34	151
			34	150
			33	149
			33	148
			32	147
			31	146
			31	145
			30	144
			29	143
			28	142
			28	141
			27	140
			26	139
			26	138
			25	137
			24	136
			24	135
			23	134
			23	133
			22	132
		</ventral_body>
		<operculum type=matrix rownames=FALSE colnames=FALSE nrow=40 ncol=2 as.numeric=TRUE >
			157	152
			157	151
			157	150
			157	149
			157	148
			157	147
			157	146
			157	145
			157	144
			157	143
			157	142
			157	141
			157	140
			157	139
			157	138
			157	137
			157	136
			157	135
			157	134
			157	133
			157	132
			157	131
			157	130
			157	129
			157	128
			157	127
			157	126
			157	125
			158	125
			158	124
			159	124
			160	123
			161	123
			162	122
			163	122
			164	122
			165	122
			166	122
			167	122
			168	122
		</operculum>
	</curves.pixel>
</shapes>

