<shapes type=list>
	<scaling type=logical names=FALSE length=1 as.numeric=FALSE >NA</scaling>
	<landmarks.pixel type=matrix rownames=TRUE colnames=FALSE nrow=17 ncol=2 as.numeric=TRUE >
		pectoral_dors	782	820
		pectoral_vent	789	915
		premax_post	341	901
		eye_ant	465	788
		eye_post	644	781
		upper_jaw	308	837
		dorsal_ant	1222	532
		dorsal_post	1450	652
		caud_pedunc_dors	1580	668
		caud_scale_dors	1678	642
		caud_scale_vent	1693	798
		caud_pedunc_vent	1597	803
		anal_post	1479	847
		anal_ant	1311	970
		lower_jaw	269	867
		operc_vent	759	906
		oper_dor	752	803
	</landmarks.pixel>
	<curves.control type=list>
		<head type=matrix rownames=FALSE colnames=FALSE nrow=11 ncol=2 as.numeric=TRUE >
			308	837
			382	794
			448	759
			495	722
			597	669
			698	598
			769	546
			828	549
			965	549
			1090	548
			1222	532
		</head>
		<dorsal type=matrix rownames=FALSE colnames=FALSE nrow=5 ncol=2 as.numeric=TRUE >
			1222	532
			1315	560
			1367	581
			1414	612
			1450	652
		</dorsal>
		<caudal_dors_ant type=matrix rownames=FALSE colnames=FALSE nrow=3 ncol=2 as.numeric=TRUE >
			1450	652
			1518	669
			1580	668
		</caudal_dors_ant>
		<caud_dors_post type=matrix rownames=FALSE colnames=FALSE nrow=3 ncol=2 as.numeric=TRUE >
			1580	668
			1634	658
			1678	642
		</caud_dors_post>
		<caud_vent_post type=matrix rownames=FALSE colnames=FALSE nrow=3 ncol=2 as.numeric=TRUE >
			1693	798
			1644	798
			1597	803
		</caud_vent_post>
		<caudal_vent_ant type=matrix rownames=FALSE colnames=FALSE nrow=3 ncol=2 as.numeric=TRUE >
			1597	803
			1538	818
			1479	847
		</caudal_vent_ant>
		<anal type=matrix rownames=FALSE colnames=FALSE nrow=3 ncol=2 as.numeric=TRUE >
			1479	847
			1401	920
			1311	970
		</anal>
		<ventral_body type=matrix rownames=FALSE colnames=FALSE nrow=19 ncol=2 as.numeric=TRUE >
			1311	970
			1284	994
			1261	1024
			1279	1045
			1251	1070
			1174	1080
			1038	1077
			870	1075
			695	1041
			588	1021
			561	1024
			520	1006
			463	992
			411	982
			367	972
			321	955
			282	930
			260	908
			269	867
		</ventral_body>
		<operculum type=matrix rownames=FALSE colnames=FALSE nrow=7 ncol=2 as.numeric=TRUE >
			759	906
			745	896
			740	865
			740	843
			744	824
			747	814
			752	803
		</operculum>
	</curves.control>
	<curves.pixel type=list>
		<head type=matrix rownames=FALSE colnames=FALSE nrow=951 ncol=2 as.numeric=TRUE >
			308	837
			309	837
			309	836
			310	836
			311	835
			312	835
			312	834
			313	834
			314	834
			315	833
			316	832
			317	832
			318	831
			319	831
			320	830
			321	830
			321	829
			322	829
			323	828
			324	828
			325	827
			326	827
			327	826
			328	826
			328	825
			329	825
			330	824
			331	824
			332	823
			333	823
			334	822
			335	822
			335	821
			336	821
			337	820
			338	820
			339	819
			340	819
			341	818
			342	817
			343	817
			344	816
			345	815
			346	815
			347	815
			348	814
			349	813
			350	813
			351	812
			352	812
			353	811
			354	811
			354	810
			355	810
			356	810
			357	809
			358	808
			359	808
			360	807
			361	807
			362	806
			363	806
			363	805
			364	805
			365	804
			366	804
			367	803
			368	803
			369	802
			370	802
			370	801
			371	801
			372	800
			373	800
			374	799
			375	799
			376	798
			377	798
			377	797
			378	797
			379	796
			380	796
			381	795
			382	795
			383	794
			384	794
			385	793
			386	792
			387	792
			388	791
			389	791
			390	790
			391	790
			392	789
			393	789
			394	788
			395	788
			396	787
			397	787
			397	786
			398	786
			399	786
			400	785
			401	784
			402	784
			403	783
			404	783
			405	782
			406	782
			406	781
			407	781
			408	780
			409	780
			410	779
			411	779
			412	779
			413	778
			414	777
			415	777
			416	776
			417	775
			418	775
			419	775
			419	774
			420	774
			421	774
			421	773
			422	773
			423	773
			423	772
			424	772
			425	771
			426	771
			427	770
			428	770
			429	769
			430	769
			431	768
			432	768
			433	767
			434	767
			435	766
			436	765
			437	765
			438	764
			439	764
			440	763
			441	763
			442	762
			443	762
			444	761
			445	761
			445	760
			446	760
			447	760
			448	759
			449	758
			450	757
			451	757
			452	756
			453	755
			454	754
			455	753
			456	753
			457	752
			458	751
			459	751
			460	750
			461	749
			462	749
			463	748
			463	747
			464	747
			465	746
			466	745
			467	745
			468	744
			469	743
			470	743
			471	742
			472	741
			473	741
			474	740
			475	739
			476	739
			477	738
			478	737
			479	737
			480	736
			481	735
			482	735
			483	734
			484	733
			485	733
			486	732
			487	731
			488	731
			489	730
			490	730
			491	729
			492	729
			492	728
			493	728
			494	727
			495	727
			496	726
			497	725
			498	724
			499	724
			500	723
			501	723
			502	722
			503	721
			504	721
			505	720
			506	720
			506	719
			507	719
			508	719
			508	718
			509	718
			510	718
			510	717
			511	717
			512	716
			513	716
			514	715
			515	714
			516	714
			517	713
			518	713
			519	712
			520	711
			521	711
			522	710
			523	709
			524	709
			525	708
			526	708
			527	707
			528	706
			529	706
			530	705
			531	705
			532	704
			533	704
			534	703
			535	702
			536	702
			537	701
			538	701
			539	700
			540	700
			541	699
			542	699
			543	698
			544	697
			545	697
			546	696
			547	696
			548	695
			549	695
			550	694
			551	694
			552	693
			553	693
			554	692
			555	692
			555	691
			556	691
			557	690
			558	690
			559	689
			560	688
			561	688
			562	687
			563	687
			564	686
			565	686
			566	685
			567	685
			568	684
			569	684
			570	683
			571	683
			572	682
			573	681
			574	681
			575	680
			576	680
			577	679
			578	679
			579	678
			580	678
			581	677
			582	677
			583	676
			584	676
			585	676
			585	675
			586	675
			587	674
			588	674
			589	673
			590	673
			591	672
			592	672
			593	671
			594	671
			595	670
			596	670
			597	669
			598	669
			598	668
			599	667
			600	667
			601	666
			602	665
			603	665
			604	664
			605	663
			606	663
			607	662
			608	661
			609	661
			610	660
			611	659
			612	658
			613	657
			614	657
			615	656
			616	656
			617	655
			618	654
			619	654
			620	653
			621	652
			622	651
			623	651
			624	650
			625	649
			626	649
			627	648
			628	647
			629	647
			630	646
			630	645
			631	645
			632	644
			633	643
			634	643
			635	642
			636	642
			637	641
			638	640
			639	640
			640	639
			640	638
			641	638
			642	637
			643	636
			644	636
			645	635
			646	634
			647	634
			648	633
			649	633
			649	632
			650	631
			651	631
			652	630
			653	629
			654	629
			655	628
			656	628
			657	627
			657	626
			658	626
			659	625
			660	624
			661	624
			662	623
			663	623
			664	622
			664	621
			665	621
			666	620
			667	619
			668	619
			669	618
			670	618
			671	617
			671	616
			672	616
			673	615
			674	615
			675	614
			676	613
			677	613
			677	612
			678	612
			679	611
			680	610
			681	610
			682	609
			683	608
			684	607
			685	606
			686	606
			687	605
			688	604
			689	604
			690	603
			691	602
			692	601
			693	601
			694	600
			695	599
			696	599
			697	598
			698	597
			699	597
			700	596
			701	595
			702	594
			703	594
			704	593
			705	592
			706	592
			707	591
			708	590
			709	590
			710	589
			711	588
			712	588
			713	587
			714	586
			715	585
			716	584
			717	584
			717	583
			718	583
			719	582
			720	581
			721	581
			722	580
			723	579
			724	579
			725	578
			726	577
			727	576
			728	576
			729	575
			730	574
			731	574
			732	573
			733	572
			734	572
			735	571
			736	570
			737	570
			738	569
			738	568
			739	568
			740	567
			741	566
			742	566
			743	565
			744	564
			745	564
			746	563
			747	562
			748	562
			748	561
			749	560
			750	560
			751	559
			752	558
			753	558
			754	557
			755	556
			756	556
			756	555
			757	555
			758	554
			759	553
			760	553
			761	552
			762	551
			763	551
			763	550
			764	549
			765	549
			766	548
			767	548
			768	547
			769	546
			770	546
			771	546
			772	546
			773	546
			774	546
			775	546
			776	546
			777	546
			778	546
			779	546
			780	547
			781	547
			782	547
			783	547
			784	547
			785	547
			786	547
			787	547
			788	547
			789	547
			790	547
			791	547
			792	547
			793	547
			794	547
			795	547
			796	547
			797	547
			798	547
			799	547
			800	547
			801	547
			802	547
			803	547
			804	547
			805	547
			806	547
			807	547
			808	547
			809	547
			810	547
			811	548
			812	548
			813	548
			814	548
			815	548
			816	548
			817	548
			818	548
			819	548
			820	548
			821	548
			822	548
			823	548
			824	548
			825	548
			826	548
			827	548
			828	548
			829	548
			830	548
			831	548
			832	548
			833	548
			834	548
			835	548
			836	548
			837	548
			838	548
			839	548
			840	548
			841	548
			842	548
			843	548
			844	548
			845	548
			846	548
			847	548
			848	548
			849	548
			850	548
			851	548
			852	548
			853	548
			854	548
			855	548
			856	548
			857	548
			858	548
			859	548
			860	548
			861	548
			862	548
			863	548
			864	548
			865	548
			866	548
			867	549
			868	549
			869	549
			870	549
			871	549
			872	549
			873	549
			874	549
			875	549
			876	549
			877	549
			878	549
			879	549
			880	549
			881	549
			882	549
			883	549
			884	549
			885	549
			886	549
			887	549
			888	549
			889	549
			890	549
			891	549
			892	549
			893	549
			894	549
			895	549
			896	549
			897	549
			898	549
			899	549
			900	549
			901	549
			902	549
			903	549
			904	549
			905	549
			906	549
			907	549
			908	549
			909	549
			910	549
			911	549
			912	549
			913	549
			914	549
			915	549
			916	549
			917	549
			918	549
			919	549
			920	549
			921	549
			922	549
			923	549
			924	549
			925	549
			926	549
			927	549
			928	549
			929	549
			930	549
			931	549
			932	549
			933	549
			934	549
			935	549
			936	549
			937	549
			938	549
			939	549
			940	549
			941	549
			942	549
			943	549
			944	549
			945	549
			946	549
			947	549
			948	549
			949	549
			950	549
			951	549
			952	549
			953	549
			954	549
			955	549
			956	549
			957	549
			958	549
			959	549
			960	549
			961	549
			962	549
			963	549
			964	549
			965	549
			966	549
			967	549
			968	549
			969	549
			970	549
			971	549
			972	549
			973	549
			974	549
			975	549
			976	549
			977	549
			978	549
			979	549
			980	549
			981	549
			982	549
			983	549
			984	549
			985	549
			986	549
			987	549
			988	549
			989	549
			990	549
			991	549
			992	549
			993	549
			994	549
			995	549
			996	549
			997	548
			998	548
			999	548
			1000	548
			1001	548
			1002	548
			1003	548
			1004	548
			1005	548
			1006	548
			1007	548
			1008	548
			1009	548
			1010	548
			1011	548
			1012	548
			1013	548
			1014	548
			1015	548
			1016	548
			1017	548
			1018	548
			1019	548
			1020	548
			1021	548
			1022	548
			1023	548
			1024	548
			1025	548
			1026	548
			1027	548
			1028	548
			1029	548
			1030	547
			1031	547
			1032	547
			1033	547
			1034	547
			1035	547
			1036	547
			1037	547
			1038	547
			1039	547
			1040	547
			1041	547
			1042	547
			1043	547
			1044	547
			1045	547
			1046	547
			1047	547
			1048	547
			1049	547
			1050	547
			1051	547
			1052	547
			1053	546
			1054	546
			1055	546
			1056	546
			1057	546
			1058	546
			1059	546
			1060	546
			1061	546
			1062	546
			1063	546
			1064	546
			1065	546
			1066	546
			1067	546
			1068	546
			1069	546
			1070	546
			1071	546
			1072	545
			1073	545
			1074	545
			1075	545
			1076	545
			1077	545
			1078	545
			1079	545
			1080	545
			1081	545
			1082	545
			1083	545
			1084	545
			1085	545
			1086	545
			1087	545
			1088	544
			1089	544
			1090	544
			1091	544
			1092	544
			1093	544
			1094	544
			1095	544
			1096	544
			1097	544
			1098	544
			1099	544
			1100	544
			1101	544
			1102	544
			1103	544
			1104	543
			1105	543
			1106	543
			1107	543
			1108	543
			1109	543
			1110	543
			1111	543
			1112	543
			1113	543
			1114	543
			1115	543
			1116	542
			1117	542
			1118	542
			1119	542
			1120	542
			1121	542
			1122	542
			1123	542
			1124	542
			1125	542
			1126	542
			1127	542
			1128	542
			1129	541
			1130	541
			1131	541
			1132	541
			1133	541
			1134	541
			1135	541
			1136	541
			1137	541
			1138	541
			1139	541
			1140	541
			1141	540
			1142	540
			1143	540
			1144	540
			1145	540
			1146	540
			1147	540
			1148	540
			1149	540
			1150	540
			1151	540
			1152	539
			1153	539
			1154	539
			1155	539
			1156	539
			1157	539
			1158	539
			1159	539
			1160	539
			1161	539
			1162	539
			1163	538
			1164	538
			1165	538
			1166	538
			1167	538
			1168	538
			1169	538
			1170	538
			1171	538
			1172	538
			1173	537
			1174	537
			1175	537
			1176	537
			1177	537
			1178	537
			1179	537
			1180	537
			1181	537
			1182	536
			1183	536
			1184	536
			1185	536
			1186	536
			1187	536
			1188	536
			1189	536
			1190	536
			1191	536
			1192	535
			1193	535
			1194	535
			1195	535
			1196	535
			1197	535
			1198	535
			1199	535
			1200	535
			1201	534
			1202	534
			1203	534
			1204	534
			1205	534
			1206	534
			1207	534
			1208	534
			1209	534
			1210	533
			1211	533
			1212	533
			1213	533
			1214	533
			1215	533
			1216	533
			1217	533
			1218	533
			1218	532
			1219	532
			1220	532
			1221	532
			1222	532
		</head>
		<dorsal type=matrix rownames=FALSE colnames=FALSE nrow=242 ncol=2 as.numeric=TRUE >
			1222	532
			1223	532
			1224	533
			1225	533
			1226	533
			1227	533
			1228	534
			1229	534
			1230	535
			1231	535
			1232	535
			1233	535
			1234	536
			1235	536
			1236	536
			1237	537
			1238	537
			1239	537
			1240	538
			1241	538
			1242	538
			1243	538
			1244	539
			1245	539
			1246	539
			1247	540
			1248	540
			1249	540
			1250	540
			1251	541
			1252	541
			1253	541
			1254	542
			1255	542
			1256	543
			1257	543
			1258	543
			1259	543
			1260	544
			1261	544
			1262	544
			1263	545
			1264	545
			1265	545
			1266	546
			1267	546
			1268	546
			1269	547
			1270	547
			1271	547
			1272	547
			1273	548
			1274	548
			1275	549
			1276	549
			1277	549
			1278	549
			1278	550
			1279	550
			1280	550
			1281	550
			1282	551
			1283	551
			1284	551
			1285	552
			1286	552
			1287	552
			1288	553
			1289	553
			1290	553
			1291	554
			1292	554
			1293	554
			1294	555
			1295	555
			1296	555
			1297	556
			1298	556
			1299	556
			1300	557
			1301	557
			1302	557
			1303	558
			1304	558
			1305	558
			1306	559
			1307	559
			1308	559
			1309	560
			1310	560
			1311	561
			1312	561
			1313	561
			1314	561
			1314	562
			1315	562
			1316	562
			1317	562
			1318	563
			1319	563
			1320	564
			1321	564
			1322	564
			1323	564
			1323	565
			1324	565
			1325	565
			1326	566
			1327	566
			1328	566
			1329	567
			1330	567
			1331	567
			1332	568
			1333	568
			1334	569
			1335	569
			1336	569
			1337	570
			1338	570
			1339	570
			1340	571
			1341	571
			1342	571
			1343	572
			1344	572
			1345	572
			1345	573
			1346	573
			1347	573
			1348	574
			1349	574
			1350	574
			1351	575
			1352	575
			1353	575
			1353	576
			1354	576
			1355	576
			1356	577
			1357	577
			1358	577
			1359	578
			1360	578
			1361	579
			1362	579
			1363	579
			1364	580
			1365	580
			1366	581
			1367	581
			1368	582
			1369	582
			1370	583
			1371	584
			1372	585
			1373	585
			1374	586
			1375	587
			1376	587
			1377	588
			1378	589
			1379	589
			1380	590
			1381	591
			1382	592
			1383	592
			1384	593
			1385	594
			1386	594
			1387	595
			1388	596
			1389	597
			1390	597
			1391	598
			1392	599
			1393	600
			1394	600
			1395	601
			1396	602
			1397	602
			1398	603
			1399	604
			1400	605
			1401	605
			1402	606
			1403	607
			1403	608
			1404	609
			1405	609
			1406	610
			1407	611
			1408	612
			1409	612
			1410	613
			1411	614
			1412	615
			1413	615
			1414	616
			1414	617
			1415	618
			1416	619
			1417	619
			1418	620
			1419	621
			1420	622
			1421	623
			1422	623
			1422	624
			1423	625
			1424	626
			1425	627
			1426	627
			1427	628
			1428	629
			1429	630
			1429	631
			1430	631
			1431	632
			1432	633
			1433	634
			1434	635
			1434	636
			1435	636
			1436	637
			1437	638
			1438	639
			1439	640
			1439	641
			1440	642
			1441	642
			1442	643
			1443	644
			1444	645
			1444	646
			1445	647
			1446	648
			1447	648
			1448	649
			1448	650
			1449	651
			1450	652
		</dorsal>
		<caudal_dors_ant type=matrix rownames=FALSE colnames=FALSE nrow=135 ncol=2 as.numeric=TRUE >
			1450	652
			1451	652
			1452	653
			1453	653
			1454	653
			1455	653
			1456	654
			1457	654
			1458	654
			1459	654
			1460	654
			1461	655
			1462	655
			1463	655
			1464	655
			1465	656
			1466	656
			1467	656
			1468	656
			1469	656
			1470	657
			1471	657
			1472	657
			1473	657
			1474	657
			1474	658
			1475	658
			1476	658
			1477	658
			1478	658
			1479	659
			1480	659
			1481	659
			1482	659
			1483	659
			1484	659
			1485	660
			1486	660
			1487	660
			1488	660
			1489	660
			1490	661
			1491	661
			1492	661
			1493	661
			1494	661
			1495	661
			1496	662
			1497	662
			1498	662
			1499	662
			1500	662
			1501	662
			1502	662
			1503	663
			1504	663
			1505	663
			1506	663
			1507	663
			1508	663
			1509	663
			1509	664
			1510	664
			1511	664
			1512	664
			1513	664
			1514	664
			1515	664
			1516	664
			1517	665
			1518	665
			1519	665
			1520	665
			1521	665
			1522	665
			1523	665
			1524	665
			1525	665
			1525	666
			1526	666
			1527	666
			1528	666
			1529	666
			1530	666
			1531	666
			1532	666
			1533	666
			1534	666
			1535	666
			1536	666
			1536	667
			1537	667
			1538	667
			1539	667
			1540	667
			1541	667
			1542	667
			1543	667
			1544	667
			1545	667
			1546	667
			1547	667
			1548	667
			1549	667
			1550	667
			1551	668
			1552	668
			1553	668
			1554	668
			1555	668
			1556	668
			1557	668
			1558	668
			1559	668
			1560	668
			1561	668
			1562	668
			1563	668
			1564	668
			1565	668
			1566	668
			1567	668
			1568	668
			1569	668
			1570	668
			1571	668
			1572	668
			1573	668
			1574	668
			1575	668
			1576	668
			1577	668
			1578	668
			1579	668
			1580	668
		</caudal_dors_ant>
		<caud_dors_post type=matrix rownames=FALSE colnames=FALSE nrow=101 ncol=2 as.numeric=TRUE >
			1580	668
			1581	668
			1582	668
			1583	667
			1584	667
			1585	667
			1586	667
			1587	667
			1588	666
			1589	666
			1590	666
			1591	666
			1592	666
			1593	665
			1594	665
			1595	665
			1596	665
			1597	665
			1598	664
			1599	664
			1600	664
			1601	664
			1602	664
			1603	663
			1604	663
			1605	663
			1606	663
			1607	662
			1608	662
			1609	662
			1610	662
			1611	662
			1611	661
			1612	661
			1613	661
			1614	661
			1615	661
			1616	660
			1617	660
			1618	660
			1619	660
			1620	659
			1621	659
			1622	659
			1623	659
			1624	659
			1624	658
			1625	658
			1626	658
			1627	658
			1628	657
			1629	657
			1630	657
			1631	657
			1632	656
			1633	656
			1634	656
			1635	655
			1636	655
			1637	655
			1638	655
			1639	654
			1640	654
			1641	654
			1642	654
			1643	653
			1644	653
			1645	653
			1646	653
			1647	652
			1648	652
			1649	651
			1650	651
			1651	651
			1652	651
			1653	650
			1654	650
			1655	650
			1656	649
			1657	649
			1658	649
			1659	648
			1660	648
			1661	648
			1662	647
			1663	647
			1664	647
			1665	646
			1666	646
			1667	646
			1668	645
			1669	645
			1670	645
			1671	644
			1672	644
			1673	644
			1674	643
			1675	643
			1676	643
			1677	642
			1678	642
		</caud_dors_post>
		<caud_vent_post type=matrix rownames=FALSE colnames=FALSE nrow=97 ncol=2 as.numeric=TRUE >
			1693	798
			1692	798
			1691	798
			1690	798
			1689	798
			1688	798
			1687	798
			1686	798
			1685	798
			1684	798
			1683	798
			1682	798
			1681	798
			1680	798
			1679	798
			1678	798
			1677	798
			1676	798
			1675	798
			1674	798
			1673	798
			1672	798
			1671	798
			1670	798
			1669	798
			1668	798
			1667	798
			1666	798
			1665	798
			1664	798
			1663	798
			1662	799
			1661	799
			1660	799
			1659	799
			1658	799
			1657	799
			1656	799
			1655	799
			1654	799
			1653	799
			1652	799
			1651	799
			1650	799
			1649	799
			1648	799
			1647	799
			1646	799
			1645	799
			1644	799
			1643	799
			1642	799
			1641	799
			1640	800
			1639	800
			1638	800
			1637	800
			1636	800
			1635	800
			1634	800
			1633	800
			1632	800
			1631	800
			1630	800
			1629	800
			1628	800
			1627	800
			1626	800
			1625	800
			1624	801
			1623	801
			1622	801
			1621	801
			1620	801
			1619	801
			1618	801
			1617	801
			1616	801
			1615	801
			1614	801
			1613	801
			1612	802
			1611	802
			1610	802
			1609	802
			1608	802
			1607	802
			1606	802
			1605	802
			1604	802
			1603	802
			1602	802
			1601	803
			1600	803
			1599	803
			1598	803
			1597	803
		</caud_vent_post>
		<caudal_vent_ant type=matrix rownames=FALSE colnames=FALSE nrow=124 ncol=2 as.numeric=TRUE >
			1597	803
			1596	803
			1595	803
			1594	804
			1593	804
			1592	804
			1591	804
			1590	805
			1589	805
			1588	805
			1587	806
			1586	806
			1585	806
			1584	807
			1583	807
			1582	807
			1581	807
			1580	808
			1579	808
			1578	808
			1577	809
			1576	809
			1575	809
			1574	809
			1573	810
			1572	810
			1571	810
			1570	811
			1569	811
			1568	811
			1567	812
			1566	812
			1565	812
			1564	812
			1563	813
			1562	813
			1561	813
			1560	814
			1559	814
			1558	814
			1557	815
			1556	815
			1555	815
			1554	816
			1553	816
			1552	817
			1551	817
			1550	817
			1549	818
			1548	818
			1547	818
			1546	819
			1545	819
			1544	819
			1543	819
			1543	820
			1542	820
			1541	820
			1540	821
			1539	821
			1538	821
			1538	822
			1537	822
			1536	822
			1535	823
			1534	823
			1533	823
			1533	824
			1532	824
			1531	824
			1530	825
			1529	825
			1528	825
			1528	826
			1527	826
			1526	826
			1525	827
			1524	827
			1523	827
			1523	828
			1522	828
			1521	828
			1520	829
			1519	829
			1518	829
			1517	830
			1516	830
			1515	831
			1514	831
			1513	832
			1512	832
			1511	832
			1510	833
			1509	833
			1508	834
			1507	834
			1506	835
			1505	835
			1504	835
			1503	836
			1502	836
			1501	837
			1500	837
			1499	838
			1498	838
			1497	839
			1496	839
			1495	840
			1494	840
			1493	840
			1492	841
			1491	841
			1490	842
			1489	842
			1488	843
			1487	843
			1486	844
			1485	844
			1484	845
			1483	845
			1482	846
			1481	846
			1480	847
			1479	847
		</caudal_vent_ant>
		<anal type=matrix rownames=FALSE colnames=FALSE nrow=180 ncol=2 as.numeric=TRUE >
			1479	847
			1478	848
			1477	849
			1476	850
			1475	851
			1474	852
			1473	852
			1472	853
			1471	854
			1470	855
			1470	856
			1469	857
			1468	857
			1467	858
			1466	859
			1465	860
			1464	861
			1463	861
			1462	862
			1461	863
			1460	864
			1460	865
			1459	866
			1458	866
			1457	867
			1456	868
			1455	869
			1454	870
			1453	870
			1452	871
			1451	872
			1450	873
			1449	873
			1449	874
			1448	875
			1447	876
			1446	877
			1445	877
			1444	878
			1443	879
			1442	880
			1441	881
			1440	881
			1439	882
			1438	883
			1437	884
			1436	884
			1436	885
			1435	886
			1434	887
			1433	887
			1432	888
			1431	889
			1430	890
			1429	890
			1428	891
			1427	892
			1426	893
			1425	893
			1424	894
			1423	895
			1422	896
			1421	896
			1420	897
			1420	898
			1419	899
			1418	899
			1417	900
			1416	901
			1415	902
			1414	902
			1413	903
			1412	904
			1411	905
			1410	905
			1409	906
			1408	907
			1407	907
			1406	908
			1405	909
			1404	910
			1403	910
			1402	911
			1401	912
			1400	912
			1399	913
			1398	914
			1397	915
			1396	916
			1395	917
			1394	917
			1393	918
			1392	919
			1391	920
			1390	920
			1389	921
			1388	921
			1387	922
			1386	923
			1385	924
			1384	924
			1383	925
			1382	926
			1381	927
			1380	927
			1379	928
			1378	929
			1377	929
			1376	930
			1375	931
			1374	931
			1373	932
			1372	933
			1371	934
			1370	934
			1369	934
			1369	935
			1368	935
			1367	936
			1366	936
			1365	937
			1364	938
			1363	939
			1362	939
			1361	940
			1360	940
			1360	941
			1359	941
			1358	942
			1357	942
			1357	943
			1356	943
			1355	944
			1354	944
			1354	945
			1353	945
			1352	946
			1351	946
			1351	947
			1350	947
			1349	947
			1348	948
			1347	949
			1346	949
			1345	950
			1344	951
			1343	951
			1342	952
			1341	952
			1340	953
			1339	954
			1338	955
			1337	955
			1336	955
			1336	956
			1335	956
			1334	957
			1333	957
			1332	958
			1331	959
			1330	959
			1329	960
			1328	960
			1327	961
			1326	962
			1325	962
			1324	963
			1323	963
			1322	964
			1321	964
			1320	965
			1319	965
			1318	966
			1317	966
			1316	967
			1315	968
			1314	968
			1313	969
			1312	969
			1311	970
		</anal>
		<ventral_body type=matrix rownames=FALSE colnames=FALSE nrow=1162 ncol=2 as.numeric=TRUE >
			1311	970
			1310	971
			1309	971
			1309	972
			1308	973
			1307	974
			1306	974
			1305	975
			1304	976
			1304	977
			1303	977
			1302	978
			1301	979
			1300	980
			1299	981
			1298	982
			1297	983
			1296	984
			1295	985
			1294	986
			1293	987
			1292	988
			1291	989
			1290	990
			1290	991
			1289	992
			1288	993
			1287	994
			1286	995
			1285	996
			1284	997
			1283	998
			1282	999
			1281	1000
			1280	1001
			1280	1002
			1279	1003
			1278	1004
			1277	1005
			1276	1006
			1275	1007
			1274	1008
			1273	1009
			1272	1010
			1272	1011
			1271	1012
			1270	1013
			1269	1014
			1268	1015
			1267	1016
			1266	1017
			1266	1018
			1265	1019
			1264	1020
			1263	1021
			1262	1022
			1262	1023
			1261	1023
			1261	1024
			1261	1025
			1262	1025
			1263	1026
			1263	1027
			1264	1028
			1264	1029
			1265	1030
			1265	1031
			1266	1032
			1267	1033
			1267	1034
			1267	1035
			1267	1036
			1268	1036
			1268	1037
			1268	1038
			1268	1039
			1268	1040
			1268	1041
			1268	1042
			1268	1043
			1268	1044
			1268	1045
			1268	1046
			1267	1046
			1267	1047
			1267	1048
			1267	1049
			1266	1050
			1266	1051
			1266	1052
			1265	1053
			1265	1054
			1264	1054
			1264	1055
			1263	1056
			1263	1057
			1262	1058
			1261	1059
			1261	1060
			1260	1061
			1259	1062
			1258	1063
			1258	1064
			1257	1064
			1256	1065
			1255	1066
			1254	1067
			1253	1068
			1252	1069
			1251	1070
			1250	1070
			1249	1070
			1248	1070
			1247	1071
			1246	1071
			1245	1071
			1244	1071
			1243	1071
			1242	1071
			1241	1071
			1240	1071
			1239	1071
			1238	1072
			1237	1072
			1236	1072
			1235	1072
			1234	1072
			1233	1072
			1232	1072
			1231	1072
			1230	1072
			1229	1072
			1228	1073
			1227	1073
			1226	1073
			1225	1073
			1224	1073
			1223	1073
			1222	1073
			1221	1073
			1220	1073
			1219	1073
			1218	1073
			1217	1074
			1216	1074
			1215	1074
			1214	1074
			1213	1074
			1212	1074
			1211	1074
			1210	1074
			1209	1074
			1208	1074
			1207	1074
			1206	1074
			1205	1074
			1204	1075
			1203	1075
			1202	1075
			1201	1075
			1200	1075
			1199	1075
			1198	1075
			1197	1075
			1196	1075
			1195	1075
			1194	1075
			1193	1075
			1192	1075
			1191	1075
			1190	1075
			1189	1075
			1188	1075
			1187	1076
			1186	1076
			1185	1076
			1184	1076
			1183	1076
			1182	1076
			1181	1076
			1180	1076
			1179	1076
			1178	1076
			1177	1076
			1176	1076
			1175	1076
			1174	1076
			1173	1076
			1172	1076
			1171	1076
			1170	1076
			1169	1076
			1168	1076
			1167	1076
			1166	1077
			1165	1077
			1164	1077
			1163	1077
			1162	1077
			1161	1077
			1160	1077
			1159	1077
			1158	1077
			1157	1077
			1156	1077
			1155	1077
			1154	1077
			1153	1077
			1152	1077
			1151	1077
			1150	1077
			1149	1077
			1148	1077
			1147	1077
			1146	1077
			1145	1077
			1144	1077
			1143	1077
			1142	1077
			1141	1077
			1140	1077
			1139	1077
			1138	1077
			1137	1077
			1136	1077
			1135	1077
			1134	1077
			1133	1077
			1132	1077
			1131	1077
			1130	1077
			1129	1077
			1128	1077
			1127	1077
			1126	1078
			1125	1078
			1124	1078
			1123	1078
			1122	1078
			1121	1078
			1120	1078
			1119	1078
			1118	1078
			1117	1078
			1116	1078
			1115	1078
			1114	1078
			1113	1078
			1112	1078
			1111	1078
			1110	1078
			1109	1078
			1108	1078
			1107	1078
			1106	1078
			1105	1078
			1104	1078
			1103	1078
			1102	1078
			1101	1078
			1100	1078
			1099	1078
			1098	1078
			1097	1078
			1096	1078
			1095	1078
			1094	1078
			1093	1078
			1092	1078
			1091	1078
			1090	1078
			1089	1078
			1088	1078
			1087	1078
			1086	1078
			1085	1078
			1084	1078
			1083	1078
			1082	1078
			1081	1078
			1080	1078
			1079	1078
			1078	1078
			1077	1078
			1076	1078
			1075	1078
			1074	1078
			1073	1078
			1072	1078
			1071	1078
			1070	1078
			1069	1078
			1068	1078
			1067	1077
			1066	1077
			1065	1077
			1064	1077
			1063	1077
			1062	1077
			1061	1077
			1060	1077
			1059	1077
			1058	1077
			1057	1077
			1056	1077
			1055	1077
			1054	1077
			1053	1077
			1052	1077
			1051	1077
			1050	1077
			1049	1077
			1048	1077
			1047	1077
			1046	1077
			1045	1077
			1044	1077
			1043	1077
			1042	1077
			1041	1077
			1040	1077
			1039	1077
			1038	1077
			1037	1077
			1036	1077
			1035	1077
			1034	1077
			1033	1077
			1032	1077
			1031	1077
			1030	1077
			1029	1077
			1028	1077
			1027	1077
			1026	1077
			1025	1077
			1024	1077
			1023	1077
			1022	1077
			1021	1077
			1020	1077
			1019	1077
			1018	1077
			1017	1077
			1016	1077
			1015	1077
			1014	1077
			1013	1077
			1012	1076
			1011	1076
			1010	1076
			1009	1076
			1008	1076
			1007	1076
			1006	1076
			1005	1076
			1004	1076
			1003	1076
			1002	1076
			1001	1076
			1000	1076
			999	1076
			998	1076
			997	1076
			996	1076
			995	1076
			994	1076
			993	1076
			992	1076
			991	1076
			990	1076
			989	1076
			988	1076
			987	1076
			986	1076
			985	1076
			984	1076
			983	1075
			982	1075
			981	1075
			980	1075
			979	1075
			978	1075
			977	1075
			976	1075
			975	1075
			974	1075
			973	1075
			972	1075
			971	1075
			970	1075
			969	1075
			968	1075
			967	1075
			966	1075
			965	1075
			964	1075
			963	1075
			962	1074
			961	1074
			960	1074
			959	1074
			958	1074
			957	1074
			956	1074
			955	1074
			954	1074
			953	1074
			952	1074
			951	1074
			950	1074
			949	1074
			948	1074
			947	1074
			946	1074
			945	1073
			944	1073
			943	1073
			942	1073
			941	1073
			940	1073
			939	1073
			938	1073
			937	1073
			936	1073
			935	1073
			934	1073
			933	1073
			932	1073
			931	1073
			930	1072
			929	1072
			928	1072
			927	1072
			926	1072
			925	1072
			924	1072
			923	1072
			922	1072
			921	1072
			920	1072
			919	1072
			918	1072
			917	1071
			916	1071
			915	1071
			914	1071
			913	1071
			912	1071
			911	1071
			910	1071
			909	1071
			908	1071
			907	1071
			906	1071
			905	1070
			904	1070
			903	1070
			902	1070
			901	1070
			900	1070
			899	1070
			898	1070
			897	1070
			896	1070
			895	1070
			894	1070
			893	1069
			892	1069
			891	1069
			890	1069
			889	1069
			888	1069
			887	1069
			886	1069
			885	1069
			884	1069
			883	1068
			882	1068
			881	1068
			880	1068
			879	1068
			878	1068
			877	1068
			876	1068
			875	1068
			874	1068
			873	1067
			872	1067
			871	1067
			870	1067
			869	1067
			868	1067
			867	1067
			866	1067
			865	1067
			864	1067
			863	1066
			862	1066
			861	1066
			860	1066
			859	1066
			858	1066
			857	1066
			856	1066
			855	1066
			854	1065
			853	1065
			852	1065
			851	1065
			850	1065
			849	1065
			848	1065
			847	1065
			846	1065
			845	1064
			844	1064
			843	1064
			842	1064
			841	1064
			840	1064
			839	1064
			838	1064
			837	1063
			836	1063
			835	1063
			834	1063
			833	1063
			832	1063
			831	1063
			830	1063
			829	1062
			828	1062
			827	1062
			826	1062
			825	1062
			824	1062
			823	1062
			822	1062
			821	1061
			820	1061
			819	1061
			818	1061
			817	1061
			816	1061
			815	1061
			814	1061
			813	1060
			812	1060
			811	1060
			810	1060
			809	1060
			808	1060
			807	1060
			806	1059
			805	1059
			804	1059
			803	1059
			802	1059
			801	1059
			800	1059
			799	1058
			798	1058
			797	1058
			796	1058
			795	1058
			794	1058
			793	1058
			792	1058
			792	1057
			791	1057
			790	1057
			789	1057
			788	1057
			787	1057
			786	1057
			785	1056
			784	1056
			783	1056
			782	1056
			781	1056
			780	1056
			779	1056
			778	1055
			777	1055
			776	1055
			775	1055
			774	1055
			773	1055
			772	1054
			771	1054
			770	1054
			769	1054
			768	1054
			767	1054
			766	1054
			766	1053
			765	1053
			764	1053
			763	1053
			762	1053
			761	1053
			760	1053
			759	1052
			758	1052
			757	1052
			756	1052
			755	1052
			754	1052
			753	1051
			752	1051
			751	1051
			750	1051
			749	1051
			748	1051
			747	1050
			746	1050
			745	1050
			744	1050
			743	1050
			742	1050
			741	1049
			740	1049
			739	1049
			738	1049
			737	1049
			736	1049
			735	1048
			734	1048
			733	1048
			732	1048
			731	1048
			730	1048
			729	1047
			728	1047
			727	1047
			726	1047
			725	1047
			724	1046
			723	1046
			722	1046
			721	1046
			720	1046
			719	1046
			718	1045
			717	1045
			716	1045
			715	1045
			714	1045
			713	1044
			712	1044
			711	1044
			710	1044
			709	1044
			708	1043
			707	1043
			706	1043
			705	1043
			704	1043
			703	1043
			703	1042
			702	1042
			701	1042
			700	1042
			699	1042
			698	1042
			697	1041
			696	1041
			695	1041
			694	1041
			693	1041
			692	1040
			691	1040
			690	1040
			689	1040
			688	1040
			687	1040
			686	1039
			685	1039
			684	1039
			683	1039
			682	1039
			681	1038
			680	1038
			679	1038
			678	1038
			677	1038
			676	1037
			675	1037
			674	1037
			673	1037
			672	1037
			671	1037
			670	1036
			669	1036
			668	1036
			667	1036
			666	1036
			665	1036
			664	1035
			663	1035
			662	1035
			661	1035
			660	1035
			659	1035
			658	1034
			657	1034
			656	1034
			655	1034
			654	1034
			653	1034
			653	1033
			652	1033
			651	1033
			650	1033
			649	1033
			648	1033
			647	1033
			646	1032
			645	1032
			644	1032
			643	1032
			642	1032
			641	1031
			640	1031
			639	1031
			638	1031
			637	1031
			636	1031
			635	1031
			634	1030
			633	1030
			632	1030
			631	1030
			630	1030
			629	1030
			628	1030
			627	1029
			626	1029
			625	1029
			624	1029
			623	1029
			622	1029
			621	1029
			620	1028
			619	1028
			618	1028
			617	1028
			616	1028
			615	1028
			614	1028
			614	1027
			613	1027
			612	1027
			611	1027
			610	1027
			609	1027
			608	1027
			607	1027
			606	1026
			605	1026
			604	1026
			603	1026
			602	1026
			601	1026
			600	1026
			599	1026
			598	1026
			597	1025
			596	1025
			595	1025
			594	1025
			593	1025
			592	1025
			591	1025
			590	1025
			589	1025
			588	1025
			587	1024
			586	1024
			585	1024
			584	1024
			583	1024
			582	1024
			581	1024
			580	1024
			579	1024
			578	1024
			577	1024
			576	1024
			575	1024
			574	1024
			573	1024
			572	1024
			571	1024
			570	1024
			569	1024
			568	1024
			567	1024
			566	1024
			565	1024
			564	1024
			563	1024
			562	1024
			561	1024
			560	1023
			559	1023
			558	1023
			557	1022
			556	1022
			555	1022
			555	1021
			554	1021
			553	1021
			552	1020
			551	1020
			550	1019
			549	1019
			548	1018
			547	1018
			546	1018
			545	1017
			544	1017
			543	1017
			542	1016
			541	1016
			540	1015
			539	1015
			538	1015
			537	1014
			536	1014
			535	1013
			534	1013
			533	1013
			532	1012
			531	1012
			530	1012
			529	1011
			528	1011
			527	1011
			526	1010
			525	1010
			524	1010
			523	1009
			522	1009
			521	1009
			520	1008
			519	1008
			518	1008
			517	1007
			516	1007
			515	1007
			514	1006
			513	1006
			512	1006
			511	1006
			510	1005
			509	1005
			508	1005
			507	1004
			506	1004
			505	1003
			504	1003
			503	1003
			502	1003
			501	1002
			500	1002
			499	1002
			498	1002
			497	1001
			496	1001
			495	1000
			494	1000
			493	1000
			492	1000
			491	999
			490	999
			489	999
			488	999
			487	998
			486	998
			485	998
			484	997
			483	997
			482	997
			481	997
			480	996
			479	996
			478	996
			477	996
			476	995
			475	995
			474	995
			473	995
			472	994
			471	994
			470	994
			469	994
			468	993
			467	993
			466	993
			465	992
			464	992
			463	992
			462	992
			461	992
			460	991
			459	991
			458	991
			457	991
			456	991
			455	991
			455	990
			454	990
			453	990
			452	990
			451	990
			450	989
			449	989
			448	989
			447	989
			446	989
			445	989
			444	988
			443	988
			442	988
			441	988
			440	987
			439	987
			438	987
			437	987
			436	987
			435	987
			434	986
			433	986
			432	986
			431	986
			430	985
			429	985
			428	985
			427	985
			426	985
			425	985
			424	984
			423	984
			422	984
			421	984
			420	983
			419	983
			418	983
			417	983
			416	983
			415	982
			414	982
			413	982
			412	982
			411	982
			410	981
			409	981
			408	981
			407	981
			406	981
			405	980
			404	980
			403	980
			402	980
			401	979
			400	979
			399	979
			398	979
			397	979
			396	978
			395	978
			394	978
			393	978
			392	977
			391	977
			390	977
			389	977
			388	977
			387	976
			386	976
			385	976
			384	976
			383	976
			383	975
			382	975
			381	975
			380	975
			379	975
			378	974
			377	974
			376	974
			375	974
			374	974
			373	973
			372	973
			371	973
			370	973
			369	972
			368	972
			367	972
			366	972
			365	971
			364	971
			363	971
			362	970
			361	970
			360	969
			359	969
			358	969
			357	968
			356	968
			355	967
			354	967
			353	967
			352	966
			351	966
			350	965
			349	965
			348	965
			348	964
			347	964
			346	964
			346	963
			345	963
			344	963
			343	962
			342	962
			341	961
			340	961
			339	961
			338	960
			337	960
			336	959
			335	959
			334	958
			333	958
			332	957
			331	957
			330	957
			329	956
			328	956
			327	955
			326	954
			325	954
			324	954
			324	953
			323	953
			322	953
			322	952
			321	952
			320	952
			320	951
			319	951
			318	951
			318	950
			317	950
			316	950
			316	949
			315	949
			314	949
			314	948
			313	948
			312	948
			312	947
			311	947
			310	947
			310	946
			309	946
			308	945
			307	945
			306	944
			305	944
			304	943
			303	942
			302	942
			301	941
			300	941
			299	940
			298	940
			297	939
			296	939
			296	938
			295	938
			294	937
			293	937
			292	936
			291	936
			290	935
			289	935
			288	934
			287	933
			286	932
			285	932
			284	931
			283	930
			282	930
			281	929
			281	928
			280	928
			279	927
			278	926
			277	925
			277	924
			276	923
			276	922
			275	921
			274	920
			273	919
			273	918
			272	917
			272	916
			271	915
			271	914
			271	913
			270	912
			270	911
			270	910
			269	909
			269	908
			269	907
			268	906
			268	905
			268	904
			268	903
			267	902
			267	901
			267	900
			267	899
			267	898
			267	897
			267	896
			267	895
			267	894
			266	893
			266	892
			266	891
			266	890
			266	889
			266	888
			266	887
			266	886
			266	885
			267	884
			267	883
			267	882
			267	881
			267	880
			267	879
			267	878
			267	877
			267	876
			268	875
			268	874
			268	873
			268	872
			268	871
			268	870
			269	869
			269	868
			269	867
		</ventral_body>
		<operculum type=matrix rownames=FALSE colnames=FALSE nrow=107 ncol=2 as.numeric=TRUE >
			759	906
			758	905
			757	904
			756	903
			755	903
			754	902
			753	901
			753	900
			752	899
			751	898
			750	897
			750	896
			749	895
			749	894
			749	893
			748	893
			748	892
			747	891
			747	890
			747	889
			746	889
			746	888
			746	887
			745	886
			745	885
			745	884
			744	883
			744	882
			744	881
			743	880
			743	879
			743	878
			743	877
			742	876
			742	875
			742	874
			741	873
			741	872
			741	871
			741	870
			741	869
			740	868
			740	867
			740	866
			740	865
			740	864
			740	863
			740	862
			740	861
			740	860
			740	859
			740	858
			740	857
			740	856
			740	855
			740	854
			740	853
			740	852
			740	851
			741	850
			741	849
			741	848
			741	847
			741	846
			741	845
			741	844
			741	843
			741	842
			741	841
			741	840
			742	839
			742	838
			742	837
			742	836
			742	835
			742	834
			742	833
			743	832
			743	831
			743	830
			743	829
			743	828
			743	827
			744	826
			744	825
			744	824
			744	823
			745	822
			745	821
			745	820
			746	819
			746	818
			746	817
			747	816
			747	815
			747	814
			748	813
			748	812
			749	811
			749	810
			749	809
			750	808
			750	807
			751	806
			751	805
			752	804
			752	803
		</operculum>
	</curves.pixel>
</shapes>

